2 0.79609375 0.47734375 0.0578125 0.06328125
3 0.27578125 0.5046875 0.0609375 0.1171875
4 0.84375 0.58125 0.0609375 0.05390625
4 0.78046875 0.63046875 0.0234375 0.0359375
4 0.46796875 0.63515625 0.07109375 0.06328125
4 0.60859375 0.6421875 0.0609375 0.09453125
2 0.078125 0.65078125 0.075 0.09453125
4 0.5234375 0.653125 0.0609375 0.071875
4 0.75859375 0.72109375 0.040625 0.05390625
4 0.83671875 0.7546875 0.04765625 0.040625
4 0.5765625 0.7859375 0.06484375 0.04921875
4 0.540625 0.79765625 0.0546875 0.06328125
2 0.85703125 0.44375 0.05078125 0.06328125