0 0.56328125 0.45234375 0.04453125 0.04921875
0 0.75546875 0.4640625 0.034375 0.0453125
0 0.715625 0.52890625 0.06484375 0.05859375
0 0.6375 0.6078125 0.07109375 0.08125
0 0.67890625 0.67578125 0.08515625 0.08984375
0 0.4625 0.74296875 0.06796875 0.06328125
0 0.596875 0.321875 0.0578125 0.040625
0 0.6703125 0.34921875 0.0546875 0.0859375
0 0.66484375 0.3625 0.05078125 0.04921875
0 0.54921875 0.38046875 0.0375 0.0765625
0 0.6890625 0.41640625 0.06484375 0.04921875
0 0.596875 0.428125 0.0375 0.0453125