0 0.7140625 0.45703125 0.034375 0.0671875
0 0.734375 0.4890625 0.02734375 0.05859375
0 0.2265625 0.53828125 0.04453125 0.04921875
0 0.284375 0.05625 0.11875 0.0671875
0 0.31640625 0.55390625 0.115625 0.08125
0 0.7890625 0.58984375 0.040625 0.0453125
0 0.74453125 0.6015625 0.0546875 0.0765625
0 0.48828125 0.08984375 0.05078125 0.08125
0 0.096875 0.10546875 0.0921875 0.04921875
0 0.44921875 0.1125 0.06796875 0.06328125
0 0.48828125 0.1625 0.078125 0.0359375
0 0.10234375 0.20703125 0.06796875 0.05390625
0 0.36875 0.2140625 0.07109375 0.0765625
0 0.43046875 0.225 0.06484375 0.06328125
0 0.62421875 0.24296875 0.0578125 0.05390625
0 0.825 0.259375 0.0578125 0.0859375
0 0.08984375 0.26328125 0.06484375 0.0765625
0 0.4625 0.28359375 0.0546875 0.06328125
0 0.56484375 0.29296875 0.0609375 0.06328125
0 0.5359375 0.3421875 0.05078125 0.08984375
0 0.18671875 0.36953125 0.040625 0.071875
0 0.49140625 0.38046875 0.04453125 0.05859375
0 0.5390625 0.428125 0.05078125 0.071875
0 0.6765625 0.43046875 0.034375 0.05859375
0 0.290625 0.4484375 0.04453125 0.0671875