2 0.5265625 0.5890625 0.103125 0.0765625
2 0.37265625 0.71640625 0.09375 0.09140625
2 0.09140625 0.7546875 0.10078125 0.06953125
2 0.28828125 0.803125 0.1109375 0.06953125
2 0.334375 0.8125 0.228125 0.12265625
2 0.52890625 0.196875 0.115625 0.08671875
2 0.678125 0.2671875 0.1109375 0.0765625
2 0.0921875 0.98046875 0.103125 0.03359375
2 0.28828125 0.9515625 0.1109375 0.06953125
2 0.334375 0.9390625 0.23046875 0.11796875
2 0.52890625 0.0484375 0.115625 0.08671875
2 0.678125 0.009375 0.1125 0.01875