2 0.22109375 0.475 0.0546875 0.0859375
2 0.1890625 0.52734375 0.04453125 0.071875
2 0.3109375 0.540625 0.07109375 0.06328125
2 0.35703125 0.59453125 0.06796875 0.06328125
2 0.26171875 0.61484375 0.0609375 0.04921875
3 0.209375 0.61953125 0.0375 0.04921875
3 0.18203125 0.7296875 0.0578125 0.05390625
2 0.465625 0.07890625 0.04765625 0.05859375
2 0.49296875 0.153125 0.04765625 0.06328125
2 0.44375 0.3671875 0.04453125 0.04921875
2 0.3625 0.44609375 0.06484375 0.05390625
2 0.253125 0.44609375 0.05078125 0.08125