0 0.515625 0.4640625 0.04453125 0.0453125
0 0.45546875 0.46875 0.0609375 0.05390625
0 0.6734375 0.475 0.06796875 0.0671875
0 0.51875 0.515625 0.07109375 0.0671875
0 0.6578125 0.53125 0.06484375 0.071875
0 0.85234375 0.54921875 0.0578125 0.071875
0 0.23125 0.54921875 0.075 0.08125
0 0.4578125 0.55390625 0.06484375 0.08125
0 0.76328125 0.5609375 0.05078125 0.05859375
0 0.1734375 0.57421875 0.08125 0.10390625
0 0.575 0.596875 0.0546875 0.0765625
0 0.5203125 0.6015625 0.0546875 0.0671875
0 0.61015625 0.65078125 0.0375 0.05859375
0 0.2921875 0.67109375 0.0609375 0.08984375
0 0.35703125 0.74765625 0.0546875 0.06328125
0 0.7484375 0.8578125 0.0609375 0.0859375
0 0.46953125 0.09921875 0.075 0.071875
0 0.4765625 0.16015625 0.08125 0.04921875
0 0.596875 0.17109375 0.0578125 0.08984375
0 0.36875 0.21875 0.078125 0.10390625
0 0.4796875 0.24765625 0.06796875 0.08125
0 0.5546875 0.29921875 0.06796875 0.0859375
0 0.44921875 0.3359375 0.08125 0.0765625
0 0.65 0.3984375 0.0609375 0.0671875
0 0.75546875 0.403125 0.06796875 0.10390625