2 0.78125 0.48046875 0.053125 0.0625
2 0.8125 0.51953125 0.04296875 0.053125
2 0.68984375 0.52890625 0.06953125 0.0453125
2 0.64453125 0.56953125 0.0671875 0.0453125
2 0.740625 0.58671875 0.06015625 0.0359375
2 0.5359375 0.18046875 0.0453125 0.04296875
2 0.50703125 0.23828125 0.0453125 0.0453125
2 0.5578125 0.39921875 0.04296875 0.0359375
2 0.6390625 0.459375 0.0625 0.03828125
2 0.74765625 0.459375 0.05078125 0.06015625
2 0.5359375 0.06484375 0.0453125 0.04296875
2 0.50703125 0.015625 0.0484375 0.03125