4 0.9421875 0.13828125 0.0484375 0.0578125
4 0.91953125 0.5796875 0.04609375 0.0546875
4 0.6453125 0.68515625 0.0515625 0.0375
4 0.840625 0.82265625 0.05859375 0.0609375
4 0.4734375 0.8109375 0.03984375 0.03515625
3 0.44296875 0.7453125 0.0390625 0.0453125
3 0.34296875 0.71328125 0.0265625 0.0375
3 0.5203125 0.78515625 0.04921875 0.0484375
3 0.4375 0.84609375 0.028125 0.04375
2 0.50546875 0.88671875 0.0625 0.0640625
3 0.3546875 0.6734375 0.04921875 0.0390625
3 0.38671875 0.734375 0.03515625 0.0359375
3 0.64453125 0.9 0.065625 0.03828125
2 0.5515625 0.5578125 0.06015625 0.06015625
4 0.71328125 0.675 0.0578125 0.06171875
3 0.32109375 0.05859375 0.03828125 0.0359375
4 0.3515625 0.15390625 0.0453125 0.05390625