4 0.34453125 0.4875 0.0515625 0.0515625
4 0.625 0.22578125 0.065625 0.06015625
3 0.496875 0.071875 0.10703125 0.12265625
4 0.8 0.4578125 0.071875 0.07578125
4 0.7046875 0.41328125 0.05 0.053125
4 0.8484375 0.73671875 0.06875 0.05859375
2 0.62734375 0.94140625 0.2234375 0.1171875
3 0.58046875 0.6 0.0859375 0.1015625
3 0.38125 0.89921875 0.121875 0.121875
3 0.42578125 0.67109375 0.1171875 0.215625
3 0.38515625 0.2765625 0.1765625 0.1578125
4 0.4046875 0.4578125 0.04375 0.0671875
3 0.67890625 0.8109375 0.1234375 0.1046875