0 0.9078125 0.03984375 0.02265625 0.0296875
0 0.9359375 0.059375 0.01484375 0.0140625
4 0.2796875 0.37265625 0.01953125 0.046875
3 0.04921875 0.53515625 0.028125 0.0328125
4 0.06171875 0.678125 0.0359375 0.03359375
3 0.32109375 0.778125 0.03515625 0.03515625
1 0.625 0.41171875 0.03203125 0.053125
3 0.4421875 0.36484375 0.0265625 0.0375
3 0.66171875 0.7359375 0.02109375 0.03515625
3 0.40703125 0.58125 0.01328125 0.021875
4 0.803125 0.40859375 0.034375 0.034375
4 0.80625 0.46953125 0.025 0.0296875
3 0.18671875 0.234375 0.0234375 0.03671875
3 0.528125 0.71796875 0.0234375 0.03515625
3 0.2734375 0.590625 0.03046875 0.0421875