1 0.24296875 0.2078125 0.05234375 0.0515625
1 0.62109375 0.18515625 0.046875 0.03046875
1 0.67890625 0.17578125 0.0328125 0.021875
1 0.74375 0.3140625 0.13984375 0.04609375
1 0.484375 0.33046875 0.16171875 0.09140625
1 0.69765625 0.21171875 0.08515625 0.03671875
1 0.6078125 0.24296875 0.16640625 0.06640625
1 0.43359375 0.1546875 0.04921875 0.0328125
1 0.27109375 0.1484375 0.0578125 0.0359375
1 0.3578125 0.1671875 0.0796875 0.0546875
1 0.3171875 0.265625 0.0859375 0.0484375
1 0.16875 0.278125 0.05546875 0.06796875
1 0.2328125 0.3296875 0.0578125 0.07421875
1 0.10859375 0.27734375 0.05234375 0.06171875
1 0.5625 0.1671875 0.059375 0.03046875
1 0.51328125 0.19296875 0.05546875 0.02734375
1 0.815625 0.165625 0.06796875 0.06953125
1 0.72890625 0.25546875 0.05546875 0.03359375
1 0.37421875 0.3484375 0.0421875 0.02578125
1 0.6171875 0.334375 0.08515625 0.05859375
1 0.53671875 0.43203125 0.2046875 0.09296875
1 0.553125 0.575 0.1515625 0.17890625
1 0.3015625 0.5828125 0.11171875 0.059375
1 0.18359375 0.64375 0.14453125 0.115625
1 0.32734375 0.6546875 0.12109375 0.071875
1 0.69140625 0.5671875 0.06640625 0.065625
1 0.8390625 0.7765625 0.05 0.03984375
1 0.89765625 0.6421875 0.1 0.06796875
1 0.73515625 0.67109375 0.06328125 0.0390625
1 0.5515625 0.7296875 0.0609375 0.0453125
4 0.48515625 0.73046875 0.02109375 0.015625
3 0.45703125 0.69453125 0.04453125 0.01640625
3 0.3109375 0.73125 0.04140625 0.02421875
5 0.37265625 0.65234375 0.0171875 0.0140625
5 0.47578125 0.47890625 0.02109375 0.01171875
5 0.47890625 0.6421875 0.0140625 0.01015625
1 0.5984375 0.915625 0.17265625 0.0859375
4 0.37890625 0.84765625 0.0375 0.01796875
1 0.41796875 0.88359375 0.06328125 0.02890625
1 0.33359375 0.89765625 0.04921875 0.05546875
3 0.30390625 0.834375 0.03515625 0.01953125
1 0.18359375 0.81015625 0.1984375 0.15078125
3 0.66171875 0.13203125 0.11640625 0.0375
3 0.42890625 0.253125 0.13046875 0.05234375
1 0.91328125 0.71484375 0.1296875 0.06015625