4 0.7109375 0.5828125 0.0265625 0.01640625
4 0.71953125 0.60625 0.025 0.01328125
4 0.80859375 0.64765625 0.0296875 0.01796875
4 0.80625 0.684375 0.05 0.02578125
0 0.66328125 0.575 0.10078125 0.0671875
0 0.425 0.5828125 0.0609375 0.0546875
0 0.5421875 0.575 0.125 0.0609375
3 0.85 0.58515625 0.153125 0.08828125
3 0.271875 0.7359375 0.11796875 0.03515625
3 0.53046875 0.65234375 0.03515625 0.0203125
3 0.16328125 0.60703125 0.08984375 0.065625
3 0.3015625 0.5890625 0.109375 0.0546875
3 0.303125 0.9140625 0.1671875 0.09609375
3 0.5875 0.9734375 0.1921875 0.0390625
3 0.65234375 0.91015625 0.121875 0.02890625
3 0.73046875 0.890625 0.034375 0.02109375
3 0.77421875 0.8890625 0.0328125 0.01953125
3 0.8859375 0.67578125 0.08984375 0.07421875
3 0.653125 0.1109375 0.0453125 0.01796875
3 0.7015625 0.16796875 0.11484375 0.065625
3 0.4765625 0.2140625 0.31796875 0.08828125
3 0.86953125 0.1765625 0.05078125 0.0296875