4 0.5859375 0.05390625 0.0671875 0.05234375
3 0.18515625 0.0546875 0.0359375 0.05
3 0.45859375 0.24453125 0.06171875 0.05078125
3 0.2859375 0.0859375 0.0296875 0.028125
3 0.440625 0.128125 0.06171875 0.0703125
3 0.20625 0.2328125 0.0453125 0.03515625
3 0.68359375 0.17734375 0.05 0.03359375
3 0.66015625 0.053125 0.03046875 0.05078125
3 0.69140625 0.51953125 0.01953125 0.03046875
3 0.6265625 0.5 0.0265625 0.01875
3 0.36484375 0.921875 0.06015625 0.0328125
3 0.4765625 0.596875 0.025 0.03203125
3 0.62578125 0.2640625 0.03046875 0.04921875
3 0.53359375 0.28984375 0.03515625 0.0328125