5 0.32421875 0.66953125 0.0203125 0.02421875
5 0.50546875 0.6828125 0.01484375 0.02109375
5 0.375 0.77734375 0.01640625 0.028125
5 0.42265625 0.65859375 0.1203125 0.10546875
3 0.78203125 0.38828125 0.0390625 0.05625
3 0.759375 0.45625 0.0203125 0.03046875
3 0.2375 0.76875 0.0359375 0.03671875
3 0.23359375 0.68984375 0.0546875 0.0515625
5 0.59296875 0.6703125 0.18984375 0.246875
5 0.41484375 0.88046875 0.20703125 0.1328125
3 0.6296875 0.26875 0.090625 0.103125
3 0.9328125 0.73203125 0.04296875 0.0546875
3 0.77734375 0.86328125 0.0703125 0.071875
3 0.87421875 0.30703125 0.059375 0.0828125
5 0.8 0.03671875 0.028125 0.03515625