3 0.37421875 0.378125 0.021875 0.02734375
3 0.375 0.4953125 0.01875 0.01796875
3 0.39921875 0.57109375 0.0203125 0.0234375
3 0.5234375 0.54296875 0.03203125 0.0171875
3 0.53203125 0.5796875 0.0203125 0.01953125
3 0.4515625 0.33359375 0.01796875 0.01953125
3 0.41953125 0.30625 0.01484375 0.01640625
3 0.6734375 0.540625 0.02890625 0.02734375
3 0.403125 0.6859375 0.02578125 0.021875
3 0.45234375 0.815625 0.0296875 0.03828125
3 0.48828125 0.8046875 0.0296875 0.01953125
3 0.33984375 0.5859375 0.02109375 0.01796875
3 0.30546875 0.5265625 0.01953125 0.01796875
3 0.41953125 0.8640625 0.06328125 0.05625
3 0.3796875 0.43203125 0.02421875 0.02109375
3 0.39453125 0.46171875 0.02890625 0.01640625
3 0.446875 0.5546875 0.07734375 0.05546875
3 0.4703125 0.68203125 0.02734375 0.01875
3 0.53828125 0.13046875 0.02421875 0.01484375
3 0.6640625 0.09765625 0.015625 0.01796875
3 0.78125 0.13984375 0.0421875 0.03046875