4 0.44140625 0.39140625 0.034375 0.034375
4 0.434375 0.2796875 0.0421875 0.040625
4 0.578125 0.3109375 0.021875 0.0234375
4 0.3640625 0.3984375 0.021875 0.0296875
4 0.43671875 0.5421875 0.0421875 0.059375
4 0.7015625 0.5546875 0.0671875 0.0734375
4 0.6046875 0.4109375 0.034375 0.03125
4 0.8171875 0.5328125 0.03125 0.0296875
4 0.56484375 0.45625 0.0296875 0.05
4 0.640625 0.49609375 0.0265625 0.025
4 0.9625 0.5890625 0.0359375 0.0671875
4 0.51171875 0.5390625 0.0296875 0.0515625
4 0.3984375 0.72890625 0.0296875 0.0296875
4 0.5109375 0.75859375 0.0234375 0.0203125
4 0.4890625 0.6859375 0.0484375 0.0734375
4 0.5609375 0.6703125 0.0203125 0.0203125