3 0.36484375 0.48203125 0.0109375 0.0109375
3 0.16328125 0.61171875 0.009375 0.00859375
3 0.1328125 0.64453125 0.01171875 0.0125
3 0.50859375 0.65703125 0.0203125 0.01875
4 0.56328125 0.59765625 0.00859375 0.00703125
4 0.56875 0.6 0.0046875 0.003125
3 0.5765625 0.5234375 0.00859375 0.00625
3 0.81171875 0.71875 0.02578125 0.021875
3 0.52109375 0.8671875 0.0140625 0.0109375
3 0.38984375 0.53515625 0.01015625 0.009375
3 0.1171875 0.709375 0.0109375 0.0109375
3 0.1734375 0.7640625 0.01015625 0.0078125
3 0.65703125 0.8671875 0.00703125 0.00546875
3 0.8515625 0.6984375 0.0109375 0.0140625
3 0.74140625 0.15 0.009375 0.0078125
4 0.384375 0.58046875 0.00703125 0.0046875
3 0.60625 0.90546875 0.0125 0.009375
3 0.56015625 0.26328125 0.01328125 0.00859375
3 0.79453125 0.62421875 0.01015625 0.009375
3 0.88125 0.69296875 0.0140625 0.0109375
3 0.0296875 0.64140625 0.015625 0.01875
3 0.80625 0.7640625 0.00703125 0.00703125
3 0.0296875 0.68828125 0.009375 0.0140625