3 0.446875 0.334375 0.0078125 0.00703125
4 0.65703125 0.24375 0.0109375 0.00703125
3 0.634375 0.19140625 0.01875 0.01328125
3 0.67265625 0.19140625 0.015625 0.01015625
3 0.69140625 0.228125 0.0125 0.01015625
3 0.759375 0.16328125 0.0109375 0.00703125
3 0.82109375 0.759375 0.01796875 0.021875
3 0.2484375 0.65234375 0.01328125 0.009375
3 0.1453125 0.24453125 0.01875 0.0203125
3 0.11875 0.26328125 0.01328125 0.0171875
3 0.09921875 0.78671875 0.00703125 0.009375
3 0.23125 0.23984375 0.01328125 0.01015625
3 0.26875 0.2171875 0.01015625 0.0078125
4 0.21484375 0.1734375 0.01640625 0.0140625
3 0.38671875 0.23203125 0.01875 0.015625
3 0.109375 0.20703125 0.0171875 0.0125
3 0.82890625 0.2078125 0.0125 0.0125
3 0.08984375 0.6921875 0.0109375 0.01015625
3 0.08671875 0.72109375 0.00703125 0.00703125
3 0.1109375 0.25390625 0.00859375 0.00703125
3 0.80390625 0.8234375 0.00546875 0.0046875
3 0.65703125 0.09765625 0.01484375 0.01015625