4 0.16328125 0.69609375 0.0125 0.009375
3 0.475 0.91328125 0.01484375 0.00859375
3 0.76171875 0.80546875 0.02578125 0.02265625
4 0.78203125 0.703125 0.01328125 0.0109375
4 0.7875 0.69296875 0.0109375 0.00859375
3 0.7578125 0.90078125 0.028125 0.02578125
3 0.72734375 0.940625 0.0203125 0.021875
4 0.39609375 0.03359375 0.01015625 0.00625
3 0.075 0.609375 0.00859375 0.01015625
3 0.11171875 0.596875 0.0109375 0.01171875
3 0.1921875 0.76015625 0.02265625 0.0265625
4 0.87734375 0.60859375 0.00703125 0.00625
3 0.9578125 0.56875 0.00859375 0.01640625
3 0.94609375 0.35234375 0.0140625 0.021875
3 0.8421875 0.753125 0.01953125 0.0140625
3 0.784375 0.8703125 0.015625 0.01328125
2 0.128125 0.7296875 0.03671875 0.046875
4 0.6453125 0.3359375 0.00546875 0.0046875