1 0.3453125 0.57265625 0.04765625 0.03515625
1 0.32265625 0.62734375 0.0203125 0.01640625
1 0.325 0.65078125 0.05 0.0171875
1 0.38359375 0.6078125 0.01796875 0.02734375
1 0.35390625 0.62265625 0.0296875 0.02265625
1 0.3640625 0.6515625 0.01953125 0.01953125
1 0.34296875 0.67734375 0.03984375 0.0203125
1 0.390625 0.6984375 0.015625 0.015625
1 0.3671875 0.71484375 0.02734375 0.02578125
1 0.42421875 0.75 0.034375 0.040625
1 0.646875 0.54765625 0.01875 0.0140625
1 0.6546875 0.60234375 0.04765625 0.04609375
1 0.63046875 0.64765625 0.03515625 0.0359375
1 0.61640625 0.678125 0.04453125 0.01640625
1 0.596875 0.71171875 0.02421875 0.0171875
1 0.60078125 0.740625 0.0109375 0.01796875
1 0.5515625 0.77578125 0.040625 0.01171875
1 0.4015625 0.5640625 0.01640625 0.015625