0 0.3375 0.55625 0.0171875 0.0203125
0 0.75 0.63359375 0.02109375 0.0234375
0 0.14140625 0.80390625 0.0625 0.1515625
0 0.6265625 0.84296875 0.01640625 0.01875
0 0.75859375 0.809375 0.0171875 0.01875
0 0.30078125 0.69296875 0.01796875 0.02109375
0 0.41015625 0.6015625 0.0140625 0.01875
0 0.58125 0.559375 0.01796875 0.01953125
0 0.42421875 0.52421875 0.015625 0.01953125
0 0.459375 0.52421875 0.01953125 0.02265625
0 0.775 0.68828125 0.021875 0.021875
0 0.4921875 0.71171875 0.01953125 0.0203125
0 0.6515625 0.8453125 0.015625 0.02109375
0 0.6609375 0.87890625 0.015625 0.021875
0 0.46796875 0.90859375 0.015625 0.01640625
0 0.60625 0.94375 0.01171875 0.0140625
0 0.69296875 0.85625 0.0140625 0.01875
0 0.53046875 0.63515625 0.01796875 0.01953125