3 0.25390625 0.1671875 0.0078125 0.00546875
3 0.56171875 0.1125 0.02421875 0.0125
4 0.5234375 0.878125 0.01640625 0.00859375
3 0.28046875 0.365625 0.01484375 0.01171875
3 0.18203125 0.39140625 0.01328125 0.009375
3 0.13046875 0.29296875 0.01015625 0.009375
3 0.953125 0.45390625 0.00625 0.00859375
4 0.7296875 0.91328125 0.00546875 0.00390625
3 0.85859375 0.23515625 0.02109375 0.02109375
3 0.02578125 0.6515625 0.0078125 0.01171875
3 0.01953125 0.62890625 0.00546875 0.0078125
3 0.00859375 0.50234375 0.0078125 0.00859375
3 0.76796875 0.13515625 0.00859375 0.01015625
3 0.72734375 0.76875 0.01328125 0.0109375