3 0.81640625 0.15859375 0.01171875 0.0125
3 0.0671875 0.61328125 0.009375 0.0140625
3 0.940625 0.58984375 0.01328125 0.021875
3 0.69765625 0.84140625 0.02109375 0.0140625
3 0.66640625 0.59140625 0.01015625 0.0078125
3 0.04921875 0.5671875 0.009375 0.0109375
3 0.04765625 0.63359375 0.0109375 0.01484375
3 0.93359375 0.2375 0.0109375 0.0140625
3 0.62734375 0.9203125 0.015625 0.01328125
3 0.50078125 0.69765625 0.0078125 0.00625
3 0.01328125 0.44375 0.0078125 0.0125
3 0.9640625 0.3265625 0.009375 0.01171875
3 0.11171875 0.60234375 0.01171875 0.0109375