3 0.31875 0.334375 0.071875 0.0765625
3 0.3015625 0.1875 0.04375 0.0328125
3 0.43125 0.79453125 0.053125 0.05625
3 0.2578125 0.4671875 0.046875 0.0484375
3 0.18671875 0.3359375 0.0375 0.034375
3 0.471875 0.090625 0.0390625 0.04375
3 0.4109375 0.30546875 0.0703125 0.0703125
3 0.415625 0.6140625 0.0609375 0.0578125
3 0.48359375 0.67734375 0.065625 0.0421875
3 0.35546875 0.590625 0.034375 0.0359375
3 0.3828125 0.4515625 0.0390625 0.040625
3 0.3875 0.48828125 0.0546875 0.0390625
3 0.4171875 0.5484375 0.034375 0.0390625