3 0.3078125 0.7140625 0.0109375 0.00703125
3 0.33828125 0.71328125 0.01171875 0.00625
3 0.43359375 0.7578125 0.02421875 0.0203125
3 0.6484375 0.78359375 0.0171875 0.0140625
4 0.7390625 0.81171875 0.01640625 0.0109375
3 0.74296875 0.80078125 0.0203125 0.0125
3 0.753125 0.7921875 0.01796875 0.01015625
3 0.746875 0.78125 0.0234375 0.01875
3 0.41328125 0.890625 0.0375 0.0203125
4 0.50859375 0.134375 0.01796875 0.01171875
4 0.7515625 0.1125 0.01328125 0.0109375
3 0.35234375 0.309375 0.02734375 0.0171875
3 0.4046875 0.29375 0.0140625 0.009375
3 0.66328125 0.14453125 0.015625 0.009375
3 0.23984375 0.2390625 0.0234375 0.0125
3 0.2203125 0.2203125 0.02109375 0.01953125
3 0.18046875 0.2765625 0.0234375 0.0125
3 0.18125 0.26640625 0.0171875 0.0125
3 0.1671875 0.66484375 0.021875 0.015625
3 0.93359375 0.403125 0.02421875 0.0234375
3 0.15234375 0.2625 0.0203125 0.01328125
3 0.2171875 0.1359375 0.015625 0.0109375
3 0.83671875 0.37890625 0.0171875 0.01015625
3 0.515625 0.15546875 0.01328125 0.01015625
3 0.51640625 0.096875 0.015625 0.00859375
3 0.5171875 0.10625 0.01953125 0.01015625
3 0.390625 0.603125 0.01015625 0.00703125
3 0.68671875 0.675 0.01171875 0.0078125
3 0.78515625 0.6359375 0.01328125 0.01015625
3 0.12890625 0.40625 0.01484375 0.009375
4 0.06328125 0.38359375 0.01015625 0.0078125
3 0.0234375 0.69140625 0.01484375 0.0140625
3 0.01015625 0.65703125 0.0109375 0.01796875
3 0.28359375 0.8265625 0.0234375 0.0125
3 0.328125 0.846875 0.0203125 0.0109375
3 0.15390625 0.89296875 0.01484375 0.0109375
3 0.5375 0.871875 0.03125 0.01171875
3 0.6578125 0.80859375 0.009375 0.00859375
3 0.57578125 0.71796875 0.01640625 0.0125
3 0.9375 0.36015625 0.00859375 0.0140625
3 0.93828125 0.34453125 0.01015625 0.01171875
3 0.3203125 0.878125 0.0125 0.009375
3 0.02890625 0.31015625 0.01015625 0.01015625
3 0.24453125 0.25625 0.0109375 0.00625
3 0.2625 0.21640625 0.01875 0.0125
2 0.278125 0.1890625 0.04609375 0.03125
3 0.78515625 0.17734375 0.0109375 0.0078125
3 0.9125 0.24609375 0.0125 0.00703125
3 0.5640625 0.39140625 0.01484375 0.01015625
3 0.45078125 0.32109375 0.0109375 0.01015625
3 0.578125 0.62421875 0.02109375 0.01796875
3 0.3546875 0.6421875 0.009375 0.00546875
3 0.715625 0.890625 0.015625 0.009375
3 0.39296875 0.3578125 0.01484375 0.0171875
3 0.85078125 0.1734375 0.0109375 0.01015625
3 0.853125 0.78984375 0.0171875 0.015625