4 0.45859375 0.06875 0.0078125 0.0046875
4 0.57890625 0.4046875 0.00625 0.0046875
4 0.578125 0.4390625 0.00625 0.0046875
4 0.35546875 0.8046875 0.00546875 0.00390625
4 0.459375 0.84453125 0.0078125 0.00546875
4 0.7796875 0.596875 0.00703125 0.00390625
4 0.62109375 0.80859375 0.00625 0.00390625
3 0.92265625 0.29375 0.01171875 0.01640625
3 0.93671875 0.57890625 0.0125 0.01484375
3 0.79765625 0.6046875 0.02265625 0.015625
3 0.88046875 0.6828125 0.0109375 0.0140625
3 0.88671875 0.7140625 0.01015625 0.00859375
3 0.90703125 0.6859375 0.00703125 0.009375
3 0.70234375 0.8875 0.02109375 0.01171875
3 0.24296875 0.79453125 0.01171875 0.0109375
3 0.06953125 0.56171875 0.00703125 0.01015625
3 0.7890625 0.803125 0.01484375 0.0125
2 0.93984375 0.328125 0.02734375 0.05078125
3 0.96875 0.5125 0.00859375 0.0078125
3 0.95859375 0.58515625 0.00703125 0.009375
3 0.88125 0.56875 0.00859375 0.00625
3 0.75078125 0.6234375 0.01015625 0.00703125
3 0.1484375 0.6453125 0.01484375 0.01171875
4 0.21015625 0.59375 0.00546875 0.00390625
3 0.09140625 0.54765625 0.01015625 0.00859375
3 0.075 0.35078125 0.009375 0.01171875
3 0.06796875 0.48203125 0.00859375 0.00859375
3 0.05 0.5125 0.0078125 0.00859375
3 0.121875 0.678125 0.01640625 0.015625
3 0.27109375 0.86484375 0.0078125 0.00859375
4 0.11953125 0.615625 0.00859375 0.00625
3 0.1765625 0.5734375 0.00703125 0.00546875
3 0.040625 0.48359375 0.00625 0.0078125