4 0.371875 0.1359375 0.01484375 0.0078125
4 0.18203125 0.2 0.01328125 0.00859375
4 0.13359375 0.2453125 0.0125 0.01328125
3 0.21875 0.125 0.015625 0.009375
4 0.6671875 0.2 0.00859375 0.0046875
4 0.85859375 0.15 0.0234375 0.01328125
3 0.8296875 0.57109375 0.0125 0.009375
3 0.6765625 0.47578125 0.0109375 0.00703125
3 0.38828125 0.51640625 0.01015625 0.00625
3 0.28671875 0.5125 0.01796875 0.0109375
3 0.3 0.59140625 0.02890625 0.01875
3 0.21484375 0.56875 0.0140625 0.00703125
3 0.91015625 0.46171875 0.01796875 0.0109375
3 0.70859375 0.50859375 0.01953125 0.0125
3 0.71640625 0.53203125 0.0140625 0.009375
3 0.7203125 0.78515625 0.0328125 0.01796875
3 0.72109375 0.76328125 0.025 0.0140625
3 0.790625 0.8078125 0.0109375 0.00625
4 0.57578125 0.81875 0.01484375 0.0078125
4 0.55546875 0.85703125 0.015625 0.00859375
4 0.40390625 0.828125 0.02109375 0.01484375
4 0.3875 0.81171875 0.01328125 0.01015625
4 0.37421875 0.30703125 0.015625 0.01328125
3 0.61015625 0.475 0.02109375 0.015625
3 0.88203125 0.55 0.0125 0.009375
3 0.62890625 0.153125 0.01640625 0.0140625
3 0.6203125 0.8828125 0.0109375 0.0078125
3 0.3125 0.79140625 0.0078125 0.00703125
3 0.06796875 0.4859375 0.00625 0.00859375
4 0.83515625 0.35703125 0.00546875 0.00390625
3 0.1203125 0.21484375 0.01171875 0.01640625
3 0.35859375 0.23984375 0.01328125 0.0078125
3 0.70078125 0.17109375 0.01015625 0.00546875
3 0.8921875 0.60703125 0.01328125 0.009375
3 0.5859375 0.7890625 0.01953125 0.01015625
3 0.34765625 0.8609375 0.0140625 0.01015625
3 0.32734375 0.746875 0.01875 0.01328125
3 0.06796875 0.25625 0.00625 0.00703125
3 0.9578125 0.5640625 0.0046875 0.00390625
3 0.3375 0.79921875 0.00625 0.00546875