3 0.40546875 0.25 0.03125 0.02109375
3 0.93203125 0.359375 0.01015625 0.01015625
3 0.86875 0.2890625 0.01171875 0.01015625
3 0.784375 0.2359375 0.01328125 0.009375
3 0.5109375 0.13203125 0.015625 0.009375
3 0.3359375 0.57109375 0.015625 0.0109375
3 0.809375 0.69921875 0.01640625 0.01484375
3 0.32890625 0.71875 0.01015625 0.00703125
3 0.175 0.6546875 0.0203125 0.01640625
3 0.64609375 0.67265625 0.0109375 0.00859375
3 0.35859375 0.3796875 0.01484375 0.0078125
3 0.25625 0.7265625 0.01015625 0.00546875
3 0.2828125 0.76484375 0.01640625 0.0109375
3 0.65703125 0.82734375 0.0125 0.0078125
3 0.6265625 0.18046875 0.01328125 0.00859375
3 0.40546875 0.1328125 0.0109375 0.00625
3 0.8765625 0.60859375 0.01171875 0.009375
3 0.6265625 0.603125 0.01328125 0.0109375
3 0.584375 0.5828125 0.01015625 0.00703125
3 0.225 0.75390625 0.00859375 0.00625
3 0.15 0.72578125 0.0078125 0.00703125
3 0.1984375 0.71328125 0.0125 0.01171875
3 0.89375 0.1859375 0.0171875 0.01171875
3 0.928125 0.22265625 0.01484375 0.01015625