0 0.41796875 0.4671875 0.025 0.0375
0 0.53359375 0.36796875 0.0140625 0.02265625
0 0.58515625 0.334375 0.01484375 0.0265625
0 0.33671875 0.3625 0.0203125 0.0296875
0 0.3828125 0.53203125 0.0171875 0.0171875
0 0.51640625 0.4140625 0.0109375 0.0265625
0 0.484375 0.33125 0.0109375 0.0203125
0 0.54609375 0.26484375 0.0109375 0.02734375
0 0.4796875 0.2921875 0.0171875 0.0328125
0 0.4484375 0.24296875 0.02109375 0.02890625
0 0.60390625 0.41171875 0.0328125 0.0265625
0 0.6484375 0.38671875 0.02265625 0.02109375
0 0.671875 0.421875 0.0171875 0.02109375
0 0.6578125 0.45546875 0.01875 0.01640625
0 0.6234375 0.47734375 0.0171875 0.01640625
0 0.5953125 0.459375 0.0203125 0.02734375
0 0.45078125 0.37421875 0.0140625 0.0203125
0 0.4234375 0.38671875 0.00859375 0.025
0 0.3734375 0.4171875 0.01640625 0.02109375
0 0.31328125 0.55234375 0.02265625 0.02734375
0 0.2359375 0.540625 0.0296875 0.0328125
0 0.23984375 0.47578125 0.01640625 0.03515625
0 0.753125 0.5171875 0.0171875 0.025
0 0.5765625 0.2328125 0.02265625 0.03515625
0 0.51953125 0.3234375 0.01484375 0.02265625
0 0.509375 0.2875 0.0203125 0.02734375