0 0.58203125 0.4671875 0.025 0.0375
0 0.46640625 0.36796875 0.0140625 0.02265625
0 0.41484375 0.334375 0.01484375 0.0265625
0 0.66328125 0.3625 0.0203125 0.0296875
0 0.6171875 0.53203125 0.0171875 0.0171875
0 0.48359375 0.4140625 0.0109375 0.0265625
0 0.515625 0.33125 0.0109375 0.0203125
0 0.45390625 0.26484375 0.0109375 0.02734375
0 0.5203125 0.2921875 0.0171875 0.0328125
0 0.5515625 0.24296875 0.0203125 0.02890625
0 0.39609375 0.41171875 0.0328125 0.0265625
0 0.3515625 0.38671875 0.02265625 0.02109375
0 0.328125 0.421875 0.0171875 0.02109375
0 0.3421875 0.45546875 0.01875 0.01640625
0 0.3765625 0.47734375 0.0171875 0.01640625
0 0.4046875 0.459375 0.0203125 0.02734375
0 0.54921875 0.37421875 0.0140625 0.0203125
0 0.5765625 0.38671875 0.00859375 0.025
0 0.6265625 0.4171875 0.01640625 0.02109375
0 0.68671875 0.55234375 0.02265625 0.02734375
0 0.7640625 0.540625 0.0296875 0.0328125
0 0.76015625 0.47578125 0.01640625 0.03515625
0 0.246875 0.5171875 0.0171875 0.025
0 0.4234375 0.2328125 0.02109375 0.03515625
0 0.48046875 0.3234375 0.01484375 0.02265625
0 0.490625 0.2875 0.0203125 0.02734375