0 0.3453125 0.41953125 0.0171875 0.03515625
0 0.425 0.42421875 0.01875 0.0359375
0 0.47265625 0.43046875 0.01640625 0.0265625
0 0.3953125 0.5390625 0.0140625 0.0171875
0 0.4046875 0.51328125 0.0140625 0.0296875
0 0.434375 0.5640625 0.01484375 0.02265625
0 0.446875 0.53359375 0.0125 0.02734375
0 0.4984375 0.5921875 0.01015625 0.0203125
0 0.3734375 0.63359375 0.01015625 0.0171875
0 0.34921875 0.64453125 0.0109375 0.01484375
0 0.4203125 0.6421875 0.01484375 0.0234375
0 0.4421875 0.7109375 0.01015625 0.0203125
0 0.38203125 0.69765625 0.0109375 0.02109375
0 0.41328125 0.71328125 0.00625 0.0203125
0 0.40703125 0.7609375 0.0140625 0.0203125
0 0.3515625 0.76015625 0.0171875 0.025
0 0.3734375 0.7328125 0.0109375 0.03125
0 0.38984375 0.82890625 0.0140625 0.01484375
0 0.4109375 0.8109375 0.00859375 0.02265625
0 0.259375 0.68828125 0.01640625 0.02265625
0 0.31484375 0.45546875 0.0171875 0.03515625
0 0.4109375 0.303125 0.01015625 0.03125
0 0.39453125 0.3703125 0.01484375 0.0328125
0 0.46875 0.3765625 0.0109375 0.03125
0 0.45234375 0.459375 0.0140625 0.02734375
0 0.3609375 0.52265625 0.0140625 0.025
0 0.22890625 0.553125 0.0234375 0.0265625
0 0.415625 0.6828125 0.01875 0.0328125
0 0.303125 0.64296875 0.0140625 0.0265625
0 0.25703125 0.75703125 0.0265625 0.0203125
0 0.35546875 0.30703125 0.01484375 0.02109375
0 0.39453125 0.44921875 0.0140625 0.01640625
0 0.38046875 0.7734375 0.01484375 0.02265625
0 0.31796875 0.5953125 0.0171875 0.0203125
0 0.2984375 0.37421875 0.0109375 0.02265625
0 0.290625 0.41484375 0.0140625 0.0265625
0 0.45 0.3359375 0.0140625 0.0265625
0 0.4328125 0.24375 0.0109375 0.03125