0 0.42421875 0.365625 0.015625 0.01875
0 0.4203125 0.32109375 0.0125 0.015625
0 0.403125 0.484375 0.01171875 0.015625
0 0.415625 0.28828125 0.0140625 0.01875
0 0.37578125 0.36328125 0.01328125 0.01796875
0 0.38984375 0.6359375 0.01171875 0.01640625
0 0.384375 0.2953125 0.0125 0.01796875
0 0.453125 0.46640625 0.01328125 0.0203125
0 0.44609375 0.29140625 0.0109375 0.01640625
0 0.43671875 0.43203125 0.0125 0.015625
0 0.378125 0.26484375 0.01171875 0.01640625
0 0.39375 0.45625 0.0125 0.0171875
0 0.36015625 0.2390625 0.01171875 0.01640625
0 0.3046875 0.2703125 0.015625 0.02109375
0 0.31875 0.5484375 0.015625 0.0234375
0 0.27109375 0.37734375 0.0140625 0.0171875
0 0.3875 0.60234375 0.0125 0.01796875
0 0.40859375 0.69140625 0.0125 0.01875
0 0.4171875 0.19375 0.0140625 0.0203125
0 0.2625 0.3140625 0.015625 0.02109375
0 0.4984375 0.40703125 0.0140625 0.01796875
0 0.34765625 0.353125 0.015625 0.02265625
0 0.453125 0.54921875 0.0140625 0.01875
0 0.46640625 0.62421875 0.01171875 0.01796875
0 0.41171875 0.23671875 0.01328125 0.01796875
0 0.2625 0.2421875 0.01875 0.025
0 0.38046875 0.1953125 0.01328125 0.0203125
0 0.39375 0.1734375 0.01328125 0.01953125
0 0.471875 0.57109375 0.0125 0.0171875
0 0.4203125 0.6234375 0.01328125 0.0171875
0 0.346875 0.5734375 0.01328125 0.0203125
0 0.4515625 0.25390625 0.0140625 0.021875
0 0.38671875 0.7484375 0.01484375 0.0203125
0 0.340625 0.19140625 0.01796875 0.02421875
0 0.44296875 0.63125 0.0171875 0.025
0 0.4203125 0.1546875 0.0140625 0.01953125
0 0.43828125 0.8328125 0.015625 0.02421875
0 0.42890625 0.75625 0.0140625 0.02421875
0 0.4234375 0.57109375 0.0125 0.01796875
0 0.415625 0.125 0.01640625 0.01796875
0 0.4625 0.69765625 0.0125 0.0234375
0 0.38203125 0.4828125 0.01875 0.025
0 0.37109375 0.8359375 0.0203125 0.02578125
0 0.525 0.4703125 0.0125 0.01875
0 0.44453125 0.92734375 0.01484375 0.021875
0 0.44140625 0.71953125 0.01640625 0.02421875
0 0.40234375 0.95234375 0.01640625 0.02578125
0 0.478125 0.76328125 0.01640625 0.0265625
0 0.3921875 0.83828125 0.0203125 0.02734375
0 0.33671875 0.9109375 0.02265625 0.03671875
0 0.2984375 0.6859375 0.0265625 0.0578125
0 0.4921875 0.68359375 0.0140625 0.0265625
0 0.25703125 0.70546875 0.025 0.05703125
0 0.2359375 0.85703125 0.03203125 0.059375
0 0.48984375 0.96953125 0.02421875 0.0359375
0 0.5796875 0.3546875 0.02265625 0.046875
0 0.5375 0.36484375 0.0265625 0.04375
0 0.36328125 0.77265625 0.0140625 0.01953125