0 0.49140625 0.5921875 0.0125 0.01875
0 0.6625 0.44609375 0.0125 0.01875
0 0.5375 0.43203125 0.01328125 0.01953125
0 0.559375 0.68671875 0.01171875 0.015625
0 0.6078125 0.65078125 0.0125 0.01875
0 0.4921875 0.709375 0.0125 0.02265625
0 0.63359375 0.66484375 0.0140625 0.01875
0 0.54375 0.53984375 0.0125 0.01953125
0 0.54609375 0.8140625 0.0125 0.01796875
0 0.58515625 0.4375 0.0125 0.0171875
0 0.565625 0.8359375 0.0125 0.01796875
0 0.60859375 0.77578125 0.01171875 0.01640625
0 0.490625 0.81171875 0.0125 0.01796875
0 0.71328125 0.64921875 0.01328125 0.01640625
0 0.53828125 0.85078125 0.0140625 0.0203125
0 0.55859375 0.65 0.01171875 0.015625
0 0.52890625 0.7140625 0.01171875 0.01640625
0 0.55546875 0.57265625 0.0140625 0.01796875
0 0.62578125 0.37890625 0.0140625 0.0171875
0 0.5140625 0.8234375 0.0140625 0.02109375
0 0.6875 0.47421875 0.0140625 0.0203125
0 0.715625 0.7125 0.0140625 0.01875
0 0.59453125 0.74609375 0.01328125 0.0203125
0 0.59296875 0.34296875 0.0140625 0.01875
0 0.6203125 0.5296875 0.02421875 0.02734375
0 0.66796875 0.75078125 0.01484375 0.021875
0 0.53984375 0.8796875 0.01484375 0.01875
0 0.603125 0.25390625 0.01328125 0.021875
0 0.5078125 0.7890625 0.01328125 0.01875
0 0.55703125 0.7703125 0.0140625 0.01875
0 0.590625 0.7171875 0.01328125 0.01953125
0 0.55390625 0.45703125 0.0125 0.01796875
0 0.61484375 0.32109375 0.0125 0.01640625
0 0.6 0.55625 0.01484375 0.01953125
0 0.5828125 0.81796875 0.0140625 0.02109375
0 0.55 0.3796875 0.01328125 0.01875
0 0.621875 0.8234375 0.01640625 0.021875
0 0.690625 0.74921875 0.0125 0.01875
0 0.703125 0.78671875 0.021875 0.028125
0 0.63046875 0.8765625 0.015625 0.02109375
0 0.6078125 0.07734375 0.01796875 0.0265625
0 0.62578125 0.41328125 0.01640625 0.0203125
0 0.65234375 0.0625 0.0203125 0.03125
0 0.66796875 0.178125 0.02421875 0.02890625
0 0.7171875 0.403125 0.0140625 0.01796875
0 0.6453125 0.265625 0.01875 0.025
0 0.51171875 0.66328125 0.0203125 0.0359375
0 0.47265625 0.52421875 0.015625 0.02109375
0 0.60234375 0.175 0.01796875 0.02578125
0 0.6609375 0.8859375 0.015625 0.021875
0 0.5625 0.30625 0.015625 0.0234375
0 0.571875 0.3328125 0.0171875 0.02578125
0 0.565625 0.9046875 0.0171875 0.02265625
0 0.51484375 0.90078125 0.021875 0.02734375
0 0.51953125 0.746875 0.01640625 0.025