3 0.80078125 0.72734375 0.025 0.01796875
3 0.13125 0.265625 0.015625 0.01328125
3 0.86640625 0.6609375 0.01484375 0.009375
3 0.975 0.6265625 0.0125 0.01015625
3 0.26171875 0.159375 0.025 0.015625
3 0.0546875 0.503125 0.0171875 0.015625
3 0.090625 0.2046875 0.00625 0.00546875
3 0.04453125 0.2359375 0.01015625 0.009375
3 0.1796875 0.14765625 0.0140625 0.0078125
3 0.20859375 0.11328125 0.01484375 0.00859375
3 0.57109375 0.46796875 0.01484375 0.01015625
3 0.23515625 0.1265625 0.00625 0.0046875
3 0.98984375 0.52109375 0.0078125 0.00546875
3 0.98671875 0.53046875 0.0078125 0.00625
3 0.33828125 0.81875 0.01796875 0.0125
4 0.35234375 0.86640625 0.00546875 0.00390625
3 0.94453125 0.5203125 0.0046875 0.00390625