3 0.175 0.61875 0.01171875 0.009375
3 0.13828125 0.6515625 0.02265625 0.01640625
3 0.0984375 0.61875 0.02109375 0.01875
3 0.18671875 0.7046875 0.01796875 0.01484375
3 0.259375 0.71796875 0.028125 0.01953125
3 0.22421875 0.71171875 0.01640625 0.01484375
3 0.22265625 0.81875 0.01484375 0.01015625
3 0.51640625 0.8625 0.0328125 0.025
4 0.721875 0.8875 0.01171875 0.009375
4 0.70234375 0.934375 0.01015625 0.01015625
4 0.72734375 0.81171875 0.0171875 0.01171875
4 0.78125 0.7765625 0.01640625 0.0140625
3 0.8 0.7125 0.015625 0.01171875
3 0.82734375 0.71875 0.0140625 0.01171875
2 0.859375 0.6546875 0.040625 0.04921875
3 0.065625 0.61484375 0.0203125 0.02421875
3 0.10390625 0.690625 0.0125 0.0109375
3 0.1015625 0.66796875 0.00390625 0.003125
3 0.1015625 0.725 0.01171875 0.01640625
3 0.65234375 0.7203125 0.01015625 0.009375
3 0.95078125 0.36875 0.00859375 0.02421875
2 0.959375 0.29921875 0.01796875 0.04921875
3 0.8109375 0.69453125 0.015625 0.0109375
3 0.6859375 0.83515625 0.0109375 0.00859375
3 0.69765625 0.82890625 0.00703125 0.00625
3 0.65859375 0.803125 0.01171875 0.0109375
3 0.3109375 0.9328125 0.01328125 0.01015625
3 0.25234375 0.74453125 0.01953125 0.0140625
3 0.96015625 0.41484375 0.0078125 0.01484375
3 0.75703125 0.89609375 0.01953125 0.01328125
3 0.26640625 0.67734375 0.0109375 0.00625
3 0.78359375 0.7234375 0.01015625 0.0078125
3 0.8890625 0.6984375 0.01328125 0.01875
3 0.8984375 0.66640625 0.01171875 0.03046875