4 0.3078125 0.04765625 0.00703125 0.00546875
4 0.33515625 0.06328125 0.0109375 0.00859375
4 0.303125 0.071875 0.009375 0.00703125
4 0.28515625 0.1125 0.015625 0.01328125
4 0.33046875 0.0875 0.01796875 0.01171875
4 0.3671875 0.08046875 0.00859375 0.00625
4 0.47421875 0.128125 0.0140625 0.01015625
4 0.56953125 0.1296875 0.01015625 0.00625
4 0.671875 0.0875 0.009375 0.00546875
4 0.03984375 0.365625 0.01015625 0.009375
4 0.99375 0.40390625 0.00703125 0.0078125
4 0.91171875 0.609375 0.0109375 0.01015625
4 0.90625 0.57890625 0.01484375 0.01640625
4 0.8296875 0.53515625 0.0109375 0.0109375
4 0.78984375 0.525 0.0078125 0.00703125
4 0.809375 0.73671875 0.0109375 0.01015625
4 0.771875 0.78984375 0.01484375 0.0109375
4 0.76953125 0.76640625 0.0109375 0.009375
4 0.76953125 0.83984375 0.0171875 0.01328125
4 0.871875 0.85703125 0.01015625 0.0140625
4 0.50546875 0.6796875 0.0140625 0.009375
4 0.18359375 0.8328125 0.0140625 0.01015625
4 0.1921875 0.6625 0.0109375 0.0078125
4 0.428125 0.35625 0.00859375 0.00625
4 0.11953125 0.66875 0.00625 0.0046875
3 0.08828125 0.18359375 0.021875 0.02421875
3 0.0921875 0.1625 0.015625 0.01484375
3 0.18046875 0.121875 0.0109375 0.00703125
3 0.1 0.125 0.01796875 0.0109375
2 0.0328125 0.29921875 0.02578125 0.0375
2 0.0734375 0.25625 0.034375 0.05
3 0.1359375 0.3375 0.01328125 0.00859375
4 0.01015625 0.33203125 0.00625 0.00703125
3 0.665625 0.14765625 0.01328125 0.01015625
3 0.77421875 0.1140625 0.0234375 0.01484375
2 0.78828125 0.08125 0.04609375 0.0359375
3 0.83203125 0.06953125 0.01796875 0.0125
3 0.78125 0.19453125 0.0078125 0.00625
3 0.83671875 0.20859375 0.009375 0.00859375
2 0.9515625 0.3328125 0.053125 0.08984375
3 0.85859375 0.31796875 0.0140625 0.00859375
3 0.86015625 0.30078125 0.0125 0.00703125
3 0.59140625 0.5015625 0.01171875 0.01171875
3 0.91796875 0.74140625 0.01640625 0.01796875
4 0.79453125 0.7578125 0.0078125 0.00546875
4 0.82890625 0.7578125 0.00546875 0.0046875
4 0.8515625 0.7046875 0.00546875 0.00546875
3 0.85234375 0.8640625 0.0125 0.01484375
3 0.85390625 0.8703125 0.0140625 0.01015625
2 0.84140625 0.90078125 0.04453125 0.03125
4 0.73125 0.87421875 0.00859375 0.009375
2 0.13046875 0.8828125 0.0375 0.03359375
3 0.2 0.88359375 0.0125 0.0140625
4 0.11796875 0.85703125 0.00859375 0.00703125
3 0.33515625 0.8765625 0.0125 0.0078125
3 0.184375 0.69765625 0.01796875 0.0171875
3 0.12421875 0.73359375 0.01640625 0.01328125
3 0.19296875 0.56484375 0.01484375 0.0140625
3 0.075 0.575 0.0125 0.0125
3 0.05625 0.565625 0.0078125 0.00859375
4 0.071875 0.59140625 0.00859375 0.00625
3 0.23359375 0.540625 0.0109375 0.009375
3 0.1546875 0.5515625 0.0109375 0.00859375
4 0.4203125 0.734375 0.00703125 0.00625
3 0.95859375 0.43828125 0.00703125 0.009375
3 0.18515625 0.21328125 0.00703125 0.0046875
3 0.49609375 0.22109375 0.01484375 0.00859375
3 0.875 0.671875 0.0109375 0.0109375
3 0.925 0.715625 0.01015625 0.0125
3 0.80703125 0.78359375 0.01171875 0.0078125
3 0.9109375 0.8296875 0.01328125 0.015625
3 0.709375 0.85703125 0.0265625 0.021875
3 0.309375 0.859375 0.0171875 0.01015625
3 0.25859375 0.853125 0.01328125 0.01015625
3 0.22890625 0.83828125 0.009375 0.0078125
3 0.25078125 0.89609375 0.0125 0.01015625
3 0.1671875 0.8671875 0.01796875 0.021875
3 0.16953125 0.903125 0.0203125 0.02890625
3 0.04453125 0.725 0.00859375 0.0109375
3 0.115625 0.70703125 0.0109375 0.01171875
3 0.42109375 0.46953125 0.0109375 0.01171875
3 0.553125 0.16796875 0.0125 0.00703125
4 0.73125 0.95 0.0234375 0.0234375
4 0.7828125 0.1328125 0.01015625 0.0078125
3 0.59921875 0.7109375 0.01015625 0.0078125
3 0.58984375 0.71171875 0.00546875 0.00546875
3 0.0734375 0.83125 0.01328125 0.0140625