3 0.709375 0.8921875 0.02734375 0.01875
4 0.6671875 0.88125 0.0140625 0.0109375
3 0.7359375 0.91640625 0.01953125 0.01796875
3 0.334375 0.74453125 0.02265625 0.01953125
3 0.3203125 0.72734375 0.02734375 0.02421875
4 0.3390625 0.6390625 0.01328125 0.01171875
3 0.6234375 0.69375 0.01015625 0.00859375
3 0.39375 0.5484375 0.00859375 0.0078125
3 0.22578125 0.56640625 0.0140625 0.0140625
3 0.6859375 0.02890625 0.015625 0.01171875
3 0.81875 0.6921875 0.0109375 0.01015625
4 0.66796875 0.62109375 0.01171875 0.00625
4 0.5125 0.95546875 0.00546875 0.00390625
3 0.9109375 0.63515625 0.01171875 0.009375