3 0.59453125 0.275 0.0140625 0.009375
3 0.86015625 0.19296875 0.01484375 0.00859375
3 0.76171875 0.13984375 0.01171875 0.00703125
3 0.78984375 0.20234375 0.00546875 0.00390625
3 0.26015625 0.09765625 0.00625 0.00390625
3 0.21015625 0.62734375 0.0109375 0.00625
3 0.321875 0.61875 0.00859375 0.00625
3 0.88359375 0.515625 0.00546875 0.003125
3 0.86328125 0.71875 0.01328125 0.0109375
3 0.82578125 0.77421875 0.0125 0.0125
3 0.8078125 0.81328125 0.01484375 0.01015625
3 0.69140625 0.8453125 0.01171875 0.00703125
3 0.83515625 0.80546875 0.0078125 0.00625
3 0.24765625 0.26484375 0.0109375 0.0078125
3 0.67109375 0.67734375 0.00703125 0.0046875
3 0.55234375 0.10859375 0.01015625 0.00625
3 0.80859375 0.159375 0.0140625 0.0078125
3 0.9640625 0.59375 0.009375 0.0109375
3 0.90078125 0.6796875 0.0125 0.0125
3 0.84296875 0.75546875 0.01953125 0.01953125
3 0.32421875 0.8515625 0.0078125 0.00703125
3 0.31484375 0.86953125 0.009375 0.00859375
3 0.37421875 0.8578125 0.0125 0.00703125
3 0.0671875 0.36171875 0.0078125 0.009375
3 0.115625 0.321875 0.0078125 0.0109375
3 0.975 0.571875 0.009375 0.0078125
3 0.9171875 0.68828125 0.00859375 0.0109375
3 0.8015625 0.8375 0.0109375 0.0078125
3 0.72890625 0.81484375 0.01171875 0.00546875
3 0.615625 0.24921875 0.015625 0.0109375
3 0.9265625 0.3671875 0.0078125 0.0109375
3 0.19921875 0.75078125 0.01171875 0.00859375
3 0.27890625 0.70703125 0.009375 0.009375
3 0.271875 0.7296875 0.00703125 0.00546875