3 0.7171875 0.23515625 0.02109375 0.0203125
3 0.19765625 0.2828125 0.01015625 0.00703125
4 0.2796875 0.87109375 0.03515625 0.02265625
3 0.2953125 0.7609375 0.009375 0.01015625
3 0.14765625 0.77734375 0.02578125 0.01953125
3 0.10625 0.53671875 0.01484375 0.009375
4 0.46328125 0.7109375 0.0046875 0.0046875
3 0.353125 0.85234375 0.0109375 0.009375
3 0.315625 0.909375 0.02109375 0.0109375
3 0.3890625 0.87734375 0.009375 0.00546875
3 0.92890625 0.609375 0.00546875 0.00703125
3 0.23828125 0.8296875 0.0140625 0.0109375
3 0.60546875 0.2015625 0.0234375 0.01875
3 0.33671875 0.74765625 0.01015625 0.00703125
3 0.73046875 0.85546875 0.015625 0.015625
3 0.7546875 0.2625 0.02265625 0.01796875
3 0.81953125 0.834375 0.02265625 0.02109375
3 0.09921875 0.871875 0.02421875 0.0234375
3 0.09609375 0.8265625 0.0046875 0.00390625
3 0.06484375 0.253125 0.01015625 0.01328125
4 0.66796875 0.7421875 0.025 0.01875
3 0.66328125 0.90390625 0.01484375 0.0125