3 0.45546875 0.34921875 0.02734375 0.01484375
3 0.3046875 0.634375 0.00703125 0.00625
3 0.928125 0.3328125 0.01015625 0.01953125
3 0.36796875 0.85234375 0.0203125 0.0140625
3 0.10625 0.5546875 0.02421875 0.01640625
3 0.07578125 0.56875 0.0203125 0.01640625
3 0.5515625 0.0765625 0.0125 0.00625
3 0.965625 0.53828125 0.0125 0.0234375
3 0.09609375 0.234375 0.01875 0.0203125
3 0.5109375 0.278125 0.0078125 0.0046875
3 0.253125 0.82890625 0.015625 0.01015625
3 0.1453125 0.07578125 0.01875 0.0125
3 0.06796875 0.3828125 0.00859375 0.01328125