3 0.80625 0.6171875 0.01640625 0.0125
3 0.25078125 0.6515625 0.01015625 0.00546875
3 0.71484375 0.615625 0.0140625 0.0078125
4 0.5828125 0.91875 0.009375 0.00703125
3 0.1484375 0.61328125 0.01796875 0.01484375
3 0.12265625 0.64765625 0.01328125 0.0125
3 0.12578125 0.68125 0.0109375 0.01015625
3 0.8828125 0.3625 0.009375 0.009375
4 0.5765625 0.15234375 0.01328125 0.009375
3 0.503125 0.33984375 0.01796875 0.01171875
3 0.85 0.6625 0.01640625 0.0125
3 0.82578125 0.703125 0.01328125 0.0125
3 0.77734375 0.6875 0.009375 0.00625
3 0.51171875 0.11484375 0.0125 0.0078125