0 0.084375 0.19609375 0.0296875 0.040625
0 0.05859375 0.446875 0.0359375 0.03828125
0 0.15703125 0.39140625 0.059375 0.05703125
0 0.42734375 0.52265625 0.0640625 0.053125
0 0.55 0.39765625 0.03125 0.03984375
0 0.63046875 0.66640625 0.021875 0.05546875
0 0.65859375 0.61796875 0.0234375 0.02890625
0 0.8640625 0.5265625 0.03203125 0.0359375
0 0.7328125 0.33203125 0.0234375 0.034375
0 0.55078125 0.5953125 0.01796875 0.025
0 0.3609375 0.66328125 0.0453125 0.04140625
0 0.096875 0.546875 0.03359375 0.0390625
0 0.215625 0.47890625 0.03515625 0.04375