0 0.68046875 0.5484375 0.01796875 0.02578125
0 0.603125 0.6703125 0.01171875 0.01640625
0 0.63828125 0.68515625 0.01171875 0.015625
0 0.56484375 0.690625 0.0140625 0.01640625
0 0.55703125 0.7203125 0.01640625 0.01484375
0 0.4953125 0.75234375 0.01015625 0.015625
0 0.42578125 0.71953125 0.015625 0.0171875
0 0.4828125 0.7140625 0.015625 0.021875
0 0.41015625 0.62109375 0.0140625 0.0234375
0 0.43671875 0.58515625 0.01953125 0.01953125
0 0.434375 0.6296875 0.015625 0.01796875
0 0.38984375 0.71875 0.0171875 0.021875
0 0.53671875 0.68984375 0.0171875 0.01953125
0 0.6734375 0.715625 0.0171875 0.02265625
0 0.6078125 0.715625 0.01484375 0.02265625
0 0.50078125 0.46015625 0.0171875 0.02265625
0 0.546875 0.4625 0.0171875 0.0171875
0 0.56640625 0.44609375 0.01796875 0.0265625