0 0.63671875 0.659375 0.0453125 0.08125
0 0.090625 0.20703125 0.040625 0.0609375
0 0.1625 0.39140625 0.0421875 0.0703125
0 0.36015625 0.66171875 0.05625 0.071875
0 0.74140625 0.9234375 0.0515625 0.071875
0 0.43046875 0.53046875 0.075 0.103125
0 0.21171875 0.478125 0.03515625 0.0375
0 0.09609375 0.54765625 0.0390625 0.0453125
0 0.053125 0.45234375 0.03125 0.0453125
0 0.8640625 0.525 0.02734375 0.05078125
0 0.29296875 0.096875 0.03359375 0.0453125
0 0.54765625 0.39375 0.03515625 0.0375
0 0.7359375 0.33359375 0.03125 0.03359375
0 0.40234375 0.0796875 0.02890625 0.0390625