2 0.71796875 0.03828125 0.0453125 0.03828125
2 0.72421875 0.13515625 0.04375 0.071875
2 0.665625 0.19453125 0.0515625 0.07109375
3 0.42421875 0.228125 0.0546875 0.06015625
1 0.8 0.26328125 0.0375 0.040625
1 0.4171875 0.52421875 0.03828125 0.040625
1 0.4609375 0.71484375 0.03203125 0.04375
1 0.596875 0.62265625 0.04453125 0.0453125
4 0.4671875 0.59921875 0.03515625 0.0375
3 0.86328125 0.36171875 0.1 0.084375
4 0.675 0.53671875 0.0796875 0.04765625
3 0.53828125 0.5296875 0.03984375 0.04609375
3 0.51015625 0.64375 0.078125 0.03046875
3 0.51953125 0.23828125 0.1125 0.0875
0 0.23125 0.609375 0.171875 0.096875
3 0.76953125 0.07578125 0.03984375 0.05625