0 0.22265625 0.51171875 0.0484375 0.06015625
0 0.21953125 0.5890625 0.046875 0.05390625
0 0.23671875 0.653125 0.0234375 0.02890625
0 0.29453125 0.23671875 0.03984375 0.0390625
0 0.425 0.340625 0.02578125 0.028125
0 0.36875 0.3125 0.03046875 0.03203125
0 0.45546875 0.3234375 0.02734375 0.025
0 0.54375 0.33125 0.04140625 0.04453125
0 0.57421875 0.28203125 0.03203125 0.0296875
0 0.63515625 0.19765625 0.03203125 0.0328125
0 0.78046875 0.2 0.03671875 0.04609375
0 0.71328125 0.1515625 0.03046875 0.03125
0 0.753125 0.3046875 0.03125 0.05703125
0 0.79375 0.3171875 0.01796875 0.021875
0 0.42890625 0.6234375 0.034375 0.03359375
0 0.32578125 0.38125 0.03046875 0.028125
0 0.37421875 0.42890625 0.03046875 0.02734375
0 0.42578125 0.43984375 0.0359375 0.04921875
0 0.49140625 0.46328125 0.02265625 0.01953125
0 0.5328125 0.41875 0.02109375 0.0171875
0 0.36796875 0.57421875 0.0171875 0.0203125
0 0.42421875 0.578125 0.01953125 0.02265625
0 0.45390625 0.55859375 0.02890625 0.01875
0 0.44921875 0.6859375 0.02890625 0.02890625
0 0.63984375 0.4890625 0.021875 0.02421875
0 0.70390625 0.3578125 0.03359375 0.034375
0 0.659375 0.31328125 0.02578125 0.0234375
0 0.62421875 0.28515625 0.0203125 0.03125
0 0.4234375 0.265625 0.0453125 0.0390625
0 0.89765625 0.13984375 0.04140625 0.03359375
0 0.7875 0.090625 0.03359375 0.02734375
0 0.59375 0.421875 0.03125 0.034375