3 0.62578125 0.09296875 0.0171875 0.00859375
3 0.553125 0.13046875 0.01328125 0.0078125
3 0.32109375 0.14375 0.009375 0.0078125
3 0.7515625 0.1921875 0.00546875 0.0046875
3 0.76328125 0.19453125 0.00546875 0.0046875
3 0.95 0.446875 0.0078125 0.01015625
3 0.9765625 0.4640625 0.01015625 0.015625
3 0.80078125 0.49765625 0.009375 0.00625
3 0.85 0.50390625 0.00546875 0.003125
4 0.846875 0.54140625 0.00859375 0.0046875
3 0.89296875 0.546875 0.0046875 0.00390625
3 0.871875 0.5421875 0.00546875 0.003125
4 0.38984375 0.325 0.00703125 0.00703125
3 0.19375 0.15234375 0.0078125 0.0046875
2 0.0828125 0.2796875 0.03125 0.0375
4 0.12578125 0.2828125 0.00625 0.0046875
4 0.11171875 0.6 0.00703125 0.00625
3 0.778125 0.803125 0.0078125 0.00625
3 0.221875 0.159375 0.01875 0.0109375
3 0.525 0.1078125 0.01953125 0.00859375
4 0.60859375 0.1796875 0.01015625 0.00703125
3 0.67734375 0.19765625 0.0203125 0.01015625
3 0.9296875 0.31171875 0.0140625 0.01796875
3 0.93984375 0.35 0.01484375 0.01640625
3 0.9 0.53203125 0.0140625 0.00859375
3 0.84296875 0.69375 0.0203125 0.01875
3 0.90390625 0.68828125 0.01015625 0.0109375
3 0.109375 0.68671875 0.0125 0.009375
3 0.1375 0.71015625 0.01015625 0.0078125
3 0.10859375 0.6640625 0.01328125 0.009375
3 0.20234375 0.5671875 0.00859375 0.00546875
3 0.0328125 0.36796875 0.0125 0.01171875
3 0.0484375 0.325 0.00625 0.009375
3 0.04296875 0.3484375 0.009375 0.01015625
3 0.7546875 0.7015625 0.01328125 0.01171875
3 0.76640625 0.71328125 0.01015625 0.009375
3 0.7125 0.83203125 0.01484375 0.01171875
3 0.0109375 0.43984375 0.00703125 0.0078125
3 0.0390625 0.31796875 0.0109375 0.01640625
3 0.38359375 0.18984375 0.021875 0.015625
3 0.40703125 0.18046875 0.02734375 0.01640625