2 0.484375 0.36171875 0.084375 0.05390625
3 0.171875 0.58828125 0.0328125 0.0203125
4 0.18984375 0.81015625 0.0140625 0.01484375
4 0.66328125 0.8609375 0.01796875 0.01875
3 0.26875 0.940625 0.0234375 0.01328125
3 0.90859375 0.66171875 0.01484375 0.0328125
3 0.68125 0.2828125 0.02890625 0.01953125
3 0.640625 0.93046875 0.0171875 0.01484375
4 0.475 0.24765625 0.0109375 0.00859375
3 0.76328125 0.21796875 0.01640625 0.01328125
3 0.73828125 0.190625 0.01015625 0.00859375
3 0.1140625 0.825 0.0109375 0.01015625
3 0.17890625 0.1171875 0.0171875 0.0109375
3 0.3984375 0.23359375 0.01015625 0.0078125
3 0.646875 0.2265625 0.01015625 0.0078125
4 0.89140625 0.31015625 0.0078125 0.01015625
3 0.034375 0.64140625 0.009375 0.0125
3 0.1953125 0.859375 0.015625 0.01015625
3 0.70546875 0.91640625 0.015625 0.0109375
3 0.19453125 0.61875 0.015625 0.0125
3 0.63828125 0.565625 0.0109375 0.00859375
3 0.2234375 0.72890625 0.0078125 0.00625
3 0.20234375 0.9046875 0.03203125 0.02578125