3 0.8078125 0.06015625 0.01328125 0.01171875
4 0.5640625 0.26015625 0.00703125 0.0046875
4 0.4953125 0.30390625 0.0125 0.00859375
4 0.36796875 0.5875 0.009375 0.01015625
4 0.28984375 0.56953125 0.00625 0.0046875
3 0.61640625 0.55234375 0.0265625 0.021875
3 0.40546875 0.47578125 0.01328125 0.01171875
4 0.71328125 0.57421875 0.01015625 0.00625
4 0.70390625 0.5984375 0.0078125 0.00703125
4 0.7796875 0.59765625 0.00859375 0.00859375
3 0.66796875 0.515625 0.01875 0.01640625
3 0.69609375 0.5609375 0.0234375 0.0140625
4 0.09765625 0.61171875 0.00546875 0.00703125
4 0.51171875 0.93203125 0.009375 0.0046875
3 0.6796875 0.83828125 0.0109375 0.01015625
3 0.71171875 0.8421875 0.0109375 0.0078125
4 0.921875 0.63203125 0.0171875 0.01875
3 0.64375 0.6984375 0.009375 0.00859375
3 0.15390625 0.6046875 0.015625 0.0125
3 0.07578125 0.6421875 0.0125 0.0109375
3 0.28125 0.59296875 0.01015625 0.0078125
3 0.1671875 0.6890625 0.009375 0.0078125
3 0.8125 0.68984375 0.0046875 0.0046875
3 0.896875 0.703125 0.01328125 0.01484375
3 0.94140625 0.35859375 0.009375 0.0140625
3 0.48671875 0.215625 0.0109375 0.0078125
3 0.8546875 0.1734375 0.00703125 0.00390625
3 0.48984375 0.5 0.01640625 0.009375
3 0.86484375 0.7015625 0.01875 0.01640625
3 0.43828125 0.2421875 0.0078125 0.00703125
3 0.0703125 0.62109375 0.01171875 0.01640625