2 0.31796875 0.20390625 0.0515625 0.0296875
2 0.83828125 0.740625 0.04453125 0.0609375
3 0.34453125 0.61953125 0.01875 0.01328125
3 0.2546875 0.771875 0.0203125 0.015625
3 0.23828125 0.81640625 0.0203125 0.0125
2 0.240625 0.85 0.03359375 0.03203125
3 0.45703125 0.8 0.0265625 0.01171875
3 0.45078125 0.83671875 0.0171875 0.00859375
2 0.6578125 0.87578125 0.06171875 0.0171875
2 0.7171875 0.82265625 0.0453125 0.02890625
3 0.75703125 0.82578125 0.02265625 0.01640625
2 0.75703125 0.79921875 0.04765625 0.02421875
2 0.828125 0.85625 0.03671875 0.03203125
3 0.184375 0.7703125 0.0125 0.01171875
4 0.440625 0.21640625 0.0109375 0.00625
3 0.565625 0.1125 0.01015625 0.0078125
3 0.89296875 0.16875 0.0171875 0.015625
3 0.8734375 0.1625 0.0125 0.0109375
3 0.20703125 0.1484375 0.01484375 0.0109375
3 0.9515625 0.365625 0.0109375 0.0109375
3 0.38984375 0.2859375 0.01796875 0.0125
3 0.23515625 0.2359375 0.0125 0.00859375
3 0.49140625 0.2578125 0.0109375 0.0078125
3 0.5859375 0.2421875 0.0125 0.00703125
4 0.5921875 0.11015625 0.01953125 0.0078125
2 0.9390625 0.265625 0.03359375 0.03046875
3 0.915625 0.63671875 0.01171875 0.0109375
3 0.47890625 0.834375 0.015625 0.009375
3 0.43046875 0.8234375 0.02578125 0.01328125
3 0.28359375 0.775 0.0125 0.01015625
3 0.23671875 0.6765625 0.02265625 0.0140625
3 0.52734375 0.35859375 0.0078125 0.00546875
4 0.5671875 0.60390625 0.01328125 0.0109375
3 0.6828125 0.84453125 0.02890625 0.01640625
3 0.278125 0.87421875 0.01328125 0.00859375
3 0.31953125 0.809375 0.01171875 0.0078125
3 0.73984375 0.8578125 0.0140625 0.01484375
3 0.5171875 0.8171875 0.0109375 0.00703125
4 0.23671875 0.7859375 0.0109375 0.00859375
3 0.0140625 0.52109375 0.00703125 0.00859375
4 0.42578125 0.36328125 0.0078125 0.00546875