0 0.60078125 0.95859375 0.0859375 0.0828125
0 0.6515625 0.35703125 0.071875 0.0875
0 0.6734375 0.5921875 0.02109375 0.02265625
0 0.58828125 0.496875 0.0203125 0.01796875
0 0.725 0.4859375 0.0203125 0.01796875
0 0.7234375 0.7015625 0.02265625 0.02265625
0 0.58671875 0.38984375 0.0234375 0.0171875
0 0.75078125 0.66875 0.02265625 0.021875
0 0.815625 0.49453125 0.0203125 0.0203125
0 0.6578125 0.7421875 0.02578125 0.03125
0 0.753125 0.59765625 0.01953125 0.01875
0 0.7109375 0.7640625 0.02421875 0.03046875
0 0.86796875 0.659375 0.01875 0.0203125
0 0.64140625 0.6578125 0.02578125 0.0265625
0 0.6171875 0.771875 0.0203125 0.02265625
0 0.7375 0.82109375 0.02421875 0.0296875
0 0.81875 0.82890625 0.0140625 0.01640625
0 0.8265625 0.44765625 0.0203125 0.01875
0 0.48828125 0.54140625 0.0234375 0.01953125
0 0.8984375 0.690625 0.02265625 0.025
0 0.5484375 0.71796875 0.01640625 0.01796875
0 0.51640625 0.85859375 0.021875 0.0265625
0 0.32265625 0.72109375 0.03046875 0.03046875
0 0.484375 0.73125 0.03984375 0.03984375
0 0.92578125 0.64609375 0.021875 0.02578125
0 0.8828125 0.7875 0.01875 0.02109375
0 0.47265625 0.553125 0.028125 0.025
0 0.95390625 0.73515625 0.01484375 0.01796875
0 0.33828125 0.521875 0.0265625 0.025
0 0.84609375 0.3859375 0.021875 0.01640625
0 0.87421875 0.390625 0.02421875 0.01875
0 0.7640625 0.86875 0.02265625 0.02734375
0 0.92421875 0.75078125 0.02265625 0.028125
0 0.565625 0.57109375 0.034375 0.028125
0 0.80078125 0.35625 0.02265625 0.01953125
0 0.46953125 0.453125 0.01875 0.02578125
0 0.4140625 0.62890625 0.025 0.02109375
0 0.915625 0.9328125 0.01640625 0.021875
0 0.44609375 0.91953125 0.0375 0.0359375
0 0.6484375 0.3140625 0.02265625 0.01875
0 0.540625 0.3609375 0.0296875 0.01953125