0 0.32734375 0.94765625 0.071875 0.09375
0 0.1890625 0.32109375 0.1515625 0.0796875
0 0.37265625 0.33515625 0.0609375 0.0796875
0 0.47109375 0.384375 0.0984375 0.065625
0 0.23984375 0.559375 0.07265625 0.0484375
0 0.415625 0.484375 0.046875 0.03125
0 0.39921875 0.3390625 0.1296875 0.10859375
0 0.29375 0.45703125 0.06015625 0.046875
0 0.4234375 0.559375 0.04140625 0.03359375
0 0.19140625 0.4453125 0.03125 0.02890625
0 0.5125 0.54921875 0.0421875 0.03828125
0 0.33359375 0.63515625 0.0328125 0.03203125
0 0.24609375 0.665625 0.0296875 0.028125
0 0.65546875 0.54765625 0.02578125 0.02734375
0 0.2515625 0.7265625 0.028125 0.03203125
0 0.21640625 0.7796875 0.0265625 0.03125
0 0.18515625 0.3984375 0.021875 0.0203125
0 0.48203125 0.7328125 0.03359375 0.0359375
0 0.11171875 0.590625 0.046875 0.046875
0 0.30625 0.7140625 0.034375 0.040625
0 0.05703125 0.578125 0.02578125 0.0265625
0 0.31484375 0.4046875 0.02890625 0.040625
0 0.2265625 0.6265625 0.0234375 0.0234375
0 0.3140625 0.565625 0.025 0.02578125
0 0.28125 0.453125 0.02109375 0.0203125
0 0.34140625 0.75078125 0.02265625 0.0265625
0 0.0765625 0.6265625 0.0265625 0.02578125
0 0.640625 0.7453125 0.025 0.0296875
0 0.55625 0.63203125 0.04609375 0.03671875
0 0.3640625 0.34296875 0.01953125 0.0171875
0 0.4265625 0.8515625 0.02265625 0.02734375
0 0.18125 0.82421875 0.0234375 0.02734375
0 0.4859375 0.9203125 0.0375 0.0359375
0 0.1484375 0.334375 0.02734375 0.01640625
0 0.0421875 0.6828125 0.02734375 0.0296875
0 0.0765625 0.72421875 0.021875 0.02265625
0 0.50625 0.5421875 0.02109375 0.0203125
0 0.22578125 0.3109375 0.02265625 0.0171875
0 0.13359375 0.775 0.0171875 0.01796875
0 0.5390625 0.45625 0.0171875 0.02109375
0 0.1765625 0.33359375 0.02109375 0.015625
0 0.38125 0.29375 0.0203125 0.01640625
0 0.484375 0.7828125 0.01796875 0.01796875
0 0.021875 0.859375 0.01640625 0.0234375
0 0.46015625 0.6546875 0.04140625 0.02109375