0 0.346875 0.371875 0.034375 0.0359375
0 0.41484375 0.3046875 0.04140625 0.03203125
0 0.44921875 0.1734375 0.05625 0.0453125
0 0.6359375 0.0953125 0.046875 0.04453125
0 0.6265625 0.25 0.03125 0.0328125
0 0.721875 0.19140625 0.03203125 0.034375
0 0.721875 0.128125 0.03828125 0.0453125
0 0.56484375 0.0171875 0.03515625 0.021875
0 0.63046875 0.365625 0.021875 0.0265625
0 0.671875 0.2984375 0.03203125 0.03359375
0 0.678125 0.64140625 0.0375 0.0421875
0 0.57890625 0.6046875 0.04140625 0.0375
0 0.49140625 0.56484375 0.02734375 0.03046875
0 0.41484375 0.4859375 0.03984375 0.03671875
0 0.39921875 0.4078125 0.03515625 0.03125
0 0.49453125 0.4203125 0.015625 0.025
0 0.5296875 0.3890625 0.03359375 0.034375
0 0.4640625 0.89609375 0.053125 0.0578125
0 0.353125 0.66640625 0.0359375 0.053125
0 0.69453125 0.43828125 0.03046875 0.028125
0 0.978125 0.22890625 0.01875 0.034375
0 0.80859375 0.3484375 0.03203125 0.04296875
0 0.43515625 0.79140625 0.03828125 0.0328125
0 0.47734375 0.7296875 0.01796875 0.0421875
0 0.621875 0.946875 0.03359375 0.0453125
0 0.315625 0.959375 0.025 0.0296875