3 0.35078125 0.4265625 0.0046875 0.0046875
3 0.1734375 0.50078125 0.01484375 0.00859375
3 0.11953125 0.50546875 0.01328125 0.01015625
3 0.2125 0.6609375 0.015625 0.01484375
3 0.7 0.73515625 0.01640625 0.0140625
3 0.84375 0.5265625 0.0109375 0.00703125
3 0.56796875 0.28984375 0.0140625 0.0109375
3 0.07578125 0.28359375 0.0078125 0.0109375
3 0.61015625 0.1421875 0.01328125 0.01015625
3 0.5421875 0.18984375 0.00703125 0.0046875
3 0.3125 0.06875 0.00703125 0.0046875
3 0.16484375 0.14921875 0.0078125 0.00625
3 0.39765625 0.13203125 0.00625 0.00546875
3 0.421875 0.2640625 0.0109375 0.00859375
3 0.08203125 0.56015625 0.0078125 0.009375
3 0.0484375 0.54921875 0.00703125 0.00859375
3 0.08203125 0.5953125 0.0125 0.0109375
3 0.12734375 0.6734375 0.01484375 0.0109375
3 0.128125 0.63359375 0.01015625 0.01015625
3 0.18515625 0.72734375 0.01015625 0.0109375
3 0.19921875 0.7734375 0.01328125 0.0140625
3 0.2296875 0.79140625 0.01328125 0.0109375
3 0.796875 0.67578125 0.01171875 0.0125
4 0.734375 0.89765625 0.00859375 0.0109375
3 0.68125 0.93125 0.01171875 0.009375
3 0.46171875 0.89140625 0.01015625 0.00625
3 0.7640625 0.034375 0.01484375 0.01015625
3 0.7421875 0.86015625 0.00625 0.00703125