4 0.321875 0.85390625 0.02109375 0.01484375
3 0.309375 0.87734375 0.02109375 0.0140625
3 0.371875 0.875 0.02734375 0.02109375
3 0.39609375 0.9171875 0.0203125 0.0140625
3 0.41328125 0.9046875 0.0171875 0.0125
3 0.4765625 0.8765625 0.01015625 0.00859375
4 0.53125 0.91875 0.00859375 0.00625
4 0.46875 0.91953125 0.01328125 0.009375
3 0.8390625 0.7171875 0.0140625 0.0125
3 0.3453125 0.63984375 0.01796875 0.02109375
4 0.3859375 0.61875 0.0078125 0.00625
3 0.121875 0.59375 0.01640625 0.01484375
3 0.41484375 0.3484375 0.0234375 0.01640625
3 0.2796875 0.51953125 0.00546875 0.0046875
3 0.721875 0.70234375 0.0109375 0.01015625
3 0.66875 0.778125 0.0109375 0.0078125
3 0.328125 0.175 0.015625 0.01328125
3 0.20625 0.20625 0.0171875 0.01328125
3 0.57109375 0.196875 0.0140625 0.01015625
3 0.534375 0.425 0.02265625 0.01640625
3 0.43203125 0.8921875 0.01875 0.01875
3 0.24375 0.87734375 0.01171875 0.00625
3 0.24921875 0.8734375 0.0078125 0.00703125
3 0.25859375 0.875 0.01015625 0.00859375
3 0.228125 0.10859375 0.00859375 0.00625
3 0.60546875 0.3359375 0.01796875 0.01171875
3 0.659375 0.9 0.00625 0.00546875