3 0.34296875 0.290625 0.0203125 0.01328125
3 0.728125 0.2296875 0.0171875 0.0109375
4 0.38125 0.2609375 0.01640625 0.0109375
4 0.246875 0.7296875 0.01015625 0.00625
4 0.3375 0.8703125 0.0109375 0.00859375
4 0.7328125 0.6828125 0.0109375 0.0078125
3 0.15078125 0.7015625 0.01328125 0.01171875
4 0.36796875 0.584375 0.01328125 0.00859375
4 0.89609375 0.34296875 0.00625 0.00625
3 0.76171875 0.65703125 0.0171875 0.01015625
4 0.3265625 0.81484375 0.00859375 0.00546875
3 0.70546875 0.5875 0.01640625 0.009375
3 0.45625 0.8578125 0.01640625 0.0125
3 0.37265625 0.8859375 0.0140625 0.00703125
3 0.3015625 0.75234375 0.01484375 0.01171875
3 0.72421875 0.6453125 0.01015625 0.00703125
3 0.82734375 0.64921875 0.0109375 0.00859375
4 0.56015625 0.88984375 0.01171875 0.00546875
3 0.32109375 0.75234375 0.0109375 0.0125
3 0.68828125 0.2578125 0.01171875 0.009375
3 0.7984375 0.64453125 0.01015625 0.00625
3 0.80703125 0.59453125 0.0109375 0.00625
3 0.12578125 0.709375 0.01015625 0.009375
3 0.296875 0.6625 0.0109375 0.00703125
3 0.19453125 0.57734375 0.01796875 0.00859375
3 0.87265625 0.60234375 0.0109375 0.0078125
3 0.8078125 0.825 0.01328125 0.01015625
4 0.60859375 0.12421875 0.0109375 0.00703125
3 0.98046875 0.55390625 0.00546875 0.0109375
3 0.1765625 0.7625 0.0078125 0.0109375
3 0.1796875 0.78203125 0.01015625 0.0109375