5 0.484375 0.42890625 0.0265625 0.01171875
5 0.6203125 0.4234375 0.01484375 0.0125
5 0.5734375 0.35078125 0.01484375 0.0109375
5 0.578125 0.3796875 0.01484375 0.01171875
5 0.41953125 0.45390625 0.021875 0.0140625
5 0.54609375 0.1953125 0.02265625 0.01796875
5 0.67734375 0.31328125 0.0171875 0.021875
4 0.81953125 0.746875 0.0203125 0.02109375
4 0.74609375 0.86875 0.0203125 0.02265625
4 0.35234375 0.76328125 0.0203125 0.01171875
3 0.70234375 0.6515625 0.03046875 0.040625
3 0.6328125 0.27734375 0.0375 0.0390625
3 0.7453125 0.32265625 0.03359375 0.0203125
3 0.553125 0.68046875 0.03046875 0.028125
5 0.8875 0.6671875 0.02265625 0.0203125
3 0.45625 0.32734375 0.04296875 0.03671875
4 0.77734375 0.7546875 0.01953125 0.0125
3 0.53046875 0.803125 0.02734375 0.02109375
3 0.25546875 0.6484375 0.028125 0.01640625
3 0.75703125 0.6140625 0.028125 0.02578125
3 0.33671875 0.85703125 0.04609375 0.02421875
3 0.9203125 0.56875 0.0203125 0.0421875
3 0.828125 0.66640625 0.03359375 0.025
3 0.48203125 0.90859375 0.0296875 0.0421875
3 0.353125 0.3375 0.03125 0.03359375
3 0.29375 0.221875 0.0546875 0.0234375
3 0.64765625 0.91796875 0.0890625 0.03671875
3 0.47734375 0.515625 0.03203125 0.04609375
3 0.4859375 0.384375 0.0421875 0.03828125
3 0.52578125 0.30859375 0.04921875 0.0671875
3 0.55 0.225 0.0546875 0.0265625
3 0.359375 0.67578125 0.04375 0.0828125