2 0.9703125 0.665625 0.05 0.0921875
2 0.121875 0.20390625 0.04453125 0.0484375
3 0.27578125 0.628125 0.0265625 0.0171875
3 0.6796875 0.84609375 0.01015625 0.00859375
3 0.34296875 0.10859375 0.0078125 0.00625
2 0.89296875 0.62890625 0.09765625 0.09453125
3 0.0421875 0.57265625 0.015625 0.02734375
3 0.134375 0.68125 0.021875 0.01875
3 0.13828125 0.76171875 0.02578125 0.0203125
3 0.1953125 0.1703125 0.01015625 0.00703125
3 0.91015625 0.36015625 0.01015625 0.0078125
3 0.94609375 0.54609375 0.01484375 0.009375
3 0.7703125 0.91484375 0.015625 0.01328125
4 0.5640625 0.86796875 0.01015625 0.00703125
3 0.18046875 0.7859375 0.01875 0.01484375
3 0.0296875 0.5765625 0.0078125 0.0125
3 0.86875 0.78515625 0.01328125 0.01640625