3 0.05234375 0.32421875 0.0078125 0.0140625
4 0.49921875 0.6890625 0.01953125 0.0125
4 0.6421875 0.24140625 0.0078125 0.00703125
3 0.72890625 0.74140625 0.0234375 0.01875
4 0.6546875 0.7203125 0.01015625 0.00625
3 0.6671875 0.671875 0.0078125 0.0078125
3 0.66328125 0.54453125 0.01171875 0.0109375
4 0.24765625 0.278125 0.0140625 0.01015625
4 0.60078125 0.26640625 0.01640625 0.0140625
3 0.72578125 0.5796875 0.00625 0.00625
4 0.4375 0.84921875 0.0046875 0.003125
3 0.878125 0.67578125 0.02421875 0.01796875
3 0.70234375 0.8265625 0.0203125 0.01875
2 0.14765625 0.2 0.0515625 0.02578125
3 0.7546875 0.134375 0.0125 0.01015625
4 0.7515625 0.85859375 0.01953125 0.01171875
4 0.278125 0.86484375 0.0125 0.00859375
3 0.34609375 0.4921875 0.01875 0.015625
3 0.159375 0.5046875 0.01015625 0.01015625
3 0.0875 0.49453125 0.009375 0.009375
3 0.60703125 0.48203125 0.01796875 0.01953125
4 0.23359375 0.7296875 0.009375 0.00625
3 0.2828125 0.72265625 0.025 0.01796875
3 0.12890625 0.5203125 0.0203125 0.01796875