3 0.34296875 0.12578125 0.0265625 0.02109375
3 0.28671875 0.171875 0.02265625 0.01875
3 0.15234375 0.1890625 0.01328125 0.0140625
3 0.1796875 0.13984375 0.01796875 0.0140625
3 0.184375 0.753125 0.0171875 0.01640625
3 0.19375 0.7328125 0.00859375 0.00703125
4 0.23046875 0.7546875 0.01484375 0.01484375
3 0.19375 0.80390625 0.02265625 0.01796875
3 0.4375 0.05625 0.0125 0.00859375
3 0.4328125 0.47890625 0.02265625 0.01640625
3 0.2765625 0.75546875 0.01484375 0.01015625
3 0.83203125 0.8640625 0.02109375 0.02578125
3 0.803125 0.83515625 0.015625 0.01875
3 0.81953125 0.79375 0.0234375 0.0203125
3 0.7 0.70625 0.0171875 0.01171875
3 0.09375 0.23359375 0.0109375 0.01171875
3 0.5578125 0.55234375 0.0109375 0.00859375
3 0.89609375 0.4421875 0.0203125 0.0171875
3 0.553125 0.07578125 0.015625 0.009375
3 0.41328125 0.41015625 0.00546875 0.0046875
3 0.4453125 0.4171875 0.0046875 0.003125
3 0.08671875 0.4703125 0.0125 0.009375
3 0.14296875 0.04453125 0.01015625 0.01015625
3 0.89453125 0.16015625 0.01328125 0.0125
3 0.9140625 0.18203125 0.00625 0.00859375
3 0.92265625 0.19921875 0.0078125 0.0109375
3 0.9078125 0.26484375 0.01484375 0.0171875
3 0.384375 0.51171875 0.0125 0.01171875
3 0.11171875 0.70546875 0.009375 0.0109375
3 0.24296875 0.72578125 0.009375 0.0078125
3 0.165625 0.90625 0.01484375 0.0203125
3 0.921875 0.71171875 0.0140625 0.01328125
3 0.04765625 0.15 0.00703125 0.00859375
3 0.06015625 0.22421875 0.01328125 0.01484375
3 0.31875 0.04609375 0.01015625 0.0078125
3 0.428125 0.04921875 0.01328125 0.00859375
3 0.1234375 0.7109375 0.009375 0.01484375
3 0.82890625 0.75234375 0.0203125 0.01875
3 0.8796875 0.7765625 0.009375 0.00859375
3 0.80390625 0.86953125 0.01875 0.009375
3 0.846875 0.80546875 0.021875 0.01640625
3 0.8203125 0.04140625 0.01875 0.01796875
3 0.01875 0.30546875 0.01328125 0.0234375
3 0.92109375 0.4875 0.0078125 0.00859375
3 0.0734375 0.203125 0.00625 0.00625