3 0.30703125 0.17734375 0.009375 0.0078125
3 0.5046875 0.375 0.009375 0.00625
3 0.303125 0.55703125 0.01953125 0.0109375
3 0.25859375 0.63515625 0.01015625 0.00859375
3 0.10234375 0.61875 0.0203125 0.01328125
3 0.15859375 0.778125 0.015625 0.0140625
3 0.34921875 0.659375 0.00703125 0.00703125
3 0.69921875 0.6125 0.01328125 0.01015625
2 0.93125 0.52265625 0.015625 0.0703125
3 0.5375 0.20390625 0.009375 0.00625
3 0.325 0.7140625 0.00546875 0.00625
3 0.30625 0.76875 0.01015625 0.00703125
3 0.696875 0.25 0.01015625 0.0078125
3 0.7578125 0.175 0.00546875 0.00703125
3 0.825 0.62890625 0.01015625 0.00859375
3 0.22109375 0.70625 0.01484375 0.01171875
3 0.275 0.1921875 0.01015625 0.00703125
3 0.91640625 0.4546875 0.0109375 0.01328125
3 0.2859375 0.82265625 0.009375 0.00703125
3 0.2671875 0.2390625 0.015625 0.01328125
3 0.5109375 0.1734375 0.009375 0.00625
3 0.38359375 0.47890625 0.01015625 0.00703125
3 0.69453125 0.940625 0.01484375 0.01875
3 0.81015625 0.8109375 0.015625 0.015625
3 0.69453125 0.1609375 0.00703125 0.00546875