4 0.4140625 0.86640625 0.01796875 0.01328125
3 0.3078125 0.83125 0.01875 0.015625
3 0.46484375 0.5609375 0.05078125 0.03203125
3 0.47265625 0.73359375 0.01796875 0.01484375
3 0.33515625 0.67578125 0.01328125 0.01015625
3 0.42578125 0.6734375 0.009375 0.00546875
3 0.428125 0.67734375 0.00859375 0.00625
3 0.62578125 0.67265625 0.00703125 0.00625
3 0.65234375 0.65703125 0.0109375 0.0078125
3 0.63828125 0.765625 0.009375 0.00703125
3 0.6046875 0.55 0.0109375 0.00703125
4 0.8703125 0.58203125 0.0078125 0.0078125
3 0.36796875 0.853125 0.0171875 0.00703125
4 0.73984375 0.9125 0.01015625 0.00859375
4 0.69296875 0.87109375 0.009375 0.009375
4 0.74375 0.88515625 0.0109375 0.00859375
4 0.1953125 0.70234375 0.0125 0.00703125
3 0.70078125 0.53984375 0.0078125 0.00703125
3 0.82734375 0.57265625 0.01015625 0.00625
3 0.1 0.22421875 0.00546875 0.0046875
3 0.60078125 0.5234375 0.009375 0.00703125
3 0.2015625 0.83828125 0.0203125 0.0140625
4 0.51875 0.890625 0.01796875 0.01328125
3 0.66796875 0.8921875 0.01015625 0.009375
4 0.525 0.878125 0.0078125 0.00703125
4 0.525 0.41171875 0.01015625 0.00703125
4 0.62265625 0.37265625 0.0078125 0.0046875
3 0.4546875 0.75390625 0.015625 0.0125
3 0.7015625 0.81328125 0.01328125 0.009375