4 0.17421875 0.26640625 0.01015625 0.01015625
4 0.31875 0.2046875 0.00859375 0.00859375
4 0.328125 0.21796875 0.00703125 0.00546875
4 0.39296875 0.153125 0.0078125 0.0078125
3 0.33984375 0.11875 0.01484375 0.01015625
3 0.228125 0.17734375 0.0078125 0.00546875
3 0.1828125 0.23046875 0.009375 0.00625
3 0.896875 0.40078125 0.01015625 0.00859375
3 0.92734375 0.35703125 0.00703125 0.0078125
3 0.85859375 0.5265625 0.0078125 0.0046875
3 0.05546875 0.334375 0.009375 0.01171875
4 0.0890625 0.34765625 0.00859375 0.01015625
4 0.04140625 0.35546875 0.00390625 0.0046875
3 0.20859375 0.59921875 0.015625 0.01171875
3 0.09765625 0.62109375 0.0109375 0.00859375
4 0.08984375 0.578125 0.01015625 0.00703125
3 0.0890625 0.5171875 0.00859375 0.00859375
3 0.34765625 0.7140625 0.01328125 0.01171875
3 0.31796875 0.67734375 0.0078125 0.0078125
3 0.18125 0.81484375 0.01015625 0.01015625
4 0.88359375 0.71796875 0.00703125 0.00859375
4 0.878125 0.6875 0.01171875 0.0109375
3 0.90546875 0.58828125 0.009375 0.009375
3 0.075 0.27421875 0.00625 0.00546875
3 0.0859375 0.25 0.00546875 0.0046875
3 0.61171875 0.18359375 0.0109375 0.00859375
3 0.3859375 0.73125 0.00703125 0.00546875
3 0.0796875 0.671875 0.0125 0.01484375
3 0.3890625 0.1203125 0.01328125 0.009375
4 0.86328125 0.79609375 0.0046875 0.0046875
4 0.84375 0.81796875 0.00703125 0.00703125
3 0.8140625 0.7953125 0.00625 0.00703125
3 0.66015625 0.74921875 0.0109375 0.0078125
3 0.66015625 0.64609375 0.00703125 0.0046875
3 0.91171875 0.4953125 0.00546875 0.00546875
3 0.1859375 0.83125 0.0078125 0.00625
3 0.6921875 0.16640625 0.0078125 0.00546875
3 0.8296875 0.7421875 0.00703125 0.0046875
4 0.721875 0.921875 0.0125 0.009375
4 0.79296875 0.3515625 0.01484375 0.0078125
3 0.5515625 0.159375 0.0109375 0.0078125
4 0.10703125 0.4078125 0.01328125 0.0125
3 0.0453125 0.47890625 0.00703125 0.0078125
3 0.5984375 0.909375 0.015625 0.0125
3 0.6015625 0.89296875 0.0109375 0.00625
3 0.58046875 0.89609375 0.01640625 0.01015625
3 0.5796875 0.92265625 0.01015625 0.01015625
4 0.5109375 0.90703125 0.01484375 0.0109375
3 0.19765625 0.23125 0.01171875 0.0078125
3 0.890625 0.65234375 0.01328125 0.0078125
3 0.04140625 0.41875 0.0078125 0.01328125
3 0.953125 0.47265625 0.00546875 0.00625
3 0.9734375 0.47265625 0.00625 0.01015625
3 0.315625 0.928125 0.00703125 0.00546875
3 0.0796875 0.64140625 0.00703125 0.01015625