3 0.07421875 0.57890625 0.0203125 0.02421875
3 0.21953125 0.67890625 0.01875 0.01484375
3 0.24765625 0.65234375 0.015625 0.0109375
3 0.85625 0.5765625 0.025 0.01796875
3 0.6859375 0.71953125 0.02109375 0.0203125
4 0.78828125 0.69375 0.02109375 0.01875
4 0.86484375 0.7390625 0.0109375 0.015625
3 0.34296875 0.12578125 0.01640625 0.01171875
4 0.41875 0.175 0.01640625 0.01015625
3 0.709375 0.13984375 0.009375 0.00546875
3 0.15390625 0.60390625 0.01015625 0.0125
3 0.11640625 0.6328125 0.01328125 0.0140625
3 0.16328125 0.72734375 0.0109375 0.01484375
3 0.12578125 0.71015625 0.0078125 0.0109375
3 0.1390625 0.5578125 0.0140625 0.01015625
3 0.234375 0.6015625 0.01640625 0.01171875
3 0.20234375 0.62578125 0.0125 0.0109375
3 0.890625 0.59921875 0.02109375 0.0171875
3 0.4703125 0.90546875 0.01484375 0.01015625
3 0.6296875 0.221875 0.02421875 0.01875
3 0.15 0.509375 0.01640625 0.009375
3 0.1625 0.57421875 0.0109375 0.00859375
3 0.1 0.5828125 0.00859375 0.00703125
3 0.33046875 0.6734375 0.0109375 0.0078125
3 0.31875 0.65703125 0.00703125 0.00546875
3 0.371875 0.7046875 0.01484375 0.009375
4 0.72109375 0.6140625 0.0109375 0.0078125
4 0.68984375 0.571875 0.01015625 0.00859375
3 0.86328125 0.5 0.0109375 0.00859375
3 0.8328125 0.52265625 0.0078125 0.0046875
3 0.17109375 0.7 0.0125 0.01015625
3 0.1640625 0.68671875 0.0078125 0.01171875
3 0.859375 0.65546875 0.01640625 0.01640625
3 0.29296875 0.54453125 0.00703125 0.00546875
3 0.515625 0.29296875 0.0125 0.00859375
3 0.22265625 0.32890625 0.00703125 0.00546875
3 0.10625 0.5234375 0.0109375 0.01484375
3 0.11796875 0.72421875 0.0078125 0.01015625
3 0.78359375 0.81875 0.0109375 0.0078125
3 0.90703125 0.64140625 0.0078125 0.00703125
3 0.91328125 0.62734375 0.0078125 0.00625
3 0.3875 0.92265625 0.00546875 0.00390625
3 0.178125 0.1125 0.00625 0.00625
3 0.925 0.58828125 0.009375 0.0125