0 0.50234375 0.8140625 0.01484375 0.01953125
0 0.4828125 0.28046875 0.0125 0.01640625
0 0.43984375 0.5921875 0.00859375 0.015625
0 0.48125 0.58984375 0.01171875 0.0171875
0 0.3828125 0.6703125 0.0140625 0.02421875
0 0.41015625 0.44375 0.0109375 0.0171875
0 0.41171875 0.36953125 0.015625 0.0203125
0 0.3578125 0.459375 0.01640625 0.01640625
0 0.48359375 0.50546875 0.01328125 0.01640625
0 0.4265625 0.603125 0.01796875 0.02734375
0 0.5171875 0.409375 0.01328125 0.015625
0 0.5875 0.60703125 0.0140625 0.01796875
0 0.48203125 0.66953125 0.0203125 0.03046875
0 0.4234375 0.74921875 0.0171875 0.02265625
0 0.50859375 0.45859375 0.0109375 0.0125
0 0.5453125 0.6796875 0.0203125 0.028125
0 0.8484375 0.628125 0.01875 0.02734375
0 0.42265625 0.66875 0.028125 0.03671875
0 0.38046875 0.590625 0.01875 0.0359375
0 0.51875 0.728125 0.03046875 0.04375
0 0.56328125 0.3625 0.01328125 0.01796875
0 0.5765625 0.6484375 0.02578125 0.03671875
0 0.31484375 0.71015625 0.01640625 0.0203125
0 0.8765625 0.709375 0.0171875 0.0234375
0 0.1234375 0.73984375 0.0171875 0.021875
0 0.58125 0.1765625 0.01953125 0.028125
0 0.49375 0.33671875 0.0125 0.01484375
0 0.36953125 0.4984375 0.0265625 0.0703125
0 0.16171875 0.81875 0.03125 0.0453125
0 0.7171875 0.95234375 0.03046875 0.053125
0 0.684375 0.57734375 0.01875 0.0328125
0 0.2421875 0.58125 0.0140625 0.02109375
0 0.9625 0.2125 0.0265625 0.03046875
0 0.91328125 0.309375 0.04296875 0.04375
0 0.20703125 0.6609375 0.0140625 0.0203125
0 0.371875 0.03046875 0.01875 0.03125