3 0.69609375 0.28671875 0.01015625 0.0125
4 0.41796875 0.3453125 0.01171875 0.00703125
3 0.634375 0.746875 0.0125 0.0203125
3 0.8171875 0.71015625 0.01484375 0.01796875
3 0.928125 0.63515625 0.01328125 0.02578125
3 0.91796875 0.7015625 0.01328125 0.0265625
3 0.80625 0.6171875 0.01328125 0.01015625
3 0.828125 0.675 0.00859375 0.009375
4 0.7296875 0.67578125 0.01640625 0.0140625
3 0.8359375 0.69609375 0.009375 0.0078125
3 0.03984375 0.60390625 0.01171875 0.02109375
3 0.03828125 0.6453125 0.0125 0.02578125
3 0.0765625 0.7046875 0.01171875 0.01875
3 0.06953125 0.665625 0.00703125 0.01015625
3 0.09609375 0.63515625 0.00703125 0.00859375
3 0.17421875 0.70390625 0.00859375 0.0109375
3 0.0984375 0.7109375 0.00859375 0.01015625
3 0.13671875 0.64375 0.00859375 0.01015625
3 0.38828125 0.89375 0.00859375 0.00703125
3 0.42734375 0.9125 0.01015625 0.00859375
3 0.38359375 0.90859375 0.01171875 0.01015625
3 0.65625 0.86875 0.01484375 0.01328125
3 0.7140625 0.93671875 0.0125 0.0109375
3 0.68203125 0.8328125 0.0140625 0.01171875
4 0.52734375 0.93046875 0.02734375 0.021875
3 0.1625 0.8046875 0.00703125 0.00625
3 0.89453125 0.69453125 0.015625 0.0171875
2 0.86328125 0.74296875 0.0296875 0.03125
3 0.68828125 0.86875 0.021875 0.0140625
3 0.83359375 0.7703125 0.009375 0.0078125
3 0.71640625 0.8984375 0.015625 0.015625