3 0.11484375 0.346875 0.00546875 0.00625
3 0.1109375 0.36875 0.00546875 0.009375
3 0.1484375 0.5140625 0.01328125 0.00625
3 0.1765625 0.5875 0.01171875 0.0125
3 0.1921875 0.7078125 0.01328125 0.01171875
3 0.2203125 0.646875 0.0140625 0.01015625
3 0.22421875 0.534375 0.0109375 0.00625
3 0.2046875 0.52890625 0.00703125 0.0046875
3 0.5984375 0.93359375 0.01484375 0.01640625
3 0.396875 0.63359375 0.01015625 0.00625
3 0.696875 0.246875 0.0078125 0.0046875
3 0.86796875 0.528125 0.0078125 0.00625
3 0.81875 0.85546875 0.0109375 0.00859375
3 0.9109375 0.58125 0.00546875 0.0046875
3 0.1765625 0.6875 0.0078125 0.0078125
3 0.1046875 0.56171875 0.00703125 0.00546875
3 0.8078125 0.41875 0.0078125 0.00625
3 0.13359375 0.81953125 0.0046875 0.00625
3 0.11171875 0.74296875 0.0078125 0.01015625
3 0.8125 0.73203125 0.0109375 0.00859375
3 0.5453125 0.45625 0.00546875 0.0046875
3 0.21796875 0.88671875 0.00859375 0.00703125
3 0.928125 0.5765625 0.00546875 0.0078125
3 0.9328125 0.5953125 0.0046875 0.00859375