2 0.809375 0.10625 0.0328125 0.025
4 0.80078125 0.1453125 0.00703125 0.00546875
4 0.83125 0.1328125 0.00546875 0.00390625
3 0.69609375 0.16796875 0.01171875 0.00625
2 0.22421875 0.15390625 0.0421875 0.02421875
3 0.0953125 0.14140625 0.009375 0.00703125
4 0.9328125 0.15390625 0.0140625 0.0109375
3 0.9125 0.13359375 0.0125 0.0078125
4 0.9296875 0.1953125 0.01015625 0.009375
3 0.7625 0.16953125 0.0109375 0.00625
2 0.84609375 0.17578125 0.015625 0.0171875
2 0.9875 0.296875 0.01484375 0.0234375
4 0.1515625 0.46953125 0.009375 0.00703125
3 0.93203125 0.34765625 0.0078125 0.00625
2 0.971875 0.38671875 0.025 0.01484375
4 0.6703125 0.67265625 0.01015625 0.009375
4 0.621875 0.665625 0.0109375 0.009375
3 0.69296875 0.690625 0.009375 0.01015625
3 0.7375 0.6703125 0.00625 0.003125
3 0.75859375 0.68828125 0.00546875 0.00390625
3 0.2078125 0.734375 0.0078125 0.00859375
3 0.35078125 0.5484375 0.0078125 0.00625
3 0.38984375 0.85625 0.00625 0.00703125
4 0.73984375 0.85 0.0140625 0.0125
4 0.59296875 0.84609375 0.01015625 0.00546875
2 0.98828125 0.46640625 0.01015625 0.0171875
2 0.9671875 0.4703125 0.01328125 0.0109375
4 0.8734375 0.67578125 0.00625 0.0046875
4 0.86875 0.76796875 0.0109375 0.01015625
4 0.83515625 0.73828125 0.00625 0.0046875
3 0.921875 0.5796875 0.01484375 0.01640625
4 0.14453125 0.20234375 0.01640625 0.009375
2 0.09453125 0.215625 0.028125 0.0265625
2 0.1265625 0.17421875 0.03203125 0.02734375
3 0.65 0.10546875 0.015625 0.0109375
3 0.67109375 0.1078125 0.01953125 0.01015625
3 0.68203125 0.11484375 0.01484375 0.0078125
4 0.296875 0.79765625 0.01328125 0.00625
3 0.05546875 0.50625 0.01796875 0.015625
2 0.925 0.7109375 0.025 0.02578125
3 0.93359375 0.6375 0.01328125 0.0140625
3 0.9328125 0.621875 0.01484375 0.0109375
2 0.97265625 0.60625 0.02734375 0.021875
3 0.23515625 0.12421875 0.0109375 0.00625
2 0.21640625 0.11015625 0.0296875 0.021875
3 0.28046875 0.18046875 0.02109375 0.015625
3 0.32734375 0.109375 0.01484375 0.0078125
3 0.753125 0.2921875 0.02578125 0.0140625
4 0.39765625 0.77265625 0.01875 0.01328125
3 0.16796875 0.75546875 0.01796875 0.01640625
3 0.14296875 0.7578125 0.0140625 0.01328125
4 0.14609375 0.7796875 0.01171875 0.009375
3 0.090625 0.6859375 0.01171875 0.01171875
3 0.13984375 0.4703125 0.01015625 0.00625
3 0.11015625 0.11484375 0.01328125 0.009375
3 0.30078125 0.12578125 0.0140625 0.0078125
4 0.71484375 0.1046875 0.01875 0.01171875
3 0.8640625 0.08671875 0.0328125 0.02421875
3 0.88671875 0.11640625 0.0203125 0.01328125
2 0.975 0.19921875 0.015625 0.0234375
3 0.484375 0.35078125 0.01171875 0.00625
4 0.20234375 0.71875 0.01328125 0.01015625
2 0.20078125 0.83046875 0.02109375 0.01640625
3 0.29765625 0.8578125 0.01484375 0.0125
3 0.81328125 0.79609375 0.01328125 0.01015625
3 0.24375 0.1140625 0.0078125 0.00625
3 0.85234375 0.7171875 0.0125 0.01015625
3 0.85546875 0.68046875 0.01796875 0.0140625
2 0.01484375 0.4734375 0.015625 0.025
3 0.56953125 0.3203125 0.01484375 0.009375
3 0.1453125 0.16796875 0.01015625 0.00703125
3 0.0375 0.25 0.0140625 0.01484375
3 0.0171875 0.2578125 0.009375 0.01640625