3 0.59453125 0.48828125 0.0375 0.02421875
3 0.76015625 0.5046875 0.01953125 0.0125
4 0.6578125 0.49609375 0.009375 0.00625
4 0.82109375 0.48828125 0.0109375 0.00625
4 0.87109375 0.75625 0.0109375 0.0140625
4 0.8515625 0.73125 0.0109375 0.0125
3 0.81796875 0.77578125 0.009375 0.00859375
3 0.8421875 0.846875 0.00703125 0.00625
3 0.76171875 0.87421875 0.015625 0.0125
3 0.21796875 0.51484375 0.03828125 0.0234375
3 0.2734375 0.51171875 0.01953125 0.0109375
4 0.1265625 0.49921875 0.015625 0.0109375
3 0.0375 0.5515625 0.01640625 0.0125
3 0.0234375 0.53125 0.01171875 0.01484375
3 0.01484375 0.55703125 0.01015625 0.0140625
3 0.1359375 0.6328125 0.0109375 0.009375
3 0.0796875 0.72890625 0.009375 0.0078125
3 0.1671875 0.76328125 0.01328125 0.01015625
4 0.3 0.89140625 0.01875 0.01328125
4 0.2515625 0.93515625 0.01328125 0.01015625
4 0.175 0.9015625 0.0109375 0.009375
3 0.17578125 0.87109375 0.00703125 0.00625
4 0.29140625 0.75546875 0.009375 0.00859375
3 0.2703125 0.7359375 0.009375 0.00859375
4 0.62734375 0.8484375 0.0234375 0.01484375
3 0.646875 0.92890625 0.02109375 0.01796875
3 0.65625 0.94375 0.01796875 0.01171875
3 0.05234375 0.4109375 0.01875 0.01484375
3 0.0421875 0.38359375 0.01328125 0.021875
4 0.0828125 0.3296875 0.01328125 0.01484375
3 0.0609375 0.309375 0.0125 0.01796875
3 0.2671875 0.15546875 0.02265625 0.0203125
3 0.2328125 0.0953125 0.01640625 0.01171875
3 0.4125 0.17265625 0.02890625 0.01796875
3 0.63046875 0.18984375 0.02109375 0.0140625
3 0.53046875 0.16796875 0.01328125 0.00859375
4 0.725 0.22265625 0.02734375 0.02265625
3 0.825 0.2609375 0.01328125 0.01015625
3 0.7890625 0.23671875 0.01484375 0.0109375
3 0.73359375 0.16953125 0.01484375 0.0109375
3 0.77109375 0.34375 0.0171875 0.01171875
4 0.50078125 0.32578125 0.02265625 0.015625
3 0.3671875 0.8796875 0.01328125 0.01015625
4 0.3671875 0.8921875 0.0109375 0.00859375
4 0.5875 0.9296875 0.0109375 0.00859375
3 0.71015625 0.9125 0.01875 0.0171875
3 0.85 0.77578125 0.0078125 0.00859375
3 0.93515625 0.39765625 0.0109375 0.02109375
3 0.35625 0.07578125 0.01484375 0.009375
3 0.10390625 0.1890625 0.015625 0.0109375
3 0.21796875 0.24765625 0.01171875 0.01015625
3 0.5078125 0.2171875 0.021875 0.01328125
4 0.190625 0.55 0.028125 0.01953125
3 0.14375 0.65234375 0.01171875 0.00703125
3 0.8625 0.54765625 0.02421875 0.0171875
3 0.95 0.54921875 0.01328125 0.01328125
3 0.840625 0.59375 0.00859375 0.00625
4 0.9453125 0.6125 0.01171875 0.01640625
3 0.4421875 0.3453125 0.0140625 0.01015625
3 0.07109375 0.36640625 0.01015625 0.01015625
4 0.30390625 0.6828125 0.0109375 0.00703125
4 0.3171875 0.6984375 0.0078125 0.00625
3 0.009375 0.4640625 0.0125 0.0109375
3 0.84921875 0.27109375 0.009375 0.0078125
3 0.91953125 0.7109375 0.01015625 0.01328125
3 0.7390625 0.7171875 0.00703125 0.00703125
4 0.58203125 0.55 0.00546875 0.00546875
4 0.58671875 0.54921875 0.00625 0.00625
3 0.18203125 0.63046875 0.009375 0.00703125
3 0.1046875 0.77109375 0.0125 0.0109375
3 0.07109375 0.7953125 0.009375 0.0109375
3 0.08046875 0.7921875 0.01015625 0.01015625
3 0.11875 0.1578125 0.01328125 0.0125
4 0.46953125 0.18046875 0.0171875 0.01484375
3 0.7875 0.52890625 0.025 0.0125
4 0.775 0.675 0.0109375 0.00859375
3 0.41171875 0.928125 0.01328125 0.01015625
3 0.259375 0.9109375 0.01484375 0.01015625
3 0.23359375 0.87734375 0.01328125 0.01015625
3 0.04375 0.6890625 0.009375 0.009375
3 0.07890625 0.528125 0.01015625 0.00859375
4 0.5125 0.64609375 0.01015625 0.0078125
3 0.228125 0.1140625 0.01640625 0.01171875
3 0.35703125 0.2609375 0.01171875 0.00859375
3 0.4296875 0.16484375 0.0171875 0.01171875
3 0.5390625 0.35078125 0.01875 0.01015625
3 0.046875 0.5796875 0.0125 0.01015625
3 0.32421875 0.5390625 0.01015625 0.0078125
3 0.88984375 0.52734375 0.0125 0.01171875
3 0.8984375 0.29921875 0.0078125 0.0078125
3 0.90625 0.3171875 0.00546875 0.0078125
3 0.88515625 0.78984375 0.00703125 0.01171875
3 0.8109375 0.853125 0.0109375 0.009375