4 0.22578125 0.121875 0.009375 0.00625
3 0.29765625 0.115625 0.0078125 0.00546875
3 0.32109375 0.08125 0.00859375 0.00703125
3 0.41640625 0.14609375 0.01171875 0.0109375
3 0.071875 0.375 0.015625 0.0296875
3 0.0453125 0.35859375 0.00859375 0.01484375
4 0.546875 0.44609375 0.01328125 0.0125
3 0.5296875 0.45 0.0203125 0.01796875
4 0.65 0.04765625 0.01484375 0.01015625
3 0.684375 0.1703125 0.00859375 0.00703125
4 0.58828125 0.228125 0.0109375 0.0078125
4 0.91796875 0.36484375 0.01484375 0.021875
4 0.88359375 0.3296875 0.015625 0.0125
4 0.5046875 0.04765625 0.0078125 0.0046875
4 0.46640625 0.06015625 0.01171875 0.00625
3 0.40625 0.05625 0.0109375 0.00703125
3 0.42734375 0.06796875 0.0078125 0.00390625
3 0.12578125 0.26328125 0.01484375 0.01484375
4 0.70625 0.8046875 0.01015625 0.0078125
4 0.69453125 0.82265625 0.009375 0.00703125
3 0.74140625 0.834375 0.015625 0.01484375
3 0.784375 0.8578125 0.015625 0.0140625
3 0.82734375 0.821875 0.003125 0.003125
4 0.7546875 0.81171875 0.0078125 0.00625
3 0.92578125 0.5921875 0.01015625 0.0140625
3 0.9484375 0.59296875 0.00625 0.0140625
3 0.9140625 0.6203125 0.01015625 0.0109375
4 0.09296875 0.58984375 0.009375 0.0078125
3 0.103125 0.753125 0.00703125 0.00703125
3 0.13203125 0.7625 0.01015625 0.00859375
4 0.14609375 0.8203125 0.01015625 0.00859375
4 0.11953125 0.8515625 0.01015625 0.0125
3 0.0765625 0.30625 0.01328125 0.0125
3 0.1765625 0.31796875 0.00859375 0.00625
4 0.346875 0.31640625 0.01484375 0.01328125
4 0.78671875 0.8921875 0.01484375 0.015625
4 0.7234375 0.89609375 0.00703125 0.0046875
3 0.6140625 0.7828125 0.015625 0.01015625
3 0.10625 0.81796875 0.00859375 0.00859375
3 0.9359375 0.46953125 0.009375 0.01171875
3 0.140625 0.85078125 0.00546875 0.0046875
2 0.85546875 0.74453125 0.0265625 0.03125
3 0.109375 0.40078125 0.0078125 0.00703125
3 0.0578125 0.6671875 0.01328125 0.0140625
3 0.01875 0.58359375 0.00703125 0.0109375
3 0.03203125 0.37578125 0.00546875 0.009375
3 0.03515625 0.4125 0.0078125 0.01171875
3 0.053125 0.71796875 0.00546875 0.00625
3 0.06953125 0.64140625 0.009375 0.01015625
3 0.85859375 0.80078125 0.00703125 0.00546875
3 0.91953125 0.21484375 0.0046875 0.00390625
3 0.9125 0.21171875 0.00546875 0.0046875
4 0.95625 0.33515625 0.01015625 0.01015625
3 0.93984375 0.440625 0.00859375 0.01328125
3 0.8328125 0.81796875 0.0109375 0.00625