4 0.41875 0.41953125 0.01015625 0.00546875
4 0.3109375 0.5125 0.0125 0.0078125
3 0.659375 0.49453125 0.028125 0.015625
4 0.7375 0.521875 0.00859375 0.00703125
4 0.59296875 0.51796875 0.00859375 0.00703125
4 0.60859375 0.48515625 0.0078125 0.00546875
3 0.91015625 0.57109375 0.00546875 0.0046875
3 0.15 0.74453125 0.00703125 0.00625
4 0.49453125 0.7953125 0.00703125 0.0046875
4 0.43984375 0.34453125 0.00859375 0.00703125
4 0.528125 0.28828125 0.00703125 0.0046875
4 0.66640625 0.55859375 0.009375 0.00703125
3 0.76953125 0.6671875 0.0140625 0.01171875
4 0.7203125 0.72421875 0.00703125 0.0046875
4 0.51953125 0.40859375 0.015625 0.0078125
4 0.6359375 0.6140625 0.0046875 0.003125
4 0.69453125 0.5203125 0.00625 0.0046875
4 0.1375 0.5578125 0.00703125 0.0046875
3 0.9140625 0.571875 0.00546875 0.0046875