0 0.18046875 0.79140625 0.04375 0.0859375
0 0.54921875 0.68984375 0.028125 0.071875
0 0.60703125 0.92890625 0.071875 0.0875
0 0.9078125 0.840625 0.028125 0.075
0 0.546875 0.60234375 0.03828125 0.04140625
0 0.540625 0.675 0.01953125 0.02890625
0 0.71796875 0.5203125 0.021875 0.03125
0 0.63828125 0.3890625 0.02109375 0.0296875
0 0.6109375 0.62421875 0.01796875 0.0296875
0 0.45 0.246875 0.021875 0.034375
0 0.48984375 0.41328125 0.021875 0.03359375
0 0.4609375 0.871875 0.01875 0.02890625
0 0.35234375 0.3296875 0.02109375 0.0328125
0 0.46796875 0.5015625 0.021875 0.028125
0 0.8 0.49609375 0.01796875 0.028125
0 0.6140625 0.5375 0.01875 0.0265625
0 0.32265625 0.265625 0.01796875 0.025
0 0.32890625 0.465625 0.01484375 0.021875
0 0.50703125 0.946875 0.01796875 0.02890625
0 0.7953125 0.39609375 0.01640625 0.0265625
0 0.575 0.2875 0.01875 0.02890625
0 0.75390625 0.5921875 0.01796875 0.0265625
0 0.60078125 0.40234375 0.015625 0.025
0 0.46640625 0.3703125 0.021875 0.034375
0 0.70234375 0.58984375 0.01640625 0.028125
0 0.2703125 0.74921875 0.021875 0.03359375
0 0.4125 0.9015625 0.01953125 0.02890625
0 0.50625 0.809375 0.0265625 0.0359375
0 0.36875 0.73359375 0.0171875 0.02890625
0 0.615625 0.44140625 0.0203125 0.02890625
0 0.3578125 0.8265625 0.03515625 0.04921875
0 0.34375 0.0984375 0.01796875 0.02734375
0 0.57890625 0.4328125 0.0140625 0.0234375
0 0.434375 0.18515625 0.01796875 0.02890625
0 0.459375 0.1796875 0.01484375 0.02421875