3 0.6984375 0.6265625 0.01328125 0.0109375
3 0.7953125 0.65625 0.009375 0.0078125
3 0.83046875 0.78359375 0.009375 0.0078125
3 0.7796875 0.8078125 0.01015625 0.01171875
3 0.6546875 0.8625 0.0140625 0.01015625
3 0.57109375 0.73125 0.0171875 0.015625
3 0.3140625 0.73671875 0.01796875 0.0125
3 0.36171875 0.7578125 0.015625 0.0171875
3 0.3796875 0.73828125 0.0140625 0.01015625
3 0.1984375 0.83984375 0.01484375 0.0140625
3 0.58671875 0.77265625 0.01015625 0.00859375
3 0.803125 0.82578125 0.0109375 0.01171875
4 0.8484375 0.6796875 0.02109375 0.015625
3 0.4921875 0.8953125 0.00859375 0.00703125
3 0.225 0.7796875 0.0109375 0.0109375
3 0.17421875 0.71484375 0.0078125 0.0078125
3 0.24140625 0.8796875 0.01875 0.015625