4 0.2921875 0.91328125 0.0109375 0.00859375
4 0.65703125 0.8765625 0.00703125 0.00625
4 0.221875 0.69140625 0.01484375 0.0078125
3 0.1015625 0.77578125 0.0078125 0.00859375
3 0.18046875 0.834375 0.0078125 0.00703125
3 0.78515625 0.7421875 0.009375 0.00625
3 0.15390625 0.79921875 0.00625 0.00546875
3 0.8765625 0.60234375 0.01171875 0.0078125
3 0.89921875 0.625 0.00546875 0.00546875
3 0.90703125 0.32734375 0.01484375 0.01640625
4 0.840625 0.59453125 0.01640625 0.0109375
3 0.79921875 0.82734375 0.00546875 0.0046875
3 0.81875 0.771875 0.00546875 0.00546875
4 0.4453125 0.3609375 0.0078125 0.0046875
3 0.11796875 0.80234375 0.0046875 0.0046875