3 0.83046875 0.15625 0.0109375 0.00859375
3 0.84140625 0.271875 0.01015625 0.0109375
3 0.66171875 0.10234375 0.009375 0.00625
3 0.67421875 0.065625 0.00703125 0.003125
3 0.23046875 0.18515625 0.0109375 0.01328125
3 0.409375 0.2203125 0.0125 0.0109375
3 0.88203125 0.71640625 0.00703125 0.00859375
4 0.7484375 0.90390625 0.01484375 0.01640625
4 0.78125 0.87265625 0.01171875 0.00703125
3 0.96328125 0.34140625 0.00546875 0.0078125
3 0.11015625 0.3109375 0.015625 0.01953125
3 0.0984375 0.6703125 0.00703125 0.00546875
3 0.09140625 0.6328125 0.00625 0.00703125
3 0.31796875 0.20859375 0.0109375 0.0109375
4 0.3390625 0.2046875 0.0109375 0.0078125
3 0.9 0.7328125 0.00859375 0.00859375