4 0.32578125 0.59921875 0.01640625 0.0125
3 0.70625 0.90546875 0.01640625 0.0140625
4 0.6640625 0.884375 0.01796875 0.01328125
3 0.6390625 0.91171875 0.02734375 0.021875
3 0.6296875 0.89609375 0.0171875 0.0109375
4 0.5109375 0.9078125 0.02421875 0.01484375
3 0.1265625 0.778125 0.0125 0.01328125
3 0.90546875 0.70078125 0.00859375 0.0078125
3 0.2 0.86328125 0.009375 0.0078125
3 0.18125 0.84609375 0.00703125 0.00546875
3 0.11640625 0.7 0.0140625 0.0125
3 0.0921875 0.6953125 0.00703125 0.009375
3 0.0875 0.70546875 0.00703125 0.0078125
3 0.05078125 0.65078125 0.00703125 0.01171875
3 0.04296875 0.57890625 0.0078125 0.00859375
3 0.0421875 0.60546875 0.009375 0.0109375
3 0.15859375 0.76171875 0.01171875 0.0109375
3 0.290625 0.91484375 0.00625 0.0046875
3 0.5859375 0.87890625 0.021875 0.0140625
3 0.68828125 0.89765625 0.01953125 0.0140625
4 0.74140625 0.775 0.00703125 0.00546875
4 0.5109375 0.728125 0.015625 0.01171875
3 0.08125 0.6234375 0.00390625 0.00546875