3 0.73984375 0.75546875 0.015625 0.01171875
3 0.1953125 0.71171875 0.01484375 0.009375
3 0.425 0.3671875 0.01796875 0.01171875
4 0.684375 0.140625 0.01328125 0.01015625
3 0.68671875 0.13359375 0.009375 0.00625
3 0.24453125 0.21875 0.0078125 0.00625
3 0.36328125 0.0734375 0.0109375 0.00703125
3 0.79453125 0.3484375 0.015625 0.01171875
4 0.9125 0.22890625 0.01484375 0.01484375
3 0.7921875 0.2265625 0.015625 0.00703125
3 0.79765625 0.62734375 0.01484375 0.009375
3 0.13515625 0.7203125 0.0140625 0.0125
3 0.1421875 0.80625 0.00859375 0.00859375
3 0.90625 0.62890625 0.00546875 0.0046875
3 0.815625 0.2328125 0.00625 0.0046875
3 0.57265625 0.11953125 0.01796875 0.015625
3 0.31484375 0.10625 0.00703125 0.00546875
3 0.828125 0.846875 0.00859375 0.00859375
3 0.2078125 0.234375 0.01328125 0.0078125
3 0.8 0.8953125 0.0234375 0.01484375
3 0.296875 0.84609375 0.00859375 0.00546875
3 0.15390625 0.84140625 0.02109375 0.0125
3 0.15390625 0.871875 0.01015625 0.00703125
3 0.04921875 0.259375 0.01015625 0.0109375
3 0.15234375 0.27109375 0.01171875 0.01015625
3 0.93046875 0.38359375 0.01015625 0.0078125
3 0.95078125 0.6578125 0.00859375 0.01640625
3 0.6109375 0.553125 0.0125 0.009375
3 0.134375 0.73203125 0.0125 0.0109375