0 0.5671875 0.59609375 0.00859375 0.00625
0 0.56796875 0.58125 0.00625 0.00390625
0 0.56953125 0.5734375 0.00625 0.0078125
0 0.48515625 0.69921875 0.00625 0.00390625
0 0.48125 0.68671875 0.00625 0.00390625
0 0.4890625 0.6828125 0.0046875 0.00390625
0 0.49375 0.6765625 0.0046875 0.0046875
0 0.4921875 0.71328125 0.00625 0.00234375
0 0.484375 0.7125 0.00390625 0.00390625
0 0.45703125 0.67109375 0.00390625 0.00390625
0 0.45234375 0.6734375 0.00390625 0.0046875
0 0.59921875 0.67734375 0.00625 0.00390625
0 0.484375 0.70859375 0.00390625 0.00390625
0 0.50078125 0.61484375 0.00390625 0.0046875
0 0.49921875 0.5953125 0.00625 0.0046875
0 0.5578125 0.5671875 0.0046875 0.0046875
0 0.5109375 0.5671875 0.00390625 0.00390625
0 0.56484375 0.60703125 0.0046875 0.00234375
0 0.3265625 0.671875 0.01015625 0.00859375
0 0.3171875 0.76640625 0.00625 0.0078125
0 0.3515625 0.8 0.00859375 0.00390625
0 0.3609375 0.80546875 0.00625 0.00390625
0 0.38984375 0.7921875 0.00625 0.00234375
0 0.3671875 0.8078125 0.00625 0.0046875
0 0.3296875 0.8046875 0.0046875 0.0046875
0 0.31640625 0.80859375 0.0046875 0.0046875
0 0.4265625 0.8984375 0.0125 0.00625
0 0.41328125 0.8953125 0.00625 0.01015625
0 0.3515625 0.8890625 0.00859375 0.00625
0 0.29609375 0.86171875 0.00859375 0.0078125
0 0.409375 0.9078125 0.00625 0.0046875
0 0.384375 0.9109375 0.0046875 0.00234375
0 0.446875 0.91640625 0.00859375 0.00390625
0 0.4796875 0.92578125 0.0078125 0.00390625
0 0.42578125 0.93671875 0.00390625 0.0046875
0 0.40078125 0.8984375 0.0046875 0.00390625
0 0.4640625 0.9 0.00625 0.0046875
0 0.31953125 0.86171875 0.00625 0.0078125
0 0.2921875 0.834375 0.0046875 0.00625
0 0.3828125 0.89765625 0.0078125 0.0046875
0 0.43203125 0.8671875 0.0078125 0.0046875
0 0.39921875 0.828125 0.00859375 0.0078125