0 0.4328125 0.59609375 0.01015625 0.00625
0 0.43203125 0.58125 0.00625 0.00390625
0 0.43046875 0.5734375 0.00625 0.0078125
0 0.51484375 0.69921875 0.00625 0.00390625
0 0.51875 0.68671875 0.00625 0.00390625
0 0.5109375 0.6828125 0.0046875 0.00390625
0 0.50625 0.6765625 0.0046875 0.0046875
0 0.5078125 0.71328125 0.00625 0.00234375
0 0.515625 0.7125 0.00390625 0.00390625
0 0.54296875 0.67109375 0.00390625 0.00390625
0 0.54765625 0.6734375 0.00390625 0.0046875
0 0.40078125 0.67734375 0.00625 0.00390625
0 0.515625 0.70859375 0.00390625 0.00390625
0 0.49921875 0.61484375 0.00390625 0.0046875
0 0.50078125 0.5953125 0.00625 0.0046875
0 0.4421875 0.5671875 0.0046875 0.0046875
0 0.4890625 0.5671875 0.00390625 0.00390625
0 0.43515625 0.60703125 0.0046875 0.00234375
0 0.6734375 0.671875 0.01015625 0.00859375
0 0.6828125 0.76640625 0.0078125 0.0078125
0 0.6484375 0.8 0.00859375 0.00390625
0 0.6390625 0.80546875 0.00625 0.00390625
0 0.61015625 0.7921875 0.00625 0.00234375
0 0.6328125 0.8078125 0.00625 0.0046875
0 0.6703125 0.8046875 0.0046875 0.0046875
0 0.68359375 0.80859375 0.0046875 0.0046875
0 0.5734375 0.8984375 0.0125 0.00625
0 0.58671875 0.8953125 0.00625 0.01015625
0 0.6484375 0.8890625 0.0078125 0.00625
0 0.70390625 0.86171875 0.00859375 0.0078125
0 0.590625 0.9078125 0.00625 0.0046875
0 0.615625 0.9109375 0.0046875 0.00234375
0 0.553125 0.91640625 0.0078125 0.00390625
0 0.5203125 0.92578125 0.0078125 0.00390625
0 0.57421875 0.93671875 0.00390625 0.0046875
0 0.59921875 0.8984375 0.0046875 0.00390625
0 0.5359375 0.9 0.00625 0.0046875
0 0.68046875 0.86171875 0.0078125 0.0078125
0 0.7078125 0.834375 0.0046875 0.00625
0 0.6171875 0.89765625 0.00625 0.0046875
0 0.56796875 0.8671875 0.0078125 0.0046875
0 0.60078125 0.828125 0.0078125 0.0078125