0 0.3265625 0.49453125 0.03515625 0.0421875
0 0.39375 0.4984375 0.0375 0.03203125
0 0.5078125 0.1625 0.03671875 0.03828125
0 0.5453125 0.68515625 0.04453125 0.040625
0 0.6859375 0.36328125 0.0515625 0.034375
0 0.7984375 0.2390625 0.02734375 0.02734375
0 0.57578125 0.0640625 0.015625 0.01796875
0 0.60234375 0.2453125 0.01640625 0.01796875
0 0.96328125 0.2125 0.01484375 0.01796875
0 0.7609375 0.09765625 0.01484375 0.01640625
0 0.5859375 0.46171875 0.01484375 0.0171875
0 0.77109375 0.3609375 0.01796875 0.02109375
0 0.83828125 0.53984375 0.0109375 0.0125
0 0.58125 0.3578125 0.03046875 0.04453125
0 0.8265625 0.41953125 0.01953125 0.02109375
0 0.95625 0.6 0.0109375 0.0140625
0 0.0703125 0.77265625 0.028125 0.03046875
0 0.9203125 0.5640625 0.01171875 0.015625
0 0.4015625 0.21015625 0.021875 0.03359375
0 0.9265625 0.321875 0.01171875 0.01484375
0 0.9828125 0.6140625 0.0140625 0.0234375
0 0.60703125 0.4546875 0.01328125 0.015625
0 0.71640625 0.49375 0.01875 0.02265625
0 0.68125 0.5796875 0.01640625 0.01796875
0 0.31484375 0.69921875 0.0140625 0.0234375
0 0.503125 0.071875 0.0203125 0.0265625
0 0.646875 0.8859375 0.0171875 0.02578125
0 0.8046875 0.9359375 0.01796875 0.025
0 0.31484375 0.08359375 0.0296875 0.028125
0 0.6265625 0.05078125 0.021875 0.025
0 0.728125 0.5015625 0.01640625 0.0203125
0 0.159375 0.64921875 0.01484375 0.0203125
0 0.83125 0.67734375 0.02109375 0.02578125
0 0.21328125 0.58359375 0.02578125 0.034375