0 0.33203125 0.4671875 0.02734375 0.040625
0 0.21796875 0.9453125 0.0515625 0.0578125
0 0.43671875 0.83515625 0.046875 0.0484375
0 0.41328125 0.91953125 0.01953125 0.0296875
0 0.396875 0.4578125 0.0265625 0.04609375
0 0.3421875 0.7625 0.01953125 0.03203125
0 0.7421875 0.67734375 0.04140625 0.04453125
0 0.48359375 0.9421875 0.0140625 0.01953125
0 0.5875 0.98125 0.015625 0.0171875
0 0.55625 0.65859375 0.03125 0.05234375
0 0.70546875 0.13984375 0.0265625 0.03203125
0 0.09296875 0.46796875 0.02421875 0.0359375
0 0.54765625 0.7703125 0.0140625 0.0171875
0 0.18828125 0.30703125 0.0421875 0.04921875
0 0.32890625 0.80703125 0.02421875 0.0421875
0 0.99453125 0.50234375 0.01015625 0.04609375
0 0.67109375 0.9453125 0.01328125 0.01796875
0 0.39609375 0.57578125 0.025 0.0359375
0 0.68359375 0.46484375 0.03203125 0.03671875
0 0.89296875 0.8765625 0.015625 0.0203125
0 0.6765625 0.07578125 0.028125 0.034375
0 0.72265625 0.15234375 0.01875 0.02578125
0 0.95390625 0.125 0.01640625 0.021875
0 0.7171875 0.34609375 0.046875 0.05
0 0.2359375 0.86796875 0.021875 0.02578125
0 0.065625 0.821875 0.0171875 0.0296875
0 0.7875 0.0546875 0.01640625 0.021875
0 0.5765625 0.55390625 0.0140625 0.01796875
0 0.1375 0.14375 0.02578125 0.03125
0 0.07734375 0.825 0.02421875 0.03203125
0 0.80390625 0.64765625 0.01796875 0.02265625
0 0.73984375 0.8171875 0.025 0.03125
0 0.653125 0.67421875 0.0234375 0.02734375
0 0.52421875 0.18125 0.01875 0.021875
0 0.234375 0.35546875 0.0296875 0.0421875
0 0.4921875 0.05625 0.01875 0.02109375
0 0.7203125 0.55078125 0.04921875 0.0390625
0 0.19765625 0.28203125 0.01328125 0.01796875
0 0.5484375 0.03828125 0.01640625 0.01875
0 0.921875 0.43984375 0.01171875 0.01484375
0 0.59453125 0.5671875 0.01171875 0.01484375
0 0.96796875 0.059375 0.01640625 0.01875
0 0.96796875 0.496875 0.0109375 0.01484375
0 0.775 0.94921875 0.034375 0.03984375
0 0.9265625 0.30625 0.01796875 0.0234375
0 0.83515625 0.065625 0.01796875 0.02421875
0 0.58828125 0.3375 0.02421875 0.03984375
0 0.8390625 0.534375 0.0328125 0.034375
0 0.921875 0.53359375 0.028125 0.03984375
0 0.87421875 0.76875 0.02265625 0.034375