0 0.434375 0.3203125 0.01484375 0.03125
0 0.60703125 0.490625 0.025 0.0296875
0 0.52578125 0.83046875 0.01484375 0.02265625
0 0.33046875 0.653125 0.02109375 0.02890625
0 0.2453125 0.66796875 0.01875 0.0359375
0 0.671875 0.48515625 0.02265625 0.0296875
0 0.3984375 0.55546875 0.01640625 0.0296875
0 0.4203125 0.54453125 0.01484375 0.025
0 0.4703125 0.93984375 0.0171875 0.0234375
0 0.73203125 0.98046875 0.02265625 0.02890625
0 0.2109375 0.0328125 0.01640625 0.025
0 0.2578125 0.02890625 0.01640625 0.02109375
0 0.31328125 0.13125 0.0140625 0.0234375
0 0.15 0.0953125 0.0140625 0.02109375
0 0.28671875 0.5328125 0.01015625 0.01484375
0 0.2734375 0.521875 0.00859375 0.0140625
0 0.2609375 0.53828125 0.00625 0.0078125
0 0.3125 0.4390625 0.0125 0.0203125
0 0.16015625 0.49453125 0.0140625 0.01640625
0 0.0765625 0.4796875 0.0109375 0.0109375
0 0.428125 0.7640625 0.0171875 0.01875