0 0.540625 0.49375 0.0171875 0.021875
0 0.73359375 0.97265625 0.046875 0.0546875
0 0.434375 0.32734375 0.03828125 0.03671875
0 0.33046875 0.65703125 0.025 0.0296875
0 0.525 0.8328125 0.015625 0.01953125
0 0.2125 0.03125 0.01875 0.0234375
0 0.26015625 0.02734375 0.01875 0.02109375
0 0.15234375 0.09765625 0.01953125 0.02578125
0 0.6734375 0.48359375 0.01328125 0.0203125
0 0.778125 0.38515625 0.025 0.034375
0 0.8984375 0.1828125 0.02421875 0.02890625
0 0.6046875 0.48671875 0.01640625 0.025
0 0.315625 0.13359375 0.01875 0.025
0 0.471875 0.9390625 0.015625 0.0203125
0 0.91328125 0.51171875 0.028125 0.03359375
0 0.23046875 0.790625 0.02734375 0.03359375
0 0.159375 0.4953125 0.009375 0.0125
0 0.2453125 0.665625 0.01875 0.02265625
0 0.42578125 0.7640625 0.0140625 0.0171875
0 0.54921875 0.8671875 0.01328125 0.01640625
0 0.38046875 0.71953125 0.015625 0.0171875
0 0.40859375 0.68046875 0.01484375 0.01640625
0 0.64921875 0.70859375 0.015625 0.01796875
0 0.41953125 0.54609375 0.01328125 0.01796875
0 0.03828125 0.446875 0.01015625 0.01328125
0 0.0765625 0.478125 0.01171875 0.01484375
0 0.82265625 0.31484375 0.01328125 0.01875
0 0.07109375 0.83359375 0.0140625 0.01875
0 0.54140625 0.921875 0.01796875 0.02734375
0 0.39921875 0.55546875 0.0125 0.01484375
0 0.6640625 0.28125 0.01171875 0.021875
0 0.31171875 0.4390625 0.01640625 0.01875
0 0.3703125 0.05625 0.0265625 0.028125
0 0.009375 0.43671875 0.0171875 0.02578125