3 0.07734375 0.52578125 0.025 0.0296875
3 0.7765625 0.6671875 0.02109375 0.0171875
3 0.24296875 0.6265625 0.0296875 0.01640625
3 0.20546875 0.55703125 0.02109375 0.015625
3 0.121875 0.61640625 0.01796875 0.01484375
3 0.0953125 0.609375 0.0140625 0.0109375
3 0.653125 0.67890625 0.015625 0.01640625
4 0.246875 0.77890625 0.00703125 0.0046875
3 0.6140625 0.6078125 0.01015625 0.00859375
3 0.2203125 0.34609375 0.021875 0.01328125
3 0.73671875 0.22890625 0.01171875 0.009375
3 0.88828125 0.6296875 0.0078125 0.00703125
3 0.83203125 0.7359375 0.0109375 0.01171875
3 0.690625 0.09609375 0.01015625 0.00703125
3 0.0828125 0.490625 0.01015625 0.01015625
3 0.11328125 0.6890625 0.01015625 0.01015625
3 0.0578125 0.6125 0.01015625 0.0125
3 0.07734375 0.66015625 0.00703125 0.01328125
3 0.20234375 0.784375 0.0171875 0.0125
3 0.37109375 0.9125 0.028125 0.01484375
3 0.8015625 0.77578125 0.01171875 0.00859375
3 0.01484375 0.51953125 0.00703125 0.01484375
3 0.02890625 0.52421875 0.00859375 0.009375
3 0.1765625 0.74375 0.015625 0.01015625
3 0.5578125 0.20234375 0.01953125 0.0140625
3 0.92578125 0.45234375 0.0046875 0.00703125