3 0.1140625 0.025 0.0140625 0.01015625
3 0.165625 0.0265625 0.00859375 0.0046875
3 0.25390625 0.04140625 0.00859375 0.00703125
3 0.27578125 0.009375 0.0109375 0.00703125
3 0.228125 0.059375 0.00859375 0.00546875
3 0.559375 0.15703125 0.0171875 0.0109375
3 0.7703125 0.0234375 0.015625 0.01171875
3 0.7671875 0.10625 0.01640625 0.009375
3 0.92734375 0.1359375 0.0109375 0.0109375
4 0.24921875 0.690625 0.0125 0.009375
3 0.2515625 0.70390625 0.01328125 0.009375
3 0.2171875 0.678125 0.00859375 0.00703125
4 0.16328125 0.69375 0.0140625 0.0109375
3 0.9453125 0.6734375 0.009375 0.0109375
3 0.93515625 0.684375 0.0109375 0.01328125
3 0.76875 0.89609375 0.01484375 0.00859375
3 0.71953125 0.95234375 0.015625 0.01484375
3 0.5609375 0.4296875 0.0109375 0.0078125
4 0.62109375 0.63828125 0.00703125 0.00546875
3 0.13671875 0.79609375 0.0140625 0.015625
3 0.09921875 0.646875 0.0046875 0.003125
3 0.82421875 0.80390625 0.0265625 0.01953125
3 0.534375 0.940625 0.01953125 0.01015625
3 0.55546875 0.953125 0.0125 0.01171875
4 0.83046875 0.01171875 0.0125 0.0078125
4 0.946875 0.00625 0.00703125 0.0046875
3 0.92890625 0.0703125 0.0078125 0.00546875
4 0.38359375 0.89453125 0.00859375 0.00703125
3 0.471875 0.92421875 0.0109375 0.00625
3 0.06953125 0.715625 0.0109375 0.01328125
3 0.03046875 0.1703125 0.00703125 0.00859375
3 0.0546875 0.165625 0.00625 0.00703125
4 0.11328125 0.03203125 0.009375 0.00703125
4 0.36953125 0.5375 0.01015625 0.0078125
3 0.2109375 0.84609375 0.0171875 0.0140625
4 0.27578125 0.9140625 0.00703125 0.00546875
3 0.26484375 0.90546875 0.01875 0.0140625
3 0.43359375 0.7046875 0.015625 0.009375
3 0.196875 0.0515625 0.0078125 0.00546875
3 0.84296875 0.7921875 0.01171875 0.01484375
3 0.678125 0.828125 0.01796875 0.0171875
3 0.6796875 0.853125 0.00859375 0.0109375
3 0.7453125 0.91484375 0.009375 0.0078125
4 0.4875 0.88515625 0.00859375 0.00625
3 0.303125 0.92578125 0.01171875 0.01015625
3 0.30859375 0.8671875 0.00859375 0.00703125
3 0.4234375 0.9546875 0.01640625 0.01171875