3 0.8390625 0.24765625 0.0046875 0.00390625
3 0.0953125 0.3046875 0.00859375 0.00546875
3 0.70625 0.22734375 0.0109375 0.00703125
3 0.71953125 0.2125 0.00859375 0.00546875
2 0.58515625 0.3734375 0.04765625 0.0296875
3 0.2515625 0.2078125 0.015625 0.00859375
3 0.37734375 0.2828125 0.01171875 0.00859375
4 0.403125 0.33125 0.009375 0.00703125
3 0.43515625 0.1171875 0.01484375 0.009375
3 0.73515625 0.21796875 0.01328125 0.01171875
3 0.703125 0.290625 0.01484375 0.009375
3 0.596875 0.571875 0.01796875 0.0109375
3 0.41328125 0.6703125 0.0046875 0.00234375
3 0.33125 0.6203125 0.01796875 0.0125
3 0.44765625 0.35078125 0.0140625 0.0109375
3 0.92578125 0.346875 0.00546875 0.00390625
3 0.1859375 0.27578125 0.0109375 0.0046875
3 0.69140625 0.1640625 0.02734375 0.0125
3 0.6671875 0.6171875 0.0109375 0.00703125