3 0.4171875 0.0859375 0.02265625 0.01640625
2 0.78984375 0.12109375 0.0203125 0.02109375
3 0.78828125 0.22265625 0.01640625 0.0078125
3 0.94921875 0.36875 0.0125 0.0421875
3 0.97578125 0.37578125 0.0078125 0.021875
3 0.69921875 0.1671875 0.0078125 0.003125
4 0.2546875 0.32265625 0.0125 0.01171875
4 0.23046875 0.32890625 0.03203125 0.01484375
4 0.0984375 0.45546875 0.01640625 0.0140625
3 0.01484375 0.48671875 0.0078125 0.01328125
4 0.7078125 0.5515625 0.0140625 0.0078125
4 0.28984375 0.71328125 0.01171875 0.009375
3 0.70703125 0.73828125 0.0109375 0.00859375
4 0.825 0.7546875 0.01328125 0.01015625
3 0.38125 0.7203125 0.00625 0.00703125
4 0.103125 0.6015625 0.0078125 0.00703125
3 0.01796875 0.5921875 0.00703125 0.0171875
4 0.80546875 0.634375 0.01953125 0.01328125
4 0.8375 0.67109375 0.01640625 0.0140625
4 0.92109375 0.67109375 0.009375 0.0171875
4 0.93359375 0.72734375 0.00625 0.00390625
4 0.8390625 0.80234375 0.0078125 0.00625
4 0.78828125 0.871875 0.01875 0.01484375
3 0.946875 0.5671875 0.0140625 0.02265625
3 0.91640625 0.603125 0.0140625 0.01875
4 0.93359375 0.5390625 0.009375 0.0125
3 0.86015625 0.84375 0.009375 0.00703125
3 0.1625 0.6671875 0.0078125 0.0078125
3 0.81953125 0.62265625 0.01328125 0.0109375
3 0.81953125 0.578125 0.01640625 0.0109375
3 0.85234375 0.7859375 0.0234375 0.01796875
3 0.6078125 0.93515625 0.0125 0.00859375
3 0.7359375 0.1265625 0.01015625 0.00625
3 0.7375 0.13203125 0.009375 0.00625
3 0.95 0.21796875 0.01171875 0.01484375
3 0.96640625 0.28046875 0.00703125 0.0078125
3 0.3671875 0.17890625 0.03359375 0.021875
3 0.8640625 0.51796875 0.025 0.01875
3 0.8625 0.57578125 0.03203125 0.01796875
3 0.1875 0.19453125 0.0125 0.01015625
3 0.6140625 0.23515625 0.01875 0.01484375
3 0.10078125 0.19375 0.0109375 0.0125
3 0.05 0.22265625 0.00859375 0.0109375
4 0.81328125 0.56171875 0.03359375 0.021875
3 0.52890625 0.30390625 0.0125 0.0109375
3 0.96953125 0.2921875 0.00703125 0.01171875
3 0.27265625 0.17734375 0.02734375 0.0109375
3 0.3171875 0.1 0.01484375 0.009375
3 0.89921875 0.5828125 0.0109375 0.01640625
3 0.89375 0.6171875 0.009375 0.0078125
3 0.1046875 0.65078125 0.02109375 0.01875
3 0.07578125 0.66484375 0.0078125 0.01640625