4 0.4421875 0.4640625 0.02578125 0.01796875
4 0.51640625 0.4390625 0.02265625 0.0140625
4 0.60234375 0.44375 0.0203125 0.01640625
4 0.55703125 0.3421875 0.01015625 0.0078125
4 0.57890625 0.25859375 0.0140625 0.009375
4 0.6171875 0.21328125 0.01796875 0.01171875
3 0.7421875 0.059375 0.02265625 0.0140625
3 0.6890625 0.0578125 0.0265625 0.02265625
4 0.80078125 0.19140625 0.0265625 0.01875
4 0.4015625 0.11640625 0.01015625 0.0078125
4 0.3640625 0.028125 0.01640625 0.0109375
4 0.21484375 0.79921875 0.02578125 0.015625
4 0.5421875 0.5515625 0.009375 0.0078125
4 0.83984375 0.5046875 0.0140625 0.009375
4 0.82109375 0.76484375 0.00859375 0.00625
4 0.14375 0.76484375 0.01015625 0.00859375
3 0.01328125 0.521875 0.015625 0.01796875
3 0.12265625 0.55390625 0.015625 0.01015625
4 0.5453125 0.409375 0.00546875 0.00390625
3 0.53125 0.40078125 0.02109375 0.0140625
3 0.215625 0.5375 0.02578125 0.0203125
3 0.14765625 0.834375 0.0203125 0.01484375
3 0.77890625 0.70859375 0.015625 0.0109375
3 0.85859375 0.78515625 0.01796875 0.01171875
3 0.13671875 0.2109375 0.0140625 0.0140625
3 0.3140625 0.93359375 0.01015625 0.0109375
3 0.3046875 0.9359375 0.01171875 0.0109375
4 0.928125 0.29375 0.00859375 0.00859375
3 0.80078125 0.81484375 0.00859375 0.00625
3 0.6859375 0.68125 0.02109375 0.01875
3 0.30234375 0.175 0.0125 0.0109375
3 0.34765625 0.171875 0.01015625 0.0078125
3 0.6984375 0.03046875 0.015625 0.009375
4 0.3375 0.9421875 0.0203125 0.01171875
3 0.7203125 0.13046875 0.01328125 0.00859375
3 0.93203125 0.3765625 0.0125 0.0125
2 0.028125 0.68359375 0.02578125 0.03203125
3 0.9359375 0.740625 0.0078125 0.009375
3 0.053125 0.34921875 0.00625 0.00703125
3 0.08203125 0.3125 0.009375 0.0109375
3 0.05 0.315625 0.009375 0.01328125
3 0.94921875 0.2609375 0.00546875 0.00703125
3 0.96484375 0.31171875 0.00703125 0.01015625
3 0.94140625 0.30078125 0.00703125 0.00859375
3 0.94765625 0.24765625 0.00390625 0.00625
3 0.840625 0.2390625 0.00703125 0.00546875
3 0.1421875 0.09765625 0.01640625 0.0140625
3 0.340625 0.0734375 0.01953125 0.01484375
3 0.75546875 0.93125 0.0109375 0.009375