3 0.728125 0.18046875 0.01015625 0.00859375
4 0.70703125 0.2328125 0.009375 0.00859375
4 0.85703125 0.665625 0.01640625 0.01953125
3 0.878125 0.6640625 0.01015625 0.01171875
3 0.8765625 0.6375 0.00859375 0.009375
4 0.171875 0.71328125 0.00625 0.00546875
4 0.38046875 0.13359375 0.0109375 0.00859375
4 0.52109375 0.0515625 0.01171875 0.0078125
3 0.07578125 0.55859375 0.0078125 0.01015625
3 0.53203125 0.07109375 0.01015625 0.0078125
3 0.8796875 0.75546875 0.0078125 0.0109375
3 0.540625 0.9140625 0.0046875 0.00390625
3 0.0953125 0.61171875 0.0109375 0.01171875