4 0.48046875 0.1140625 0.0234375 0.01484375
4 0.42578125 0.08203125 0.015625 0.01015625
4 0.29296875 0.22734375 0.015625 0.009375
3 0.32421875 0.11875 0.01796875 0.01171875
2 0.88984375 0.62265625 0.04765625 0.0421875
4 0.5140625 0.82109375 0.01328125 0.0078125
3 0.42734375 0.67265625 0.01171875 0.0109375
3 0.72109375 0.56796875 0.02109375 0.015625
3 0.79765625 0.57265625 0.01875 0.01328125
4 0.696875 0.71875 0.01796875 0.01484375
3 0.71953125 0.7296875 0.025 0.0140625
4 0.4671875 0.8484375 0.0078125 0.00546875
4 0.4984375 0.1484375 0.01015625 0.00703125
4 0.49921875 0.21875 0.0109375 0.0046875
3 0.26640625 0.11796875 0.025 0.01796875
3 0.4671875 0.078125 0.00859375 0.00625
3 0.32109375 0.19921875 0.0140625 0.0078125
3 0.25703125 0.590625 0.01953125 0.0109375
3 0.32265625 0.56953125 0.01796875 0.0109375
3 0.6453125 0.8390625 0.0078125 0.00546875
2 0.20625 0.70234375 0.04765625 0.0375
3 0.7640625 0.6875 0.00859375 0.00859375
3 0.70546875 0.60234375 0.00859375 0.00859375
3 0.69921875 0.59765625 0.0078125 0.0046875
3 0.33671875 0.696875 0.01015625 0.00859375
3 0.7984375 0.66328125 0.01015625 0.00703125
3 0.49609375 0.66875 0.021875 0.0140625
3 0.63203125 0.640625 0.0140625 0.01171875
2 0.153125 0.671875 0.0296875 0.0390625
3 0.2625 0.52109375 0.0109375 0.0078125
3 0.28515625 0.49453125 0.01015625 0.0078125
3 0.23046875 0.14609375 0.01171875 0.00859375
2 0.1765625 0.18984375 0.04140625 0.025
3 0.84453125 0.73828125 0.01640625 0.0109375
3 0.83046875 0.66015625 0.0234375 0.01875
3 0.74296875 0.12890625 0.0140625 0.00703125
3 0.22578125 0.8265625 0.03046875 0.0328125
3 0.5578125 0.09296875 0.04140625 0.01640625
3 0.45234375 0.1421875 0.015625 0.01015625
3 0.8421875 0.2171875 0.015625 0.0109375
3 0.13671875 0.159375 0.0109375 0.0109375
3 0.09296875 0.4046875 0.01171875 0.01484375
4 0.9140625 0.5734375 0.01328125 0.0109375
3 0.2859375 0.10234375 0.01875 0.009375
3 0.4453125 0.18671875 0.0296875 0.0203125
3 0.4296875 0.19765625 0.01796875 0.0125
3 0.840625 0.6359375 0.01328125 0.0109375
3 0.7515625 0.66328125 0.00859375 0.00859375
3 0.76875 0.88046875 0.01796875 0.01484375
3 0.07265625 0.58359375 0.0125 0.01484375
4 0.72734375 0.5890625 0.00859375 0.00625
3 0.86796875 0.1921875 0.0125 0.009375
2 0.51875 0.37890625 0.0625 0.03359375
2 0.21953125 0.62578125 0.0375 0.02421875
3 0.3421875 0.62265625 0.0109375 0.0078125
3 0.725 0.8703125 0.0265625 0.01328125
3 0.19375 0.10234375 0.01171875 0.00625