3 0.165625 0.50234375 0.009375 0.00703125
3 0.1578125 0.52578125 0.009375 0.0078125
3 0.17421875 0.52421875 0.0078125 0.00703125
3 0.20078125 0.56171875 0.01015625 0.009375
3 0.240625 0.5421875 0.0109375 0.0078125
3 0.184375 0.653125 0.01875 0.01953125
4 0.275 0.81328125 0.03046875 0.0234375
2 0.57265625 0.8453125 0.0515625 0.02734375
2 0.68359375 0.78984375 0.0515625 0.0234375
2 0.71015625 0.8265625 0.02890625 0.03203125
3 0.375 0.40078125 0.009375 0.00625
3 0.3140625 0.39453125 0.00546875 0.0046875
3 0.75 0.55703125 0.00859375 0.00859375
3 0.7 0.66484375 0.01328125 0.01015625
3 0.60546875 0.44921875 0.01171875 0.0078125
3 0.7015625 0.6109375 0.01015625 0.00703125
4 0.3890625 0.62734375 0.0078125 0.00625
3 0.24140625 0.646875 0.00859375 0.0046875
3 0.13359375 0.68828125 0.0109375 0.01484375
2 0.3625 0.871875 0.053125 0.0359375
3 0.3859375 0.51875 0.00859375 0.00859375
4 0.484375 0.44921875 0.0109375 0.00625
4 0.63359375 0.09921875 0.01015625 0.00703125
4 0.52265625 0.09765625 0.015625 0.0125
4 0.55546875 0.175 0.0140625 0.01015625
3 0.22265625 0.1078125 0.0109375 0.00625
3 0.028125 0.53984375 0.0109375 0.009375
3 0.28671875 0.784375 0.01328125 0.0109375
3 0.48046875 0.82578125 0.00859375 0.0078125
3 0.68203125 0.75859375 0.0125 0.01015625
3 0.2578125 0.6234375 0.00859375 0.00703125
3 0.24140625 0.66484375 0.01171875 0.009375
3 0.2796875 0.63203125 0.01171875 0.0078125
3 0.22109375 0.60859375 0.00703125 0.0046875
3 0.221875 0.603125 0.0078125 0.00546875
3 0.2 0.60859375 0.00546875 0.00390625
3 0.23203125 0.53046875 0.00703125 0.00546875
4 0.3171875 0.48359375 0.01015625 0.00703125
3 0.10546875 0.57109375 0.0078125 0.00625
3 0.7203125 0.484375 0.021875 0.0203125
3 0.8765625 0.5125 0.015625 0.01484375
4 0.91796875 0.2234375 0.0078125 0.01015625
4 0.8859375 0.14296875 0.0109375 0.01171875
4 0.89609375 0.14140625 0.00703125 0.0078125
4 0.92421875 0.18359375 0.00703125 0.0078125
4 0.90234375 0.15 0.00859375 0.0078125
3 0.715625 0.07578125 0.0125 0.0109375
3 0.7453125 0.1390625 0.01015625 0.00625
3 0.72890625 0.05234375 0.01328125 0.0109375
3 0.7796875 0.06015625 0.0109375 0.00859375
4 0.8265625 0.625 0.0078125 0.00546875
3 0.83984375 0.6015625 0.00703125 0.00625
3 0.246875 0.48984375 0.0109375 0.009375
3 0.2453125 0.54921875 0.0078125 0.00625
3 0.22421875 0.57421875 0.00703125 0.00625
3 0.2140625 0.50703125 0.0109375 0.0046875
3 0.25703125 0.12578125 0.0140625 0.0078125
3 0.84765625 0.1890625 0.00859375 0.0078125
3 0.8375 0.16953125 0.00859375 0.00625
3 0.309375 0.4703125 0.00625 0.00625
3 0.84765625 0.553125 0.0078125 0.00625
3 0.86796875 0.54453125 0.009375 0.00703125
3 0.8671875 0.62734375 0.0078125 0.0078125
3 0.76171875 0.77890625 0.01484375 0.01484375
3 0.7890625 0.80390625 0.01171875 0.0140625
3 0.29609375 0.4609375 0.0078125 0.00625
3 0.93046875 0.46875 0.01015625 0.01328125
3 0.7765625 0.59453125 0.0078125 0.00625
3 0.27734375 0.66328125 0.0109375 0.01015625
3 0.58046875 0.5234375 0.015625 0.0125
3 0.8140625 0.71015625 0.00859375 0.01171875
3 0.9015625 0.28984375 0.00703125 0.0078125
3 0.8015625 0.09765625 0.009375 0.00625
3 0.80546875 0.66875 0.00859375 0.00703125