4 0.128125 0.6046875 0.01328125 0.009375
3 0.09140625 0.7796875 0.01171875 0.01171875
3 0.14453125 0.7796875 0.01328125 0.01484375
4 0.33046875 0.73515625 0.02578125 0.021875
4 0.58515625 0.51640625 0.01171875 0.0109375
4 0.67265625 0.7625 0.009375 0.00703125
3 0.7171875 0.7734375 0.01015625 0.0109375
4 0.59453125 0.84921875 0.0109375 0.00859375
3 0.30703125 0.1796875 0.009375 0.00859375
3 0.78046875 0.1875 0.0171875 0.01171875
4 0.840625 0.3109375 0.009375 0.0109375
3 0.03125 0.55703125 0.009375 0.0078125
4 0.078125 0.54296875 0.00859375 0.00546875
4 0.734375 0.69765625 0.0078125 0.00703125
3 0.73203125 0.8734375 0.01171875 0.01015625
3 0.8109375 0.8125 0.009375 0.0109375
3 0.74921875 0.17109375 0.01171875 0.01015625
3 0.853125 0.31875 0.0078125 0.00859375
3 0.12734375 0.76484375 0.0125 0.01328125
3 0.065625 0.3515625 0.00859375 0.0140625
3 0.309375 0.9375 0.0109375 0.009375
3 0.0265625 0.590625 0.009375 0.01171875
3 0.178125 0.80703125 0.00703125 0.00625
3 0.45390625 0.8484375 0.00859375 0.00625
3 0.8453125 0.71328125 0.00859375 0.00703125
3 0.70625 0.20234375 0.01015625 0.00625
3 0.6046875 0.57734375 0.01328125 0.00625
3 0.0828125 0.69453125 0.0046875 0.00703125
3 0.80390625 0.76484375 0.0125 0.01328125
3 0.20390625 0.73125 0.01015625 0.00703125