3 0.70625 0.84765625 0.04296875 0.02890625
3 0.678125 0.890625 0.03046875 0.0203125
3 0.72890625 0.92265625 0.02109375 0.01796875
4 0.4875 0.84765625 0.01953125 0.01171875
3 0.8109375 0.68203125 0.028125 0.01796875
4 0.87578125 0.72578125 0.0125 0.009375
3 0.10078125 0.74765625 0.025 0.02265625
3 0.9859375 0.528125 0.0109375 0.0109375
3 0.5765625 0.734375 0.0078125 0.00546875
3 0.87421875 0.17421875 0.0125 0.0109375
3 0.98203125 0.596875 0.01953125 0.01796875
3 0.9765625 0.66484375 0.01015625 0.0078125
3 0.87421875 0.81640625 0.01484375 0.0109375
2 0.91953125 0.2578125 0.04296875 0.04140625
3 0.13515625 0.05859375 0.01171875 0.0078125
3 0.21953125 0.015625 0.00703125 0.00703125
3 0.82421875 0.146875 0.0078125 0.0046875
3 0.075 0.3578125 0.0203125 0.021875
3 0.15 0.75546875 0.0140625 0.01171875
3 0.81484375 0.70859375 0.01171875 0.009375
3 0.28515625 0.89609375 0.00859375 0.00703125
3 0.64296875 0.7453125 0.00859375 0.00546875
4 0.990625 0.3515625 0.009375 0.01015625
3 0.965625 0.5546875 0.00703125 0.00703125