0 0.34921875 0.3046875 0.01484375 0.01640625
0 0.31015625 0.41640625 0.01171875 0.01640625
0 0.446875 0.16796875 0.01328125 0.015625
0 0.32421875 0.31328125 0.0140625 0.01875
0 0.428125 0.1625 0.0140625 0.01640625
0 0.49921875 0.28515625 0.01015625 0.01328125
0 0.34375 0.1578125 0.01484375 0.01640625
0 0.49921875 0.24765625 0.01328125 0.0171875
0 0.24921875 0.21875 0.01484375 0.0171875
0 0.54140625 0.31328125 0.01171875 0.0125
0 0.4765625 0.38828125 0.01171875 0.0140625
0 0.51015625 0.5125 0.015625 0.0171875
0 0.51015625 0.3109375 0.01015625 0.01328125
0 0.37890625 0.25625 0.01796875 0.025
0 0.1390625 0.47421875 0.01328125 0.02109375
0 0.41015625 0.45 0.015625 0.01875
0 0.3625 0.41328125 0.0234375 0.03984375
0 0.28046875 0.4421875 0.015625 0.025
0 0.21953125 0.45859375 0.01875 0.03046875
0 0.51640625 0.13125 0.0140625 0.01484375
0 0.22421875 0.28046875 0.01328125 0.0171875
0 0.540625 0.50625 0.0140625 0.0203125
0 0.5421875 0.33828125 0.01796875 0.0203125
0 0.3328125 0.6921875 0.01484375 0.0171875
0 0.578125 0.3375 0.0125 0.0140625
0 0.38359375 0.6578125 0.03125 0.03203125
0 0.1890625 0.36875 0.03046875 0.040625
0 0.03671875 0.7703125 0.015625 0.0203125
0 0.79765625 0.9109375 0.01875 0.0203125
0 0.0390625 0.728125 0.01640625 0.0203125
0 0.56484375 0.496875 0.0125 0.0171875
0 0.6 0.865625 0.0109375 0.0171875
0 0.190625 0.91640625 0.01328125 0.01484375
0 0.30625 0.55703125 0.01875 0.0328125
0 0.3828125 0.91640625 0.0140625 0.015625
0 0.04140625 0.79609375 0.0296875 0.0328125
0 0.70390625 0.925 0.021875 0.02265625
0 0.46953125 0.77890625 0.01796875 0.02421875
0 0.671875 0.80625 0.02109375 0.0265625