0 0.61484375 0.47734375 0.00234375 0.0125
0 0.4984375 0.275 0.0125 0.0171875
0 0.53515625 0.28515625 0.01640625 0.0296875
0 0.44296875 0.1578125 0.01015625 0.02109375
0 0.5359375 0.34921875 0.01875 0.01640625
0 0.6828125 0.459375 0.0171875 0.0203125
0 0.4828125 0.4984375 0.01484375 0.0125
0 0.4609375 0.471875 0.0203125 0.0265625
0 0.4203125 0.29375 0.02265625 0.02109375
0 0.45546875 0.2984375 0.01640625 0.01875
0 0.5984375 0.55078125 0.0140625 0.0328125
0 0.58359375 0.4546875 0.0125 0.01640625
0 0.60625 0.4203125 0.01640625 0.0265625
0 0.6234375 0.3796875 0.01640625 0.0265625
0 0.62578125 0.58515625 0.01484375 0.02265625