0 0.38515625 0.47734375 0.00234375 0.0125
0 0.5015625 0.275 0.0125 0.0171875
0 0.46484375 0.28515625 0.01640625 0.0296875
0 0.55703125 0.1578125 0.00859375 0.02109375
0 0.4640625 0.34921875 0.01875 0.01640625
0 0.3171875 0.459375 0.0171875 0.0203125
0 0.5171875 0.4984375 0.01484375 0.0125
0 0.5390625 0.471875 0.01875 0.0265625
0 0.5796875 0.29375 0.02265625 0.02109375
0 0.54453125 0.2984375 0.01640625 0.01875
0 0.4015625 0.55078125 0.0140625 0.0328125
0 0.41640625 0.4546875 0.0125 0.01640625
0 0.39375 0.4203125 0.0171875 0.0265625
0 0.3765625 0.3796875 0.0171875 0.0265625
0 0.37421875 0.58515625 0.01484375 0.02265625