4 0.63125 0.51953125 0.1453125 0.1234375
4 0.86328125 0.0453125 0.09375 0.03984375
4 0.9515625 0.109375 0.0609375 0.12421875
3 0.428125 0.1515625 0.04140625 0.04375
3 0.2203125 0.3515625 0.0484375 0.03046875
4 0.4875 0.5703125 0.08984375 0.0703125
4 0.378125 0.5515625 0.0625 0.08046875
4 0.30859375 0.4875 0.0265625 0.0265625
4 0.38203125 0.42734375 0.028125 0.0203125
3 0.290625 0.33828125 0.05078125 0.1046875
3 0.490625 0.4359375 0.06640625 0.0546875
3 0.52109375 0.5015625 0.0546875 0.059375
4 0.30859375 0.63359375 0.028125 0.02578125
4 0.3828125 0.6671875 0.0296875 0.03046875
4 0.5359375 0.63046875 0.03125 0.03203125
3 0.73125 0.55703125 0.034375 0.0453125
3 0.43515625 0.78359375 0.0265625 0.02421875
3 0.46953125 0.82265625 0.04375 0.0484375
3 0.55390625 0.771875 0.1328125 0.046875
3 0.5390625 0.821875 0.05078125 0.040625
3 0.6375 0.6375 0.09609375 0.06484375
3 0.5640625 0.6984375 0.090625 0.0515625
3 0.7328125 0.63984375 0.06796875 0.0875
5 0.6421875 0.04921875 0.02109375 0.0125
5 0.6765625 0.08984375 0.08046875 0.02109375
4 0.42109375 0.36875 0.0546875 0.0328125
5 0.56875 0.0953125 0.0453125 0.06796875
5 0.76796875 0.05859375 0.04375 0.03046875
5 0.7796875 0.09375 0.02890625 0.01875
5 0.240625 0.22578125 0.0359375 0.0421875
3 0.65703125 0.73359375 0.06796875 0.1
3 0.1421875 0.60078125 0.06484375 0.1578125
3 0.21875 0.68828125 0.06953125 0.10078125
3 0.37890625 0.82890625 0.0953125 0.09609375
3 0.51796875 0.93515625 0.109375 0.06171875
3 0.83203125 0.80703125 0.13125 0.03828125
3 0.72578125 0.86953125 0.0390625 0.04375
3 0.8046875 0.51328125 0.0984375 0.05625
3 0.90625 0.55625 0.059375 0.046875
3 0.56171875 0.38125 0.11640625 0.05