4 0.2015625 0.2921875 0.0265625 0.0234375
4 0.2765625 0.32734375 0.08125 0.109375
4 0.2515625 0.43125 0.0671875 0.0796875
4 0.2390625 0.51953125 0.053125 0.0734375
4 0.21171875 0.57109375 0.0484375 0.046875
4 0.13671875 0.63203125 0.0265625 0.0265625
4 0.1390625 0.52734375 0.0546875 0.0671875
4 0.1390625 0.4421875 0.04375 0.0296875
4 0.06328125 0.35 0.021875 0.0234375
4 0.09375 0.28203125 0.0234375 0.0234375
4 0.16796875 0.3484375 0.03125 0.0296875
4 0.3453125 0.2125 0.0859375 0.0859375
4 0.25390625 0.63359375 0.028125 0.059375
4 0.2953125 0.5921875 0.0359375 0.0625
4 0.3390625 0.6328125 0.0234375 0.025
4 0.2828125 0.6796875 0.025 0.025
4 0.3078125 0.70859375 0.025 0.0234375
4 0.3421875 0.7328125 0.0390625 0.046875
4 0.46484375 0.1546875 0.025 0.028125
4 0.4375 0.30078125 0.0671875 0.0796875
4 0.378125 0.3765625 0.0359375 0.0484375
4 0.334375 0.4203125 0.0265625 0.0265625
4 0.3109375 0.53203125 0.0234375 0.0234375
4 0.33046875 0.5046875 0.0265625 0.0265625
4 0.38984375 0.48984375 0.05 0.0828125
4 0.44140625 0.53359375 0.0296875 0.0375
4 0.4921875 0.56015625 0.0578125 0.0484375
4 0.4890625 0.4140625 0.0359375 0.0359375
4 0.51953125 0.3265625 0.0640625 0.0796875
4 0.6171875 0.2234375 0.0296875 0.025
4 0.73359375 0.2671875 0.065625 0.0796875
4 0.6015625 0.446875 0.0375 0.0359375
4 0.5359375 0.48671875 0.0484375 0.059375
4 0.571875 0.5328125 0.04375 0.046875
4 0.58984375 0.4859375 0.0296875 0.0359375
4 0.64765625 0.4984375 0.0375 0.0453125
4 0.77265625 0.3203125 0.025 0.0265625
4 0.8140625 0.1765625 0.034375 0.0296875
4 0.8984375 0.27734375 0.128125 0.0703125
4 0.8125 0.31328125 0.0453125 0.0640625
4 0.74296875 0.3953125 0.0734375 0.05625
4 0.6421875 0.5515625 0.0796875 0.0640625
4 0.43359375 0.61796875 0.0375 0.06875
4 0.478125 0.6640625 0.03125 0.0921875
4 0.5140625 0.6671875 0.0203125 0.0203125
4 0.5421875 0.73203125 0.046875 0.0828125
4 0.5765625 0.6640625 0.0515625 0.04375
4 0.6421875 0.64765625 0.0421875 0.0703125
4 0.6875 0.6328125 0.0484375 0.0765625
4 0.7046875 0.53125 0.028125 0.0375
4 0.7640625 0.6078125 0.0640625 0.090625
4 0.7296875 0.7015625 0.034375 0.034375
4 0.73515625 0.8390625 0.028125 0.03125
4 0.9 0.35234375 0.040625 0.0421875
4 0.83359375 0.41015625 0.0453125 0.075
4 0.8859375 0.43671875 0.0390625 0.071875
4 0.909375 0.403125 0.0359375 0.0359375
4 0.975 0.37890625 0.05 0.0875
4 0.8984375 0.61484375 0.203125 0.2921875
4 0.9890625 0.4703125 0.021875 0.0390625