4 0.4015625 0.6 0.0375 0.015625
3 0.63203125 0.5015625 0.0546875 0.025
3 0.671875 0.5421875 0.065625 0.028125
3 0.615625 0.5546875 0.040625 0.01484375
3 0.61640625 0.57578125 0.040625 0.01875
3 0.40859375 0.49921875 0.03671875 0.0328125
3 0.40546875 0.575 0.03359375 0.0140625
3 0.48515625 0.58984375 0.02265625 0.0125
3 0.7921875 0.56953125 0.05 0.02734375
3 0.29375 0.56953125 0.03984375 0.01796875
3 0.603125 0.52265625 0.04765625 0.02109375
3 0.81875 0.42109375 0.040625 0.01875
3 0.71640625 0.34296875 0.0421875 0.02734375
3 0.61953125 0.3390625 0.03125 0.02109375
3 0.78203125 0.49140625 0.03046875 0.01796875