4 0.61328125 0.35859375 0.046875 0.03359375
3 0.65390625 0.6328125 0.02578125 0.03046875
2 0.490625 0.74375 0.040625 0.0453125
1 0.3859375 0.834375 0.075 0.04453125
1 0.4203125 0.35625 0.0390625 0.0484375
1 0.6875 0.315625 0.028125 0.0359375
3 0.5546875 0.32734375 0.0359375 0.0328125
1 0.5625 0.375 0.02421875 0.03671875
3 0.93125 0.4171875 0.03515625 0.03359375
1 0.74375 0.51328125 0.0390625 0.0265625
1 0.54921875 0.50078125 0.01484375 0.02578125
1 0.58671875 0.53359375 0.02109375 0.03046875
1 0.59921875 0.57890625 0.0234375 0.0234375