3 0.92734375 0.3234375 0.0421875 0.0734375
3 0.51796875 0.25625 0.053125 0.10859375
4 0.4578125 0.4296875 0.03515625 0.08984375
4 0.54375 0.46875 0.02421875 0.0578125
3 0.4859375 0.534375 0.03125 0.046875
3 0.33984375 0.78671875 0.03359375 0.05
4 0.14453125 0.778125 0.0203125 0.04453125
3 0.56484375 0.16484375 0.028125 0.046875
3 0.7015625 0.95703125 0.0359375 0.05546875
3 0.2984375 0.44296875 0.03046875 0.06796875
3 0.4296875 0.81875 0.04140625 0.05546875
3 0.64296875 0.4828125 0.025 0.0453125
3 0.65 0.26953125 0.03125 0.059375
3 0.71796875 0.29296875 0.03046875 0.07265625
3 0.8109375 0.41328125 0.03125 0.04921875
3 0.83359375 0.4765625 0.025 0.0421875
3 0.921875 0.60078125 0.02265625 0.04453125
3 0.825 0.80703125 0.02265625 0.0421875
3 0.9015625 0.8171875 0.02421875 0.03671875
3 0.36953125 0.66328125 0.04140625 0.05546875
3 0.87578125 0.24609375 0.02109375 0.03125
3 0.5765625 0.5125 0.025 0.040625
3 0.596875 0.55546875 0.0203125 0.02734375
3 0.509375 0.66640625 0.04453125 0.03046875
3 0.73828125 0.8921875 0.01953125 0.04296875
3 0.88671875 0.68671875 0.025 0.05390625
3 0.7890625 0.3421875 0.03125 0.05
3 0.7671875 0.428125 0.01484375 0.0640625
3 0.259375 0.3171875 0.021875 0.0453125
3 0.04609375 0.24765625 0.01953125 0.03046875
3 0.0671875 0.26875 0.02421875 0.0328125
3 0.015625 0.06640625 0.02109375 0.0265625
3 0.38515625 0.76171875 0.025 0.0421875
3 0.3953125 0.4609375 0.03046875 0.05390625
3 0.7625 0.03203125 0.02265625 0.0328125
3 0.7890625 0.11328125 0.0203125 0.03359375
3 0.83046875 0.08203125 0.0234375 0.065625
3 0.428125 0.7046875 0.0234375 0.04140625
3 0.06953125 0.13984375 0.05390625 0.04921875
3 0.42109375 0.33359375 0.025 0.03984375
3 0.4890625 0.3453125 0.02421875 0.02734375
3 0.49375 0.4140625 0.0234375 0.046875