4 0.1734375 0.09375 0.034375 0.04765625
0 0.52890625 0.76484375 0.028125 0.0421875
4 0.940625 0.25234375 0.01875 0.0390625
2 0.178125 0.59765625 0.03125 0.0453125
3 0.48984375 0.1109375 0.01328125 0.03203125
3 0.0703125 0.49375 0.02265625 0.03671875
0 0.58828125 0.80546875 0.01171875 0.01953125
0 0.68046875 0.8328125 0.0359375 0.02890625
1 0.053125 0.3796875 0.03828125 0.0546875
1 0.075 0.2140625 0.0234375 0.05
1 0.81640625 0.21953125 0.03671875 0.04296875
1 0.10625 0.5046875 0.025 0.03671875
1 0.81875 0.121875 0.01875 0.03671875
1 0.51796875 0.04375 0.05078125 0.03984375
1 0.2078125 0.690625 0.03125 0.02578125
1 0.21953125 0.96328125 0.01875 0.06171875
1 0.6390625 0.93984375 0.034375 0.03203125
0 0.35234375 0.92734375 0.01796875 0.03515625
0 0.584375 0.734375 0.02421875 0.0390625