4 0.575 0.46171875 0.02578125 0.05390625
4 0.596875 0.60546875 0.02265625 0.04140625
3 0.62890625 0.58515625 0.021875 0.03515625
3 0.6265625 0.52578125 0.0234375 0.03359375
3 0.59765625 0.31875 0.02421875 0.03046875
3 0.30703125 0.35078125 0.02890625 0.0359375
3 0.34765625 0.8234375 0.03046875 0.0390625
3 0.24921875 0.23515625 0.05 0.02890625
3 0.11328125 0.4796875 0.01953125 0.02421875
3 0.13515625 0.5703125 0.0203125 0.04375
3 0.21015625 0.42578125 0.01640625 0.02109375
3 0.59921875 0.25546875 0.0109375 0.02421875
3 0.62421875 0.134375 0.0171875 0.0328125
3 0.6359375 0.1609375 0.0234375 0.0234375
3 0.790625 0.3015625 0.0203125 0.0203125
3 0.77890625 0.42734375 0.01953125 0.0203125
3 0.79375 0.51484375 0.01640625 0.02421875
3 0.78203125 0.56796875 0.01796875 0.034375
3 0.70859375 0.58828125 0.015625 0.03671875
3 0.6859375 0.709375 0.0125 0.028125
3 0.75 0.76953125 0.015625 0.06328125
3 0.46328125 0.090625 0.02421875 0.0125
3 0.3046875 0.08125 0.0375 0.021875
3 0.128125 0.234375 0.0125 0.03984375
3 0.15625 0.2359375 0.021875 0.02734375
3 0.17578125 0.41640625 0.0234375 0.025
3 0.13203125 0.34765625 0.0140625 0.02265625
3 0.51640625 0.37421875 0.01015625 0.01875
3 0.52421875 0.40703125 0.0203125 0.028125
3 0.51953125 0.5703125 0.01640625 0.0453125
3 0.53125 0.51953125 0.01171875 0.02734375
3 0.45390625 0.19140625 0.0109375 0.05390625
3 0.421875 0.10546875 0.02578125 0.025
3 0.196875 0.05390625 0.0125 0.01796875
3 0.26875 0.8375 0.01640625 0.0421875
3 0.28828125 0.82421875 0.01796875 0.03359375
3 0.32890625 0.61171875 0.02265625 0.04140625
3 0.5671875 0.01875 0.01328125 0.0140625
3 0.81796875 0.14453125 0.01328125 0.03125
3 0.55 0.2328125 0.01484375 0.0171875
3 0.4125 0.25234375 0.01640625 0.02890625
3 0.6921875 0.2109375 0.0296875 0.04609375