1 0.39609375 0.69296875 0.2109375 0.3
1 0.340625 0.49453125 0.125 0.0671875
1 0.40859375 0.3734375 0.13984375 0.17265625
1 0.61640625 0.91875 0.13984375 0.13671875
1 0.6421875 0.50703125 0.1265625 0.20390625
1 0.78515625 0.5078125 0.15078125 0.50546875
4 0.24375 0.55546875 0.034375 0.05078125
2 0.41484375 0.953125 0.125 0.06953125
0 0.1734375 0.1734375 0.0078125 0.00859375
0 0.15 0.16328125 0.00859375 0.0046875
0 0.15625 0.14609375 0.00625 0.009375
0 0.290625 0.0921875 0.01015625 0.0171875
5 0.18359375 0.0546875 0.01875 0.02734375
5 0.0953125 0.1359375 0.00859375 0.01484375
5 0.20078125 0.28984375 0.0109375 0.01015625
5 0.2265625 0.32890625 0.01015625 0.0203125
0 0.17890625 0.01640625 0.00703125 0.01484375
0 0.25 0.0390625 0.01015625 0.01171875
0 0.196875 0.0796875 0.01015625 0.01953125
0 0.2046875 0.05859375 0.009375 0.01640625
5 0.09609375 0.0796875 0.00859375 0.02578125
2 0.30390625 0.2484375 0.028125 0.090625