2 0.59765625 0.6640625 0.1 0.4125
2 0.5890625 0.36484375 0.1015625 0.1859375
2 0.34921875 0.55625 0.096875 0.16328125
2 0.2109375 0.5515625 0.11796875 0.2671875
1 0.34453125 0.8484375 0.26484375 0.28828125
0 0.17890625 0.325 0.021875 0.034375
3 0.35703125 0.3125 0.02890625 0.05078125
3 0.46015625 0.31484375 0.03671875 0.04453125
4 0.05859375 0.15390625 0.04375 0.06875
4 0.75703125 0.56640625 0.034375 0.053125
4 0.59375 0.95078125 0.09921875 0.08046875
3 0.20078125 0.14453125 0.075 0.15
3 0.27578125 0.3515625 0.10390625 0.1109375
0 0.20859375 0.33125 0.03125 0.06015625
3 0.41640625 0.43515625 0.06640625 0.0921875
0 0.81328125 0.05078125 0.1421875 0.0796875