0 0.3078125 0.31796875 0.01640625 0.03359375
0 0.278125 0.2015625 0.025 0.0109375
0 0.32734375 0.08203125 0.00859375 0.0125
0 0.51171875 0.159375 0.0140625 0.02265625
0 0.40390625 0.3171875 0.01015625 0.03125
0 0.48203125 0.29140625 0.0109375 0.0140625
0 0.5703125 0.4125 0.01484375 0.02734375
0 0.60234375 0.34765625 0.0203125 0.01640625
0 0.63671875 0.3859375 0.0171875 0.02265625
0 0.465625 0.2765625 0.01640625 0.01640625
0 0.2296875 0.28671875 0.0328125 0.0265625
0 0.2953125 0.3859375 0.02109375 0.0265625
0 0.13046875 0.4328125 0.0265625 0.02265625
0 0.1140625 0.4203125 0.01640625 0.01640625
0 0.31875 0.128125 0.0171875 0.02734375
0 0.4234375 0.3203125 0.0203125 0.0234375