0 0.32734375 0.0953125 0.05546875 0.06328125
0 0.8921875 0.3953125 0.0421875 0.04609375
0 0.22890625 0.28359375 0.05546875 0.0328125
0 0.121875 0.42421875 0.05546875 0.0375
0 0.29921875 0.396875 0.03515625 0.04609375
0 0.3078125 0.32265625 0.03359375 0.0265625
0 0.41328125 0.31640625 0.03984375 0.05390625
0 0.4734375 0.28203125 0.040625 0.05703125
0 0.5765625 0.40546875 0.01796875 0.021875
0 0.59921875 0.34453125 0.03671875 0.0296875
0 0.6421875 0.3765625 0.025 0.03203125
0 0.06484375 0.20703125 0.03046875 0.040625
0 0.18046875 0.1890625 0.03828125 0.0359375
0 0.275 0.2 0.02265625 0.03203125
0 0.509375 0.17265625 0.0265625 0.06953125
0 0.67578125 0.078125 0.08671875 0.0375
0 0.796875 0.7515625 0.021875 0.01875
0 0.1875 0.76171875 0.0390625 0.034375
0 0.2890625 0.73046875 0.04140625 0.04296875