4 0.46875 0.4734375 0.02578125 0.04453125
2 0.396875 0.13828125 0.0390625 0.0453125
2 0.25546875 0.43984375 0.0484375 0.0796875
2 0.6453125 0.58203125 0.03203125 0.046875
2 0.2671875 0.1609375 0.04921875 0.05703125
2 0.396875 0.68515625 0.05625 0.0359375
2 0.259375 0.5609375 0.03359375 0.0328125
2 0.134375 0.546875 0.03515625 0.05546875
2 0.171875 0.58125 0.03125 0.0453125
2 0.24921875 0.23046875 0.0296875 0.028125
2 0.73984375 0.56171875 0.02421875 0.03125
2 0.1640625 0.29921875 0.028125 0.02578125
2 0.3296875 0.58046875 0.08046875 0.053125
2 0.3234375 0.64765625 0.0484375 0.04296875