3 0.6 0.540625 0.02265625 0.015625
3 0.73828125 0.6796875 0.0546875 0.0421875
3 0.80078125 0.65546875 0.0296875 0.028125
3 0.64921875 0.578125 0.02109375 0.02265625
3 0.6703125 0.6015625 0.01796875 0.01796875
3 0.64375 0.63984375 0.0234375 0.02890625
3 0.603125 0.6375 0.0171875 0.0109375
3 0.53515625 0.58046875 0.05078125 0.03515625
3 0.73515625 0.740625 0.05234375 0.03203125
3 0.6359375 0.72421875 0.021875 0.0578125
3 0.86171875 0.71640625 0.03203125 0.01953125
3 0.7984375 0.8828125 0.06328125 0.04375
4 0.88671875 0.0640625 0.046875 0.02578125