3 0.4421875 0.17890625 0.0140625 0.00859375
4 0.540625 0.4375 0.0125 0.00859375
3 0.79296875 0.5796875 0.02265625 0.0171875
3 0.74609375 0.71796875 0.01171875 0.009375
3 0.76953125 0.76640625 0.0171875 0.01328125
3 0.74296875 0.771875 0.0109375 0.0046875
3 0.65703125 0.884375 0.01875 0.01953125
3 0.4203125 0.828125 0.01484375 0.009375
3 0.1421875 0.62890625 0.01015625 0.01015625
3 0.14453125 0.6375 0.00859375 0.009375
3 0.4859375 0.3109375 0.01484375 0.01640625
3 0.7484375 0.8359375 0.0125 0.01015625
3 0.47890625 0.0796875 0.01328125 0.00625
2 0.4078125 0.11796875 0.0421875 0.02265625
3 0.53046875 0.2859375 0.01015625 0.01015625
3 0.47265625 0.67734375 0.0140625 0.00859375
3 0.36328125 0.20546875 0.01796875 0.01015625
3 0.23671875 0.2015625 0.01015625 0.00546875
3 0.0796875 0.58671875 0.01171875 0.01015625
3 0.55546875 0.3125 0.00546875 0.0046875
3 0.103125 0.62265625 0.0078125 0.00859375
3 0.24609375 0.79296875 0.0109375 0.0078125
3 0.21796875 0.8125 0.01015625 0.0078125
3 0.26875 0.8 0.00859375 0.0078125
3 0.31171875 0.85546875 0.0171875 0.0125
3 0.590625 0.85078125 0.0125 0.01171875
3 0.66953125 0.83203125 0.01171875 0.0078125
3 0.4625 0.1609375 0.0109375 0.0078125
3 0.17265625 0.709375 0.00859375 0.0078125
3 0.76328125 0.803125 0.0125 0.00859375