4 0.796875 0.26484375 0.021875 0.0265625
4 0.65 0.30703125 0.015625 0.01875
4 0.69375 0.40234375 0.0140625 0.015625
4 0.740625 0.38125 0.0296875 0.0265625
4 0.8328125 0.4203125 0.021875 0.0203125
4 0.84765625 0.39453125 0.015625 0.0171875
4 0.76875 0.22109375 0.015625 0.01875
4 0.68359375 0.25390625 0.025 0.0234375
4 0.72421875 0.3171875 0.01875 0.015625
4 0.7234375 0.234375 0.021875 0.0140625
4 0.69765625 0.23046875 0.015625 0.021875
4 0.72734375 0.253125 0.0140625 0.015625
4 0.66328125 0.2828125 0.015625 0.028125
4 0.5734375 0.28671875 0.034375 0.03125
4 0.51171875 0.2796875 0.015625 0.01875
4 0.3234375 0.278125 0.01875 0.01875
4 0.27109375 0.28046875 0.015625 0.01875
4 0.740625 0.32890625 0.01875 0.0359375
4 0.7484375 0.303125 0.025 0.025
4 0.1203125 0.45546875 0.03125 0.0375