4 0.8375 0.11171875 0.053125 0.046875
4 0.76484375 0.20546875 0.040625 0.034375
4 0.86640625 0.2828125 0.0296875 0.03125
4 0.91484375 0.2265625 0.028125 0.034375
4 0.95078125 0.11484375 0.053125 0.04375
4 0.67734375 0.04296875 0.0328125 0.028125
4 0.4078125 0.23828125 0.028125 0.0296875
4 0.27265625 0.40390625 0.021875 0.01875
4 0.24921875 0.4640625 0.04375 0.025
4 0.22421875 0.54453125 0.021875 0.0203125
4 0.284375 0.55078125 0.01875 0.0171875
4 0.28984375 0.6625 0.028125 0.040625
4 0.22265625 0.68359375 0.034375 0.025
4 0.17421875 0.61953125 0.03125 0.028125
4 0.0859375 0.5453125 0.0234375 0.021875
4 0.10234375 0.52890625 0.0234375 0.01875
4 0.13984375 0.53984375 0.0234375 0.021875
4 0.10703125 0.55390625 0.015625 0.015625
4 0.0984375 0.5796875 0.021875 0.015625
4 0.12578125 0.5703125 0.015625 0.0125
4 0.0390625 0.64453125 0.0375 0.025
4 0.01796875 0.58828125 0.0203125 0.0125
4 0.13203125 0.62890625 0.0234375 0.0171875
4 0.1453125 0.64609375 0.0203125 0.021875
4 0.30078125 0.746875 0.01875 0.0125
4 0.13359375 0.803125 0.01875 0.0296875
4 0.08828125 0.79296875 0.021875 0.021875