4 0.6578125 0.83984375 0.028125 0.03125
4 0.5953125 0.63984375 0.0203125 0.01875
4 0.490625 0.76796875 0.015625 0.01875
4 0.48671875 0.78828125 0.025 0.021875
4 0.49140625 0.8890625 0.0296875 0.021875
4 0.446875 0.85546875 0.015625 0.0171875
4 0.5140625 0.809375 0.0125 0.0109375
4 0.5046875 0.78828125 0.0125 0.0140625
4 0.53359375 0.7953125 0.025 0.01875
4 0.52890625 0.75625 0.021875 0.0125
4 0.5625 0.834375 0.0171875 0.015625
4 0.59453125 0.80703125 0.0265625 0.021875
4 0.60390625 0.72890625 0.0171875 0.01875
4 0.58515625 0.65390625 0.0171875 0.0125
4 0.70078125 0.79140625 0.021875 0.01875
4 0.75 0.86328125 0.015625 0.015625
4 0.63515625 0.97578125 0.015625 0.015625
4 0.59765625 0.9921875 0.0234375 0.015625
4 0.57890625 0.84609375 0.025 0.01875
4 0.6125 0.8328125 0.021875 0.025
4 0.353125 0.47265625 0.0125 0.015625
4 0.2140625 0.44140625 0.021875 0.015625