4 0.37578125 0.196875 0.034375 0.028125
4 0.57265625 0.109375 0.0296875 0.0203125
4 0.6875 0.1203125 0.021875 0.01875
4 0.49765625 0.08125 0.025 0.015625
4 0.51796875 0.0609375 0.0203125 0.021875
4 0.50390625 0.21796875 0.021875 0.021875
4 0.434375 0.415625 0.021875 0.034375
4 0.51640625 0.65625 0.034375 0.034375
4 0.89765625 0.80234375 0.0234375 0.0203125
4 0.8796875 0.89609375 0.021875 0.021875
4 0.8234375 0.859375 0.01875 0.021875
4 0.9265625 0.69375 0.028125 0.0296875
4 0.99140625 0.66796875 0.0171875 0.025