4 0.5203125 0.246875 0.025 0.028125
4 0.66171875 0.1046875 0.01875 0.03125
4 0.54453125 0.11015625 0.03125 0.028125
4 0.51171875 0.1109375 0.0125 0.015625
4 0.61953125 0.15703125 0.021875 0.01875
4 0.640625 0.1796875 0.0125 0.015625
4 0.5625 0.1921875 0.046875 0.03125
4 0.49296875 0.16953125 0.015625 0.03125
4 0.5609375 0.21875 0.0125 0.015625
4 0.56953125 0.27578125 0.0203125 0.0234375
4 0.553125 0.1484375 0.0140625 0.0171875
4 0.43125 0.025 0.015625 0.01875
4 0.584375 0.0703125 0.01875 0.01875
4 0.5234375 0.13359375 0.01875 0.021875
4 0.11796875 0.2578125 0.021875 0.03125
4 0.128125 0.1875 0.0140625 0.01875