4 0.4828125 0.43046875 0.0546875 0.0390625
4 0.6546875 0.42578125 0.025 0.0421875
4 0.5015625 0.546875 0.034375 0.021875
4 0.59140625 0.50859375 0.0203125 0.0234375
4 0.625 0.54296875 0.0203125 0.0265625
4 0.65234375 0.4703125 0.021875 0.021875
4 0.57109375 0.41640625 0.021875 0.0234375
4 0.5390625 0.45390625 0.040625 0.0296875
4 0.45625 0.4296875 0.0234375 0.0203125
4 0.625 0.5828125 0.0203125 0.015625
4 0.5140625 0.58515625 0.028125 0.0234375
4 0.5296875 0.55703125 0.0203125 0.028125
4 0.54140625 0.66796875 0.0203125 0.025
4 0.63046875 0.7265625 0.028125 0.0296875