4 0.62421875 0.24921875 0.034375 0.0296875
4 0.315625 0.053125 0.015625 0.015625
4 0.715625 0.05 0.0203125 0.025
4 0.19765625 0.45390625 0.01875 0.021875
4 0.6328125 0.88125 0.0234375 0.040625
4 0.70234375 0.81875 0.015625 0.025
4 0.62578125 0.77421875 0.0234375 0.034375
4 0.53125 0.7265625 0.040625 0.0375
4 0.38125 0.77578125 0.015625 0.0234375
4 0.4625 0.825 0.015625 0.015625
4 0.4515625 0.86171875 0.01875 0.0234375
4 0.56171875 0.828125 0.034375 0.01875
4 0.5453125 0.8453125 0.03125 0.021875
4 0.57109375 0.72890625 0.021875 0.0484375
4 0.6265625 0.571875 0.021875 0.03125
4 0.784375 0.7515625 0.028125 0.021875
4 0.40625 0.815625 0.01875 0.0171875
4 0.5703125 0.8671875 0.01875 0.025
4 0.48125 0.89609375 0.0140625 0.0140625