4 0.21796875 0.53046875 0.0234375 0.028125
4 0.25859375 0.425 0.0203125 0.021875
4 0.25625 0.4703125 0.025 0.021875
4 0.3328125 0.41640625 0.0140625 0.015625
4 0.2984375 0.38828125 0.0125 0.015625
4 0.29921875 0.484375 0.0125 0.0125
4 0.309375 0.4578125 0.0125 0.015625
4 0.40546875 0.4171875 0.009375 0.0140625
4 0.240625 0.5359375 0.015625 0.0265625
4 0.24140625 0.503125 0.0078125 0.009375
4 0.23984375 0.490625 0.0140625 0.0171875
4 0.74765625 0.68359375 0.034375 0.028125
4 0.715625 0.68359375 0.0234375 0.0421875
4 0.69453125 0.5921875 0.0140625 0.01875
4 0.6921875 0.7796875 0.0203125 0.015625
4 0.69609375 0.75703125 0.015625 0.0203125
4 0.765625 0.803125 0.0265625 0.021875
4 0.771875 0.771875 0.0140625 0.0125
4 0.79375 0.70703125 0.01875 0.015625
4 0.8328125 0.74921875 0.0234375 0.0234375
4 0.64921875 0.67265625 0.0171875 0.01875
4 0.32734375 0.846875 0.0234375 0.021875
4 0.30390625 0.8625 0.015625 0.0171875
4 0.77109375 0.13984375 0.0296875 0.025
4 0.7921875 0.1 0.0125 0.0140625
4 0.75078125 0.10625 0.0109375 0.0109375
4 0.67734375 0.1609375 0.01875 0.01875
4 0.86875 0.15390625 0.0171875 0.01875