4 0.3703125 0.88203125 0.0453125 0.0375
4 0.3671875 0.62265625 0.0296875 0.065625
4 0.509375 0.63359375 0.03125 0.03125
4 0.4546875 0.64453125 0.0234375 0.0328125
4 0.32890625 0.8421875 0.021875 0.025
4 0.75703125 0.43984375 0.028125 0.028125
4 0.86328125 0.32421875 0.025 0.03125
4 0.9703125 0.259375 0.034375 0.040625
4 0.925 0.25078125 0.034375 0.0359375
4 0.92890625 0.22109375 0.025 0.01875
4 0.91171875 0.32890625 0.025 0.0265625
4 0.9296875 0.3984375 0.021875 0.025
4 0.9265625 0.48125 0.01875 0.021875
4 0.9546875 0.428125 0.034375 0.03125
4 0.9328125 0.35 0.0234375 0.025
4 0.9765625 0.30390625 0.015625 0.0234375
4 0.853125 0.43515625 0.01875 0.015625
4 0.85546875 0.4046875 0.01875 0.0296875
4 0.86328125 0.36640625 0.0265625 0.028125
4 0.334375 0.025 0.01875 0.0296875
4 0.32578125 0.05546875 0.021875 0.0296875
4 0.3828125 0.13515625 0.021875 0.028125
4 0.35703125 0.17734375 0.01875 0.0296875
4 0.30859375 0.1484375 0.015625 0.015625
4 0.3078125 0.12265625 0.01875 0.021875
4 0.38359375 0.01484375 0.025 0.0296875
4 0.24453125 0.07890625 0.025 0.0296875
4 0.26640625 0.059375 0.021875 0.0203125
4 0.26640625 0.03203125 0.01875 0.01875