4 0.27890625 0.43203125 0.03125 0.028125
4 0.19375 0.40625 0.0171875 0.021875
4 0.53984375 0.4328125 0.0265625 0.0265625
4 0.6140625 0.45859375 0.05 0.059375
4 0.59765625 0.50546875 0.0375 0.0390625
4 0.70625 0.45703125 0.034375 0.040625
4 0.3046875 0.69296875 0.090625 0.096875
4 0.61328125 0.54609375 0.059375 0.0515625
4 0.3984375 0.65625 0.040625 0.0375
4 0.3546875 0.60234375 0.0375 0.021875
4 0.30859375 0.5703125 0.0296875 0.03125
4 0.3078125 0.52578125 0.034375 0.05
4 0.4625 0.73046875 0.0234375 0.025
4 0.63671875 0.784375 0.04375 0.0390625
4 0.66953125 0.603125 0.0328125 0.046875
4 0.66171875 0.67109375 0.0359375 0.05625
4 0.78515625 0.51484375 0.025 0.0265625