4 0.27578125 0.753125 0.025 0.025
4 0.38203125 0.8421875 0.025 0.021875
4 0.4421875 0.8265625 0.0171875 0.0203125
4 0.409375 0.7515625 0.0375 0.0421875
4 0.3640625 0.62890625 0.01875 0.025
4 0.2625 0.68671875 0.021875 0.0203125
4 0.34140625 0.83046875 0.01875 0.0234375
4 0.53359375 0.71875 0.0375 0.03125
4 0.20703125 0.68046875 0.021875 0.028125
4 0.1546875 0.640625 0.021875 0.03125
4 0.121875 0.59140625 0.0203125 0.021875
4 0.5765625 0.528125 0.025 0.01875
4 0.53671875 0.534375 0.025 0.021875
4 0.95390625 0.43671875 0.028125 0.0296875
4 0.88203125 0.49296875 0.015625 0.021875
4 0.88046875 0.4734375 0.015625 0.015625
4 0.884375 0.41875 0.01875 0.0171875
4 0.8859375 0.44921875 0.0203125 0.0234375
4 0.90078125 0.41640625 0.015625 0.01875
4 0.96796875 0.55234375 0.021875 0.0296875
4 0.93984375 0.5765625 0.015625 0.015625
4 0.7984375 0.49296875 0.025 0.034375
4 0.77109375 0.49765625 0.015625 0.015625
4 0.7390625 0.49140625 0.025 0.021875
4 0.93828125 0.49296875 0.021875 0.01875
4 0.4203125 0.31171875 0.01875 0.0171875
4 0.39375 0.31171875 0.015625 0.01875