4 0.7421875 0.02734375 0.04375 0.0390625
4 0.60078125 0.07109375 0.028125 0.0265625
4 0.56875 0.0375 0.0375 0.034375
4 0.64921875 0.06328125 0.0265625 0.021875
4 0.66796875 0.08671875 0.0265625 0.0203125
4 0.746875 0.07109375 0.0328125 0.0375
4 0.671875 0.13359375 0.0171875 0.01875
4 0.68359375 0.11640625 0.0203125 0.0203125
4 0.63125 0.1359375 0.021875 0.021875
4 0.56328125 0.15 0.0234375 0.01875
4 0.559375 0.2421875 0.03125 0.03125
4 0.603125 0.18359375 0.025 0.0375
4 0.59921875 0.2203125 0.01875 0.015625
4 0.615625 0.24375 0.0265625 0.0265625
4 0.6265625 0.18671875 0.0296875 0.0265625
4 0.51015625 0.075 0.01875 0.0171875
4 0.70546875 0.63203125 0.0375 0.034375
4 0.89609375 0.6421875 0.0328125 0.01875
4 0.9484375 0.68125 0.0234375 0.04375
4 0.98984375 0.61328125 0.0203125 0.025
4 0.87734375 0.51796875 0.025 0.0375
4 0.85546875 0.70234375 0.021875 0.05
4 0.82109375 0.63984375 0.025 0.0203125
4 0.86015625 0.61875 0.025 0.0203125
4 0.3609375 0.53515625 0.0453125 0.046875
4 0.39765625 0.634375 0.025 0.025
4 0.11796875 0.63046875 0.040625 0.0375
4 0.16015625 0.528125 0.03125 0.034375