4 0.1078125 0.61796875 0.021875 0.0234375
4 0.29921875 0.34765625 0.0328125 0.025
4 0.378125 0.41640625 0.01875 0.0171875
4 0.43203125 0.29453125 0.028125 0.034375
4 0.48828125 0.30546875 0.0171875 0.015625
4 0.5109375 0.3796875 0.015625 0.015625
4 0.5 0.45546875 0.034375 0.0234375
4 0.41328125 0.40234375 0.021875 0.01875
4 0.465625 0.39140625 0.01875 0.021875
4 0.4171875 0.34296875 0.021875 0.021875
4 0.37578125 0.35 0.021875 0.015625
4 0.390625 0.32734375 0.01875 0.01875
4 0.29765625 0.39453125 0.028125 0.0203125
4 0.27265625 0.3953125 0.0125 0.015625
4 0.30390625 0.3796875 0.01875 0.0171875
4 0.44453125 0.3984375 0.0171875 0.0171875
4 0.6515625 0.61484375 0.01875 0.0140625
4 0.6890625 0.63671875 0.015625 0.015625
4 0.96953125 0.62109375 0.03125 0.0375
4 0.90703125 0.553125 0.0203125 0.025
4 0.74453125 0.70078125 0.0234375 0.021875