4 0.63125 0.2734375 0.0265625 0.0265625
4 0.54453125 0.21171875 0.021875 0.0203125
4 0.6734375 0.51953125 0.015625 0.0171875
4 0.66640625 0.43203125 0.0203125 0.01875
4 0.42890625 0.34765625 0.021875 0.025
4 0.40625 0.73515625 0.025 0.0234375
4 0.09296875 0.575 0.0359375 0.0375
4 0.0296875 0.51953125 0.04375 0.0296875
4 0.090625 0.5375 0.021875 0.01875
4 0.06796875 0.546875 0.0171875 0.01875
4 0.009375 0.59140625 0.01875 0.0484375
4 0.03671875 0.65546875 0.01875 0.0171875
4 0.0171875 0.67578125 0.0171875 0.0125
4 0.04921875 0.58125 0.021875 0.0203125
4 0.1 0.69921875 0.0234375 0.01875
4 0.1796875 0.44765625 0.0203125 0.021875
4 0.0921875 0.1109375 0.015625 0.01875
4 0.0078125 0.12109375 0.015625 0.0171875