4 0.80390625 0.3609375 0.021875 0.040625
4 0.778125 0.37890625 0.0140625 0.0203125
4 0.83671875 0.25859375 0.0234375 0.021875
4 0.865625 0.3171875 0.025 0.0265625
4 0.85234375 0.28671875 0.01875 0.025
4 0.82109375 0.2265625 0.01875 0.01875
4 0.8796875 0.15390625 0.021875 0.028125
4 0.95546875 0.2859375 0.021875 0.028125
4 0.95078125 0.33984375 0.01875 0.0203125
4 0.8375 0.15234375 0.025 0.03125
4 0.89375 0.25234375 0.015625 0.015625
4 0.3234375 0.35234375 0.0265625 0.0390625
4 0.34765625 0.3328125 0.0203125 0.040625
4 0.75859375 0.30546875 0.015625 0.021875
4 0.690625 0.9 0.0375 0.040625
4 0.58203125 0.80546875 0.028125 0.0328125
4 0.49609375 0.91796875 0.021875 0.028125
4 0.54296875 0.90546875 0.0328125 0.0265625
4 0.75390625 0.80859375 0.028125 0.0265625
4 0.7484375 0.940625 0.0234375 0.0265625
4 0.8734375 0.79453125 0.021875 0.0265625
4 0.9140625 0.7609375 0.028125 0.0296875
4 0.96484375 0.74296875 0.025 0.0234375
4 0.95859375 0.86796875 0.0203125 0.021875