4 0.2734375 0.203125 0.0296875 0.0234375
4 0.29921875 0.11484375 0.0203125 0.01875
4 0.3359375 0.13359375 0.0171875 0.0140625
4 0.346875 0.11640625 0.025 0.0234375
4 0.45859375 0.146875 0.0140625 0.015625
4 0.56015625 0.11015625 0.0125 0.0171875
4 0.53125 0.109375 0.015625 0.015625
4 0.60546875 0.09375 0.0203125 0.0203125
4 0.59375 0.153125 0.0171875 0.028125
4 0.61640625 0.26796875 0.01875 0.03125
4 0.6703125 0.23359375 0.0109375 0.0125
4 0.68671875 0.26484375 0.0125 0.0140625
4 0.64453125 0.24140625 0.01875 0.015625
4 0.66171875 0.15703125 0.0125 0.025
4 0.42265625 0.2125 0.0125 0.0140625
4 0.41171875 0.20234375 0.028125 0.0265625
4 0.47578125 0.3078125 0.03125 0.034375
4 0.39140625 0.3 0.0203125 0.0234375
4 0.38125 0.26171875 0.040625 0.03125
4 0.55390625 0.19765625 0.03125 0.0453125
4 0.6484375 0.2015625 0.0234375 0.025
4 0.38671875 0.36640625 0.021875 0.021875
4 0.50859375 0.4578125 0.0109375 0.0109375
4 0.5140625 0.4890625 0.0203125 0.0140625
4 0.53125 0.51953125 0.0125 0.0171875
4 0.2953125 0.8265625 0.015625 0.0171875
4 0.23671875 0.7875 0.0359375 0.0234375
4 0.26875 0.78359375 0.015625 0.0203125
4 0.26015625 0.8046875 0.0140625 0.0171875
4 0.11875 0.7625 0.0203125 0.015625
4 0.2875 0.746875 0.0171875 0.0203125
4 0.41015625 0.84375 0.025 0.0171875
4 0.5984375 0.609375 0.0109375 0.0140625
4 0.61875 0.61640625 0.0140625 0.0203125
4 0.6328125 0.621875 0.025 0.03125
4 0.6765625 0.575 0.0203125 0.01875
4 0.6765625 0.6390625 0.0125 0.0140625
4 0.67265625 0.6640625 0.0125 0.0171875
4 0.66796875 0.68828125 0.0171875 0.015625
4 0.67265625 0.74296875 0.0203125 0.025
4 0.65546875 0.72109375 0.0203125 0.015625
4 0.65859375 0.7625 0.015625 0.0203125
4 0.70625 0.6234375 0.01875 0.01875
4 0.6984375 0.66171875 0.015625 0.021875
4 0.69296875 0.6921875 0.0171875 0.0265625