4 0.1875 0.45703125 0.03125 0.0265625
4 0.17421875 0.4046875 0.0203125 0.015625
4 0.21171875 0.57578125 0.025 0.025
4 0.27578125 0.4421875 0.021875 0.01875
4 0.2984375 0.3390625 0.025 0.01875
4 0.12421875 0.56796875 0.025 0.0171875
4 0.1375 0.61640625 0.0234375 0.01875
4 0.10625 0.36875 0.0203125 0.01875
4 0.4328125 0.7765625 0.0171875 0.01875
4 0.45 0.81171875 0.01875 0.015625
4 0.6171875 0.57734375 0.0296875 0.021875
4 0.70859375 0.5796875 0.015625 0.015625
4 0.67421875 0.54296875 0.015625 0.0125
4 0.6890625 0.56484375 0.015625 0.0125
4 0.728125 0.48828125 0.0265625 0.0140625
4 0.69140625 0.47109375 0.01875 0.015625
4 0.79921875 0.58984375 0.01875 0.0140625
4 0.72734375 0.6078125 0.015625 0.0125
4 0.78515625 0.6234375 0.015625 0.0125
4 0.646875 0.62421875 0.021875 0.01875
4 0.815625 0.915625 0.0203125 0.01875
4 0.45703125 0.92421875 0.025 0.01875
4 0.46953125 0.9109375 0.0171875 0.015625