4 0.95234375 0.28359375 0.01875 0.021875
4 0.75703125 0.38046875 0.021875 0.021875
4 0.5453125 0.79921875 0.025 0.021875
4 0.2734375 0.4734375 0.034375 0.0359375
4 0.28125 0.42734375 0.021875 0.021875
4 0.22890625 0.375 0.034375 0.015625
4 0.11875 0.36640625 0.05 0.028125
4 0.16484375 0.44140625 0.0296875 0.046875
4 0.1296875 0.43125 0.03125 0.025
4 0.171875 0.540625 0.025 0.01875
4 0.13828125 0.546875 0.015625 0.01875
4 0.2203125 0.61484375 0.0296875 0.028125
4 0.4234375 0.3734375 0.0375 0.0203125