4 0.92421875 0.39921875 0.015625 0.015625
4 0.78671875 0.3796875 0.046875 0.0421875
4 0.86796875 0.38671875 0.015625 0.015625
4 0.74453125 0.45078125 0.028125 0.025
4 0.8140625 0.49765625 0.015625 0.0125
4 0.84609375 0.4640625 0.0140625 0.0125
4 0.915625 0.49296875 0.0203125 0.01875
4 0.76328125 0.60078125 0.025 0.0203125
4 0.49375 0.4734375 0.015625 0.0125
4 0.41171875 0.7609375 0.01875 0.0125
4 0.36875 0.78125 0.025 0.021875
4 0.2828125 0.7078125 0.0125 0.0125
4 0.30859375 0.6796875 0.0171875 0.015625
4 0.36640625 0.68359375 0.0203125 0.0125
4 0.39296875 0.6234375 0.015625 0.0125
4 0.33046875 0.61171875 0.01875 0.0125
4 0.271875 0.68828125 0.015625 0.0140625
4 0.2796875 0.6734375 0.015625 0.0109375
4 0.29921875 0.73671875 0.0234375 0.0234375
4 0.31015625 0.75546875 0.0203125 0.01875
4 0.3328125 0.7375 0.01875 0.015625
4 0.30390625 0.86015625 0.015625 0.0125
4 0.2734375 0.85625 0.0125 0.015625
4 0.22265625 0.7171875 0.01875 0.0140625
4 0.23828125 0.753125 0.0234375 0.0234375
4 0.396875 0.7953125 0.028125 0.0203125
4 0.4140625 0.80546875 0.0171875 0.015625
4 0.42109375 0.825 0.009375 0.009375
4 0.3140625 0.79765625 0.0125 0.0109375