4 0.8546875 0.4296875 0.0359375 0.03125
4 0.78671875 0.4890625 0.0203125 0.025
4 0.76484375 0.6359375 0.015625 0.0125
4 0.803125 0.56484375 0.01875 0.015625
4 0.7640625 0.34453125 0.0234375 0.021875
4 0.88984375 0.478125 0.0171875 0.025
4 0.91640625 0.45 0.01875 0.021875
4 0.68359375 0.40859375 0.015625 0.0171875
4 0.65078125 0.35546875 0.0171875 0.015625
4 0.22265625 0.67734375 0.03125 0.034375
4 0.36796875 0.6390625 0.025 0.01875
4 0.33984375 0.63125 0.01875 0.021875
4 0.315625 0.62578125 0.01875 0.01875
4 0.40625 0.578125 0.0296875 0.025
4 0.2796875 0.6125 0.01875 0.015625
4 0.3921875 0.71875 0.0171875 0.015625