4 0.4515625 0.721875 0.025 0.0296875
4 0.44609375 0.7546875 0.0171875 0.0125
4 0.48046875 0.65546875 0.0140625 0.009375
4 0.5125 0.71796875 0.015625 0.0203125
4 0.4546875 0.7984375 0.0125 0.0109375
4 0.453125 0.69921875 0.0125 0.0140625
4 0.46875 0.70546875 0.0125 0.0125
4 0.51015625 0.78203125 0.015625 0.015625
4 0.49296875 0.7703125 0.015625 0.0125
4 0.41640625 0.65546875 0.015625 0.0140625
4 0.43203125 0.40859375 0.025 0.015625
4 0.57265625 0.3453125 0.0234375 0.01875
4 0.5625 0.36171875 0.025 0.01875
4 0.51328125 0.37578125 0.0125 0.015625
4 0.45859375 0.36796875 0.015625 0.0109375
4 0.49375 0.32734375 0.01875 0.01875
4 0.496875 0.34140625 0.0125 0.0125
4 0.49453125 0.36875 0.0125 0.0125
4 0.45703125 0.33515625 0.0125 0.0109375
4 0.5453125 0.35 0.0171875 0.0125
4 0.734375 0.5296875 0.0109375 0.009375
4 0.11640625 0.51328125 0.0234375 0.025
4 0.1703125 0.4671875 0.0171875 0.015625
4 0.08359375 0.51171875 0.0140625 0.015625
4 0.1015625 0.490625 0.0125 0.0109375
4 0.084375 0.57734375 0.0140625 0.0140625
4 0.15703125 0.5671875 0.0140625 0.0125
4 0.08203125 0.59375 0.0171875 0.015625
4 0.26640625 0.525 0.01875 0.015625
4 0.22421875 0.51875 0.0171875 0.015625