4 0.18359375 0.4078125 0.021875 0.03125
4 0.24296875 0.43046875 0.025 0.025
4 0.2765625 0.26953125 0.0265625 0.0265625
4 0.51640625 0.1515625 0.034375 0.025
4 0.52578125 0.75 0.025 0.01875
4 0.65625 0.66328125 0.0234375 0.0203125
4 0.74765625 0.62421875 0.01875 0.0203125
4 0.871875 0.61640625 0.028125 0.028125
4 0.6953125 0.71015625 0.0359375 0.03125
4 0.71953125 0.6765625 0.015625 0.0171875
4 0.7296875 0.634375 0.021875 0.0203125
4 0.5828125 0.74765625 0.0296875 0.0234375
4 0.65625 0.7703125 0.0328125 0.0328125
4 0.67578125 0.815625 0.0296875 0.0359375
4 0.68515625 0.78515625 0.028125 0.034375
4 0.66171875 0.79375 0.0171875 0.0203125
4 0.61875 0.87734375 0.0359375 0.0359375
4 0.725 0.8859375 0.0375 0.0359375
4 0.6390625 0.84765625 0.0203125 0.021875
4 0.6 0.81796875 0.0390625 0.0359375
4 0.6984375 0.91640625 0.034375 0.0421875
4 0.70546875 0.94609375 0.0265625 0.0234375
4 0.684375 0.925 0.0265625 0.0265625
4 0.7515625 0.7703125 0.01875 0.01875
4 0.83203125 0.75234375 0.01875 0.015625
4 0.865625 0.7671875 0.0203125 0.0203125
4 0.896875 0.75546875 0.0140625 0.015625
4 0.7875 0.675 0.028125 0.0421875
4 0.86953125 0.66875 0.0171875 0.0359375
4 0.71015625 0.73984375 0.0171875 0.0234375
4 0.75625 0.73046875 0.0140625 0.01875
4 0.8078125 0.81171875 0.028125 0.028125
4 0.82734375 0.87109375 0.01875 0.0375
4 0.878125 0.8109375 0.025 0.0265625