4 0.18046875 0.31953125 0.0375 0.025
4 0.13125 0.3703125 0.034375 0.0265625
4 0.321875 0.37265625 0.0203125 0.021875
4 0.178125 0.44296875 0.0453125 0.04375
4 0.09375 0.54375 0.0265625 0.0390625
4 0.03125 0.50859375 0.0515625 0.04375
4 0.30390625 0.60625 0.0390625 0.0359375
4 0.578125 0.65390625 0.0328125 0.034375
4 0.434375 0.69609375 0.040625 0.034375
4 0.55625 0.48203125 0.0234375 0.0234375
4 0.225 0.31484375 0.0359375 0.034375
4 0.2109375 0.17265625 0.025 0.028125
4 0.55625 0.3171875 0.0234375 0.01875
4 0.49140625 0.328125 0.0265625 0.0171875
4 0.60546875 0.45 0.034375 0.025
4 0.38671875 0.4703125 0.034375 0.0296875
4 0.028125 0.38515625 0.025 0.0390625
4 0.5546875 0.44921875 0.034375 0.04375
4 0.90234375 0.83984375 0.034375 0.0421875
4 0.21328125 0.7296875 0.046875 0.0421875
4 0.25 0.8265625 0.0171875 0.021875
4 0.2453125 0.87421875 0.015625 0.0234375
4 0.2203125 0.9203125 0.0203125 0.0265625
4 0.32578125 0.86953125 0.025 0.0265625