4 0.4296875 0.1453125 0.03125 0.0359375
4 0.4890625 0.21328125 0.025 0.0203125
4 0.6359375 0.23515625 0.0125 0.015625
4 0.56484375 0.196875 0.0171875 0.0203125
4 0.34453125 0.2359375 0.021875 0.0234375
4 0.478125 0.11015625 0.025 0.0171875
4 0.45 0.08359375 0.021875 0.01875
4 0.40859375 0.31640625 0.0171875 0.015625
4 0.35546875 0.34921875 0.015625 0.0171875
4 0.67734375 0.77734375 0.0359375 0.0328125
4 0.6390625 0.63203125 0.0203125 0.0265625
4 0.63125 0.66015625 0.0234375 0.0203125
4 0.62578125 0.684375 0.01875 0.01875
4 0.578125 0.59375 0.025 0.0296875
4 0.6125 0.7203125 0.015625 0.01875
4 0.71875 0.6078125 0.0171875 0.0171875