4 0.54453125 0.52109375 0.05 0.028125
4 0.5953125 0.45234375 0.025 0.0171875
4 0.68671875 0.45 0.021875 0.01875
4 0.7078125 0.340625 0.021875 0.025
4 0.66015625 0.54375 0.025 0.025
4 0.61875 0.6796875 0.0390625 0.03125
4 0.53671875 0.68828125 0.021875 0.021875
4 0.69375 0.70859375 0.021875 0.015625
4 0.62734375 0.7203125 0.025 0.025
4 0.675 0.6125 0.0265625 0.01875
4 0.71796875 0.61015625 0.025 0.01875
4 0.734375 0.4609375 0.028125 0.021875
4 0.6859375 0.50390625 0.01875 0.021875
4 0.575 0.703125 0.025 0.01875
4 0.52421875 0.71640625 0.0234375 0.0203125