4 0.66015625 0.7328125 0.03125 0.0296875
4 0.5703125 0.78828125 0.0265625 0.03125
4 0.50625 0.7203125 0.025 0.021875
4 0.4171875 0.68984375 0.03125 0.021875
4 0.43984375 0.6796875 0.028125 0.021875
4 0.4203125 0.64765625 0.01875 0.025
4 0.53125 0.6875 0.028125 0.0234375
4 0.6 0.6640625 0.0171875 0.01875
4 0.61640625 0.63828125 0.021875 0.0234375
4 0.62578125 0.6703125 0.021875 0.028125
4 0.53671875 0.58671875 0.034375 0.0296875
4 0.5796875 0.6359375 0.01875 0.021875
4 0.60078125 0.834375 0.0421875 0.04375
4 0.553125 0.84375 0.0375 0.040625
4 0.41328125 0.7953125 0.059375 0.0375
4 0.4734375 0.83984375 0.025 0.025
4 0.43359375 0.56640625 0.025 0.0203125
4 0.521875 0.64296875 0.01875 0.0234375
4 0.25390625 0.6734375 0.015625 0.01875
4 0.6265625 0.70703125 0.021875 0.021875