4 0.678125 0.646875 0.0171875 0.0171875
4 0.47890625 0.684375 0.0265625 0.021875
4 0.66875 0.79609375 0.0203125 0.0234375
4 0.7328125 0.7296875 0.025 0.0265625
4 0.81953125 0.7515625 0.015625 0.0171875
4 0.79453125 0.5953125 0.0203125 0.01875
4 0.81875 0.634375 0.015625 0.01875
4 0.76015625 0.60078125 0.0171875 0.0171875
4 0.784375 0.48203125 0.0234375 0.0234375
4 0.759375 0.5078125 0.0171875 0.021875
4 0.67421875 0.753125 0.0203125 0.0234375
4 0.77109375 0.68984375 0.03125 0.0359375
4 0.81953125 0.65625 0.01875 0.01875
4 0.80546875 0.6984375 0.0203125 0.01875
4 0.25078125 0.86171875 0.0265625 0.03125