4 0.5796875 0.71484375 0.03125 0.028125
4 0.38046875 0.5484375 0.0328125 0.05625
4 0.3859375 0.6015625 0.0375 0.021875
4 0.35546875 0.59140625 0.01875 0.0265625
4 0.43046875 0.503125 0.034375 0.03125
4 0.42578125 0.353125 0.0203125 0.025
4 0.3828125 0.3984375 0.0375 0.04375
4 0.5109375 0.41640625 0.0375 0.0375
4 0.4578125 0.34453125 0.0296875 0.025
4 0.334375 0.41953125 0.0203125 0.028125
4 0.3703125 0.49453125 0.0390625 0.028125
4 0.3234375 0.3875 0.0421875 0.025
4 0.409375 0.67109375 0.0375 0.0484375
4 0.353125 0.671875 0.028125 0.0328125