4 0.74453125 0.33125 0.028125 0.0390625
4 0.69609375 0.36796875 0.0203125 0.0296875
4 0.53125 0.3078125 0.021875 0.0234375
4 0.465625 0.30546875 0.0296875 0.0265625
4 0.44765625 0.21953125 0.0203125 0.0203125
4 0.33125 0.1609375 0.0296875 0.0296875
4 0.10703125 0.75 0.0203125 0.0296875
4 0.2390625 0.721875 0.01875 0.01875
4 0.30703125 0.790625 0.0375 0.028125
4 0.28046875 0.76015625 0.0203125 0.0203125
4 0.34375 0.73203125 0.0140625 0.021875
4 0.440625 0.79765625 0.01875 0.0171875
4 0.45078125 0.7890625 0.01875 0.025
4 0.371875 0.88671875 0.0296875 0.0359375
4 0.37890625 0.8375 0.0234375 0.0265625
4 0.4203125 0.91796875 0.0296875 0.025
4 0.4453125 0.9359375 0.04375 0.0421875
4 0.440625 0.8734375 0.028125 0.0421875
4 0.34609375 0.8703125 0.03125 0.0296875
4 0.26015625 0.82734375 0.0140625 0.0171875
4 0.2125 0.7828125 0.0171875 0.046875
4 0.1921875 0.878125 0.0203125 0.025
4 0.1578125 0.8953125 0.01875 0.01875
4 0.1234375 0.896875 0.0171875 0.0171875
4 0.16015625 0.94765625 0.025 0.025
4 0.2375 0.93359375 0.015625 0.0171875
4 0.2234375 0.984375 0.0140625 0.021875
4 0.33125 0.9828125 0.0359375 0.034375
4 0.38984375 0.990625 0.053125 0.01875
4 0.415625 0.890625 0.0203125 0.0265625
4 0.346875 0.825 0.0234375 0.0359375
4 0.125 0.7953125 0.015625 0.0203125
4 0.28046875 0.8703125 0.021875 0.0203125
4 0.496875 0.78671875 0.021875 0.0390625