4 0.28046875 0.0609375 0.028125 0.0296875
4 0.5484375 0.61015625 0.028125 0.028125
4 0.590625 0.6125 0.0453125 0.04375
4 0.55625 0.6421875 0.0265625 0.021875
4 0.46875 0.59140625 0.0203125 0.0203125
4 0.50625 0.68359375 0.01875 0.03125
4 0.509375 0.81953125 0.0390625 0.034375
4 0.56875 0.77421875 0.0375 0.0265625
4 0.565625 0.734375 0.0265625 0.0203125
4 0.64453125 0.70390625 0.028125 0.028125
4 0.64375 0.73515625 0.0234375 0.0203125
4 0.45703125 0.6546875 0.01875 0.025
4 0.3375 0.71171875 0.0421875 0.03125