4 0.94921875 0.31875 0.0546875 0.04375
4 0.83671875 0.41796875 0.053125 0.0296875
4 0.846875 0.521875 0.021875 0.0171875
4 0.8859375 0.45390625 0.025 0.0203125
4 0.92109375 0.3765625 0.01875 0.0203125
4 0.7828125 0.19765625 0.034375 0.028125
4 0.925 0.11171875 0.028125 0.025
4 0.553125 0.24921875 0.040625 0.025
4 0.49765625 0.26015625 0.025 0.0234375
4 0.45625 0.27734375 0.01875 0.0109375
4 0.3140625 0.38359375 0.0234375 0.021875
4 0.303125 0.415625 0.025 0.021875
4 0.29375 0.4421875 0.034375 0.021875
4 0.27265625 0.50703125 0.01875 0.0140625
4 0.2921875 0.54921875 0.0359375 0.021875
4 0.19609375 0.49140625 0.025 0.01875
4 0.234375 0.5 0.03125 0.01875
4 0.14140625 0.475 0.0296875 0.025
4 0.11328125 0.4984375 0.034375 0.028125
4 0.23828125 0.53828125 0.01875 0.01875
4 0.2046875 0.52890625 0.0375 0.0140625
4 0.37421875 0.5 0.021875 0.025