4 0.19375 0.3578125 0.0578125 0.03125
4 0.25234375 0.353125 0.025 0.03125
4 0.24140625 0.384375 0.0234375 0.0203125
4 0.28984375 0.4203125 0.0296875 0.0296875
4 0.27890625 0.30859375 0.015625 0.0171875
4 0.4703125 0.446875 0.0375 0.028125
4 0.340625 0.33203125 0.0390625 0.03125
4 0.3546875 0.3859375 0.059375 0.0390625
4 0.01875 0.32421875 0.0296875 0.03125
4 0.38203125 0.16640625 0.0296875 0.025
4 0.8078125 0.08125 0.028125 0.021875
4 0.771875 0.08125 0.021875 0.025
4 0.8296875 0.1015625 0.0234375 0.03125
4 0.90234375 0.12109375 0.03125 0.0234375
4 0.89140625 0.1578125 0.01875 0.0234375
4 0.88203125 0.19453125 0.0234375 0.03125
4 0.86171875 0.259375 0.025 0.0390625
4 0.8890625 0.2859375 0.01875 0.03125
4 0.865625 0.31953125 0.01875 0.028125
4 0.825 0.30234375 0.0265625 0.0234375
4 0.9453125 0.10703125 0.0296875 0.053125
4 0.9359375 0.1609375 0.0375 0.0359375
4 0.89296875 0.01875 0.0265625 0.021875