4 0.82578125 0.25546875 0.034375 0.034375
4 0.82734375 0.20234375 0.01875 0.0171875
4 0.71953125 0.20234375 0.015625 0.0171875
4 0.6875 0.190625 0.0125 0.0125
4 0.69765625 0.21484375 0.0140625 0.015625
4 0.90078125 0.3390625 0.025 0.025
4 0.871875 0.31328125 0.021875 0.0125
4 0.86328125 0.234375 0.0140625 0.015625
4 0.57734375 0.26015625 0.0203125 0.021875
4 0.815625 0.434375 0.025 0.025
4 0.73515625 0.47734375 0.0359375 0.028125
4 0.8125 0.5140625 0.025 0.028125
4 0.58671875 0.76484375 0.021875 0.025
4 0.61484375 0.7234375 0.01875 0.0265625
4 0.4703125 0.8234375 0.04375 0.0328125
4 0.4875 0.79296875 0.021875 0.025
4 0.41640625 0.8171875 0.028125 0.0265625
4 0.428125 0.84453125 0.0171875 0.0171875
4 0.5078125 0.85703125 0.025 0.021875
4 0.5109375 0.83359375 0.0171875 0.0171875
4 0.58203125 0.87578125 0.0234375 0.0171875
4 0.53046875 0.890625 0.0375 0.0375
4 0.2875 0.825 0.01875 0.025
4 0.5125 0.9875 0.03125 0.025
4 0.3421875 0.82734375 0.01875 0.0171875
4 0.36953125 0.92421875 0.0125 0.01875
4 0.38671875 0.89609375 0.015625 0.01875
4 0.44765625 0.934375 0.015625 0.01875
4 0.47421875 0.9265625 0.015625 0.01875
4 0.4625 0.96015625 0.0125 0.015625