3 0.4875 0.35703125 0.0265625 0.0265625
3 0.4453125 0.4390625 0.028125 0.028125
3 0.45 0.396875 0.01875 0.025
3 0.36171875 0.3984375 0.028125 0.034375
3 0.2796875 0.446875 0.025 0.034375
3 0.54296875 0.48046875 0.0171875 0.0203125
3 0.64609375 0.025 0.0171875 0.01875
3 0.69140625 0.0171875 0.0171875 0.0203125
3 0.6625 0.73046875 0.015625 0.0171875
3 0.60078125 0.82890625 0.0140625 0.0171875
3 0.54296875 0.93359375 0.0265625 0.025
3 0.33359375 0.909375 0.025 0.03125
3 0.58125 0.94765625 0.01875 0.0203125
3 0.55390625 0.91328125 0.025 0.025