4 0.396875 0.5171875 0.021875 0.015625
4 0.2265625 0.303125 0.01875 0.028125
4 0.18828125 0.265625 0.015625 0.021875
4 0.2921875 0.36875 0.025 0.021875
4 0.340625 0.42265625 0.0234375 0.01875
4 0.35390625 0.13515625 0.01875 0.0203125
4 0.3046875 0.1921875 0.021875 0.0203125
4 0.2546875 0.2125 0.01875 0.01875
4 0.39375 0.34296875 0.034375 0.04375
4 0.2796875 0.559375 0.021875 0.021875
4 0.3921875 0.60078125 0.01875 0.0203125
4 0.39296875 0.12890625 0.015625 0.021875
4 0.55390625 0.1390625 0.025 0.01875
4 0.9328125 0.52421875 0.021875 0.025
4 0.99140625 0.57890625 0.0171875 0.021875
4 0.89609375 0.63125 0.01875 0.01875