4 0.9671875 0.1375 0.03125 0.03125
4 0.47421875 0.60078125 0.0265625 0.0375
4 0.3890625 0.56796875 0.021875 0.0234375
4 0.5328125 0.684375 0.01875 0.025
4 0.503125 0.71796875 0.015625 0.025
4 0.68984375 0.81875 0.021875 0.046875
4 0.62890625 0.775 0.0171875 0.021875
4 0.64921875 0.73515625 0.01875 0.028125
4 0.62734375 0.7203125 0.0203125 0.0203125
4 0.6078125 0.740625 0.028125 0.028125
4 0.65078125 0.6140625 0.046875 0.04375
4 0.7234375 0.6984375 0.034375 0.046875
4 0.61171875 0.859375 0.01875 0.021875