4 0.321875 0.37265625 0.025 0.025
4 0.240625 0.30703125 0.0328125 0.0390625
4 0.2578125 0.28671875 0.01875 0.0234375
4 0.27578125 0.271875 0.0171875 0.0203125
4 0.1953125 0.34453125 0.0296875 0.01875
4 0.175 0.36171875 0.028125 0.028125
4 0.17578125 0.38984375 0.025 0.028125
4 0.2109375 0.40546875 0.028125 0.04375
4 0.221875 0.4484375 0.0296875 0.025
4 0.19453125 0.4359375 0.0359375 0.0390625
4 0.228125 0.48046875 0.0328125 0.028125
4 0.23671875 0.509375 0.0140625 0.025
4 0.2484375 0.53671875 0.0109375 0.0171875
4 0.21875 0.5046875 0.028125 0.028125
4 0.509375 0.48046875 0.0359375 0.01875
4 0.83828125 0.3125 0.0265625 0.01875
4 0.6328125 0.42421875 0.034375 0.0296875
4 0.65390625 0.36171875 0.021875 0.0234375
4 0.6921875 0.35546875 0.0515625 0.0375
4 0.803125 0.34609375 0.03125 0.0234375
4 0.81171875 0.409375 0.015625 0.015625
4 0.7875 0.39375 0.01875 0.0234375
4 0.7203125 0.44375 0.0546875 0.0296875
4 0.590625 0.4046875 0.0203125 0.01875
4 0.59609375 0.3609375 0.0234375 0.0234375
4 0.67109375 0.38828125 0.0265625 0.0265625
4 0.71953125 0.47421875 0.0203125 0.0265625
4 0.80703125 0.4484375 0.0171875 0.025
4 0.80859375 0.4234375 0.015625 0.01875
4 0.840625 0.35546875 0.028125 0.0296875