4 0.28984375 0.58359375 0.021875 0.03125
4 0.25 0.64375 0.0328125 0.0234375
4 0.23828125 0.615625 0.021875 0.025
4 0.21796875 0.64921875 0.0265625 0.03125
4 0.1796875 0.64296875 0.0234375 0.01875
4 0.2015625 0.62578125 0.028125 0.03125
4 0.378125 0.8390625 0.021875 0.01875
4 0.2765625 0.68984375 0.028125 0.01875
4 0.28359375 0.7140625 0.021875 0.021875
4 0.7734375 0.92265625 0.021875 0.01875
4 0.796875 0.9140625 0.025 0.021875
4 0.83359375 0.8953125 0.034375 0.040625
4 0.88671875 0.97890625 0.034375 0.025
4 0.88828125 0.71484375 0.03125 0.034375
4 0.87578125 0.75078125 0.028125 0.0140625
4 0.8609375 0.73359375 0.021875 0.0265625
4 0.8671875 0.68125 0.01875 0.028125
4 0.88671875 0.796875 0.0234375 0.03125
4 0.890625 0.83671875 0.0140625 0.0234375
4 0.89765625 0.875 0.0125 0.0140625
4 0.9359375 0.8953125 0.040625 0.0375
4 0.92890625 0.84296875 0.021875 0.021875
4 0.91875 0.8125 0.01875 0.0265625
4 0.47578125 0.55078125 0.0359375 0.0234375