4 0.31875 0.05078125 0.04375 0.0546875
4 0.41796875 0.16328125 0.0296875 0.053125
4 0.521875 0.153125 0.0171875 0.021875
4 0.45390625 0.1140625 0.0203125 0.025
4 0.3765625 0.07890625 0.0203125 0.01875
4 0.19765625 0.2171875 0.028125 0.034375
4 0.11171875 0.075 0.025 0.028125
4 0.24921875 0.446875 0.025 0.040625
4 0.26015625 0.50234375 0.0234375 0.025
4 0.27734375 0.54375 0.0109375 0.01875
4 0.38359375 0.6859375 0.021875 0.0234375
4 0.415625 0.696875 0.021875 0.025
4 0.4421875 0.70625 0.021875 0.034375
4 0.50703125 0.72734375 0.0140625 0.01875
4 0.54921875 0.7078125 0.021875 0.0359375
4 0.49140625 0.80390625 0.01875 0.025
4 0.5 0.765625 0.01875 0.03125
4 0.475 0.85859375 0.025 0.0296875
4 0.4984375 0.88671875 0.028125 0.034375
4 0.53828125 0.76171875 0.01875 0.01875
4 0.52890625 0.7953125 0.0140625 0.0375
4 0.5 0.62578125 0.025 0.021875