4 0.3734375 0.80703125 0.0359375 0.034375
4 0.2265625 0.834375 0.0359375 0.040625
4 0.3453125 0.9015625 0.046875 0.04375
4 0.29921875 0.85703125 0.0359375 0.04375
4 0.53359375 0.8578125 0.0390625 0.0421875
4 0.5546875 0.91640625 0.0421875 0.0390625
4 0.54921875 0.9765625 0.0515625 0.046875
4 0.42421875 0.978125 0.0734375 0.04375
4 0.0734375 0.90703125 0.0546875 0.046875
4 0.0953125 0.7375 0.0421875 0.0421875
4 0.07734375 0.65078125 0.03125 0.028125
4 0.63046875 0.80859375 0.0515625 0.059375
4 0.4046875 0.93671875 0.0359375 0.04375
4 0.4875 0.96953125 0.0421875 0.04375
4 0.12265625 0.925 0.0234375 0.0328125
4 0.0921875 0.9703125 0.0234375 0.0296875
4 0.78046875 0.15546875 0.0453125 0.0515625