4 0.9390625 0.28046875 0.028125 0.028125
4 0.38984375 0.5484375 0.028125 0.028125
4 0.3875 0.590625 0.04375 0.0453125
4 0.3578125 0.55625 0.021875 0.0265625
4 0.40859375 0.46875 0.021875 0.0203125
4 0.31640625 0.50625 0.03125 0.01875
4 0.18046875 0.509375 0.034375 0.0390625
4 0.22578125 0.56875 0.025 0.0375
4 0.265625 0.565625 0.0203125 0.025
4 0.29609375 0.64453125 0.028125 0.028125
4 0.26484375 0.64375 0.0203125 0.021875
4 0.3453125 0.45703125 0.025 0.01875
4 0.28828125 0.3375 0.03125 0.0421875