4 0.36875 0.7265625 0.0265625 0.0265625
4 0.45546875 0.78828125 0.021875 0.0203125
4 0.3265625 0.48046875 0.015625 0.0171875
4 0.33359375 0.56796875 0.0203125 0.01875
4 0.57109375 0.65234375 0.021875 0.025
4 0.59375 0.26484375 0.025 0.0234375
4 0.90703125 0.425 0.0359375 0.0375
4 0.9703125 0.48046875 0.04375 0.0296875
4 0.909375 0.4625 0.021875 0.01875
4 0.93203125 0.453125 0.0171875 0.01875
4 0.990625 0.40859375 0.01875 0.0484375
4 0.96328125 0.34453125 0.01875 0.0171875
4 0.9828125 0.32421875 0.0171875 0.0125
4 0.95078125 0.41875 0.021875 0.0203125
4 0.9 0.30078125 0.0234375 0.01875
4 0.8203125 0.55234375 0.0203125 0.021875
4 0.9078125 0.8890625 0.015625 0.01875
4 0.9921875 0.87890625 0.015625 0.0171875