4 0.59140625 0.54140625 0.0265625 0.025
4 0.32734375 0.796875 0.028125 0.025
4 0.38203125 0.7125 0.021875 0.01875
4 0.49609375 0.85234375 0.0171875 0.015625
4 0.3453125 0.440625 0.01875 0.021875
4 0.3390625 0.525 0.021875 0.021875
4 0.3046875 0.17734375 0.0203125 0.0171875
4 0.48203125 0.1359375 0.015625 0.01875
4 0.45703125 0.16328125 0.015625 0.01875
4 0.4015625 0.1453125 0.021875 0.0171875
4 0.38203125 0.22578125 0.0421875 0.0359375
4 0.50390625 0.21328125 0.021875 0.021875
4 0.5734375 0.1828125 0.025 0.03125
4 0.50390625 0.18046875 0.025 0.0234375
4 0.50078125 0.07734375 0.01875 0.021875
4 0.4734375 0.06640625 0.0125 0.015625
4 0.48125 0.11015625 0.015625 0.015625
4 0.55546875 0.11328125 0.0171875 0.01875
4 0.41328125 0.12109375 0.0125 0.01875