4 0.584375 0.5734375 0.034375 0.03125
4 0.5359375 0.61328125 0.01875 0.0203125
4 0.59375 0.65234375 0.0171875 0.021875
4 0.5765625 0.68046875 0.0171875 0.01875
4 0.53828125 0.696875 0.0265625 0.0234375
4 0.52578125 0.4921875 0.01875 0.025
4 0.7203125 0.584375 0.01875 0.0234375
4 0.79609375 0.56484375 0.0265625 0.028125
4 0.765625 0.5484375 0.01875 0.0171875
4 0.38828125 0.453125 0.025 0.03125
4 0.6953125 0.35859375 0.03125 0.0234375
4 0.77578125 0.18046875 0.021875 0.0203125
4 0.90625 0.07890625 0.0390625 0.0421875
4 0.4890625 0.09140625 0.0203125 0.0328125
4 0.42890625 0.05234375 0.0171875 0.021875
4 0.44375 0.02578125 0.01875 0.01875
4 0.34765625 0.028125 0.025 0.034375
4 0.353125 0.07421875 0.015625 0.0171875
4 0.52734375 0.040625 0.01875 0.01875
4 0.50625 0.10859375 0.015625 0.015625