4 0.3234375 0.6171875 0.0265625 0.03125
4 0.2921875 0.69453125 0.015625 0.0203125
4 0.38828125 0.66796875 0.025 0.021875
4 0.46796875 0.66484375 0.0203125 0.0234375
4 0.42421875 0.6171875 0.0203125 0.0203125
4 0.48359375 0.5515625 0.01875 0.0203125
4 0.48359375 0.53046875 0.015625 0.01875
4 0.55078125 0.59453125 0.025 0.021875
4 0.55078125 0.68515625 0.01875 0.0171875
4 0.4984375 0.68359375 0.025 0.01875
4 0.38984375 0.715625 0.025 0.0234375
4 0.6265625 0.71171875 0.0203125 0.01875
4 0.5875 0.7203125 0.0140625 0.0171875
4 0.5375 0.73125 0.0328125 0.021875
4 0.64296875 0.415625 0.0296875 0.021875
4 0.315625 0.540625 0.0234375 0.0296875
4 0.296875 0.578125 0.0203125 0.0234375