3 0.5125 0.64296875 0.0265625 0.0265625
3 0.5546875 0.5609375 0.028125 0.028125
3 0.55 0.603125 0.0203125 0.0265625
3 0.63828125 0.6015625 0.028125 0.0359375
3 0.7203125 0.553125 0.025 0.034375
3 0.45703125 0.51953125 0.0171875 0.0203125
3 0.35390625 0.975 0.0171875 0.0203125
3 0.30859375 0.9828125 0.0171875 0.0203125
3 0.3375 0.26953125 0.015625 0.0171875
3 0.39921875 0.17109375 0.0140625 0.0171875
3 0.45703125 0.06640625 0.0265625 0.025
3 0.66640625 0.090625 0.025 0.0328125
3 0.41875 0.05234375 0.01875 0.0203125
3 0.44609375 0.08671875 0.0265625 0.0265625