4 0.71015625 0.41640625 0.0234375 0.0328125
4 0.75 0.35625 0.0328125 0.0234375
4 0.76171875 0.384375 0.021875 0.0234375
4 0.78203125 0.35078125 0.0265625 0.03125
4 0.8203125 0.35703125 0.0234375 0.0171875
4 0.7984375 0.37421875 0.028125 0.03125
4 0.621875 0.1609375 0.0203125 0.01875
4 0.7234375 0.31015625 0.028125 0.0171875
4 0.71640625 0.2859375 0.0234375 0.0234375
4 0.2265625 0.07734375 0.021875 0.01875
4 0.203125 0.0859375 0.025 0.021875
4 0.16640625 0.1046875 0.0328125 0.0421875
4 0.11328125 0.02109375 0.034375 0.0265625
4 0.11171875 0.28515625 0.0296875 0.034375
4 0.12421875 0.24921875 0.0296875 0.0140625
4 0.1390625 0.26640625 0.0234375 0.0265625
4 0.1328125 0.31875 0.01875 0.028125
4 0.11328125 0.203125 0.0234375 0.03125
4 0.109375 0.16328125 0.0140625 0.0234375
4 0.10234375 0.125 0.0125 0.0140625
4 0.0640625 0.1046875 0.040625 0.0375
4 0.07109375 0.15703125 0.021875 0.021875
4 0.08125 0.1875 0.01875 0.0265625
4 0.52421875 0.44921875 0.0359375 0.0234375