4 0.52265625 0.753125 0.021875 0.03125
4 0.3765625 0.79609375 0.0265625 0.015625
4 0.49609375 0.8328125 0.021875 0.0359375
4 0.55 0.89453125 0.0390625 0.034375
4 0.51328125 0.8890625 0.0171875 0.01875
4 0.521875 0.8703125 0.015625 0.0140625
4 0.56328125 0.809375 0.046875 0.040625
4 0.559375 0.7828125 0.0140625 0.0125
4 0.6234375 0.840625 0.015625 0.0203125
4 0.64140625 0.81796875 0.0109375 0.015625
4 0.66171875 0.8984375 0.01875 0.0203125
4 0.43359375 0.97265625 0.0234375 0.028125
4 0.11796875 0.7421875 0.0234375 0.028125
4 0.12734375 0.8109375 0.0203125 0.01875
4 0.11953125 0.88984375 0.0171875 0.015625