4 0.57109375 0.46328125 0.0234375 0.028125
4 0.3640625 0.3515625 0.0296875 0.0265625
4 0.6203125 0.771875 0.0234375 0.025
4 0.54453125 0.7578125 0.03125 0.0296875
4 0.5421875 0.84140625 0.0140625 0.0203125
4 0.540625 0.8546875 0.0265625 0.0234375
4 0.51640625 0.82109375 0.01875 0.0171875
4 0.42578125 0.79375 0.0453125 0.028125
4 0.45625 0.865625 0.03125 0.0296875
4 0.41171875 0.86015625 0.0203125 0.0265625
4 0.471875 0.89375 0.0203125 0.0203125
4 0.47578125 0.8671875 0.01875 0.025
4 0.57265625 0.9109375 0.0234375 0.03125
4 0.503125 0.9453125 0.015625 0.0140625
4 0.5890625 0.86328125 0.0171875 0.0203125
4 0.59453125 0.8359375 0.0125 0.0125
4 0.6140625 0.8265625 0.01875 0.0203125
4 0.61328125 0.853125 0.025 0.0203125
4 0.51953125 0.91796875 0.028125 0.028125