4 0.4421875 0.31875 0.0484375 0.04375
4 0.88046875 0.1234375 0.021875 0.034375
4 0.865625 0.14296875 0.01875 0.0234375
4 0.7484375 0.446875 0.0203125 0.021875
4 0.41328125 0.7578125 0.03125 0.03125
4 0.3984375 0.85078125 0.0203125 0.025
4 0.4375 0.83828125 0.0203125 0.0265625
4 0.55390625 0.79296875 0.04375 0.0421875
4 0.63046875 0.88203125 0.03125 0.028125
4 0.50390625 0.87890625 0.0296875 0.0296875
4 0.48046875 0.909375 0.025 0.021875
4 0.30625 0.85078125 0.03125 0.025
4 0.35234375 0.921875 0.0203125 0.0390625
4 0.3796875 0.93671875 0.0203125 0.0171875
4 0.39765625 0.8671875 0.015625 0.01875
4 0.2796875 0.7515625 0.015625 0.0203125