4 0.4375 0.43359375 0.03125 0.0265625
4 0.759375 0.134375 0.0171875 0.0234375
4 0.64375 0.19140625 0.0125 0.0171875
4 0.5140625 0.796875 0.0171875 0.0171875
4 0.5515625 0.85625 0.0203125 0.0234375
4 0.52578125 0.878125 0.0125 0.015625
4 0.63046875 0.79140625 0.028125 0.03125
4 0.72109375 0.83359375 0.028125 0.025
4 0.525 0.9015625 0.0203125 0.0203125
4 0.55 0.9578125 0.0203125 0.0203125
4 0.596875 0.8953125 0.0171875 0.01875
4 0.50390625 0.9375 0.0234375 0.0296875
4 0.47578125 0.93046875 0.0140625 0.0171875
4 0.509375 0.9828125 0.0125 0.015625