4 0.925 0.19921875 0.03125 0.0359375
4 0.7875 0.12890625 0.0234375 0.025
4 0.80859375 0.09140625 0.0203125 0.021875
4 0.8890625 0.184375 0.0234375 0.021875
4 0.3140625 0.17109375 0.0171875 0.0203125
4 0.10234375 0.653125 0.03125 0.0359375
4 0.059375 0.6234375 0.0171875 0.01875
4 0.10234375 0.5421875 0.021875 0.01875
4 0.103125 0.5203125 0.025 0.0171875
4 0.12421875 0.5625 0.0203125 0.03125
4 0.171875 0.57265625 0.021875 0.0234375
4 0.19140625 0.58203125 0.028125 0.021875
4 0.20390625 0.5421875 0.021875 0.034375
4 0.22890625 0.56171875 0.028125 0.0265625
4 0.271875 0.57421875 0.025 0.034375
4 0.31796875 0.5140625 0.015625 0.015625
4 0.2234375 0.4640625 0.015625 0.0171875
4 0.225 0.4125 0.03125 0.0265625
4 0.38203125 0.6046875 0.021875 0.025
4 0.38203125 0.65859375 0.0171875 0.01875
4 0.43828125 0.7421875 0.015625 0.01875
4 0.38984375 0.71171875 0.0140625 0.0125
4 0.38359375 0.74921875 0.0234375 0.01875
4 0.3234375 0.72109375 0.0171875 0.01875
4 0.3609375 0.75078125 0.01875 0.0203125
4 0.3171875 0.746875 0.015625 0.015625
4 0.26875 0.73203125 0.0125 0.009375
4 0.26796875 0.775 0.0171875 0.0171875
4 0.29453125 0.8 0.0171875 0.015625
4 0.228125 0.79609375 0.0234375 0.0203125
4 0.190625 0.715625 0.01875 0.015625
4 0.21953125 0.63984375 0.021875 0.0171875
4 0.32578125 0.67109375 0.015625 0.015625
4 0.3484375 0.65390625 0.01875 0.015625
4 0.3328125 0.5703125 0.015625 0.01875
4 0.31796875 0.584375 0.015625 0.0125