4 0.971875 0.52890625 0.040625 0.046875
4 0.86640625 0.58125 0.025 0.028125
4 0.7453125 0.74375 0.0171875 0.025
4 0.75 0.315625 0.01875 0.01875
4 0.5875 0.3734375 0.021875 0.0203125
4 0.64375 0.36484375 0.0203125 0.015625
4 0.2296875 0.66171875 0.01875 0.015625
4 0.24921875 0.5515625 0.01875 0.021875
4 0.32109375 0.48671875 0.0484375 0.0265625
4 0.15390625 0.471875 0.034375 0.025
4 0.18671875 0.503125 0.0265625 0.021875
4 0.16171875 0.5828125 0.03125 0.025
4 0.1609375 0.6453125 0.04375 0.0328125
4 0.1171875 0.58515625 0.025 0.028125
4 0.11640625 0.5515625 0.028125 0.015625
4 0.01953125 0.5171875 0.0390625 0.0328125
4 0.0421875 0.46953125 0.040625 0.040625
4 0.0140625 0.44296875 0.01875 0.015625
4 0.11640625 0.51640625 0.0375 0.0234375