4 0.7453125 0.171875 0.0328125 0.03125
4 0.79765625 0.171875 0.01875 0.01875
4 0.6609375 0.096875 0.01875 0.01875
4 0.67265625 0.2640625 0.025 0.0203125
4 0.8015625 0.2796875 0.0140625 0.021875
4 0.5265625 0.26875 0.0375 0.03125
4 0.1765625 0.5171875 0.034375 0.046875
4 0.1734375 0.484375 0.015625 0.015625
4 0.14921875 0.49453125 0.01875 0.0171875
4 0.1078125 0.6109375 0.015625 0.015625
4 0.0796875 0.62734375 0.0171875 0.01875
4 0.17265625 0.65546875 0.025 0.021875
4 0.17734375 0.7140625 0.025 0.021875
4 0.0796875 0.51953125 0.0203125 0.021875
4 0.18515625 0.58515625 0.028125 0.01875