4 0.2828125 0.88125 0.0375 0.025
4 0.35859375 0.94453125 0.015625 0.021875
4 0.33828125 0.9328125 0.0375 0.025
4 0.35859375 0.91640625 0.0296875 0.021875
4 0.321875 0.903125 0.0125 0.0125
4 0.3390625 0.8828125 0.01875 0.021875
4 0.37109375 0.84296875 0.0375 0.0265625
4 0.32578125 0.81328125 0.0296875 0.0265625
4 0.1953125 0.73984375 0.0375 0.040625
4 0.38203125 0.384375 0.025 0.01875
4 0.3609375 0.3703125 0.0390625 0.01875
4 0.31796875 0.31875 0.0296875 0.025
4 0.228125 0.38984375 0.028125 0.025
4 0.29453125 0.3359375 0.025 0.015625
4 0.26796875 0.3578125 0.01875 0.015625
4 0.3203125 0.27890625 0.028125 0.025
4 0.20078125 0.3734375 0.025 0.021875
4 0.93203125 0.63984375 0.021875 0.021875
4 0.86484375 0.63828125 0.028125 0.028125
4 0.8171875 0.39921875 0.03125 0.046875
4 0.91015625 0.25390625 0.040625 0.03125
4 0.96015625 0.4328125 0.0140625 0.015625
4 0.7921875 0.22421875 0.0265625 0.01875
4 0.9515625 0.190625 0.028125 0.025
4 0.771875 0.1296875 0.028125 0.01875