4 0.5171875 0.603125 0.015625 0.021875
4 0.303125 0.7734375 0.028125 0.01875
4 0.265625 0.81171875 0.021875 0.015625
4 0.36875 0.7078125 0.021875 0.025
4 0.42265625 0.659375 0.01875 0.0234375
4 0.13515625 0.64609375 0.0203125 0.01875
4 0.1921875 0.6953125 0.0203125 0.021875
4 0.2125 0.7453125 0.01875 0.01875
4 0.34296875 0.60625 0.04375 0.034375
4 0.559375 0.7203125 0.021875 0.021875
4 0.60078125 0.6078125 0.0203125 0.01875
4 0.12890625 0.60703125 0.021875 0.015625
4 0.1390625 0.44609375 0.01875 0.025
4 0.52421875 0.0671875 0.025 0.021875
4 0.57890625 0.00859375 0.021875 0.0171875
4 0.63125 0.10390625 0.01875 0.01875