4 0.7421875 0.97265625 0.04375 0.0390625
4 0.60078125 0.92890625 0.028125 0.0265625
4 0.56875 0.9625 0.0375 0.034375
4 0.64921875 0.93671875 0.0265625 0.021875
4 0.66796875 0.91328125 0.0265625 0.0203125
4 0.746875 0.92890625 0.0328125 0.0375
4 0.671875 0.86640625 0.0171875 0.01875
4 0.68359375 0.88359375 0.0203125 0.0203125
4 0.63125 0.8640625 0.021875 0.021875
4 0.56328125 0.85 0.0234375 0.01875
4 0.559375 0.7578125 0.03125 0.03125
4 0.603125 0.81640625 0.025 0.0375
4 0.59921875 0.7796875 0.01875 0.015625
4 0.615625 0.75625 0.0265625 0.0265625
4 0.6265625 0.81328125 0.0296875 0.0265625
4 0.51015625 0.925 0.01875 0.0171875
4 0.70546875 0.36796875 0.0375 0.034375
4 0.89609375 0.3578125 0.0328125 0.01875
4 0.9484375 0.31875 0.0234375 0.04375
4 0.98984375 0.38671875 0.0203125 0.025
4 0.87734375 0.48203125 0.025 0.0375
4 0.85546875 0.29765625 0.021875 0.05
4 0.82109375 0.36015625 0.025 0.0203125
4 0.86015625 0.38125 0.025 0.0203125
4 0.3609375 0.46484375 0.0453125 0.046875
4 0.39765625 0.365625 0.025 0.025
4 0.11796875 0.36953125 0.040625 0.0375
4 0.16015625 0.471875 0.03125 0.034375