4 0.6375 0.70234375 0.01875 0.0234375
4 0.28046875 0.740625 0.021875 0.021875
4 0.22109375 0.7640625 0.0234375 0.021875
4 0.65 0.7828125 0.01875 0.021875
4 0.66328125 0.76796875 0.015625 0.021875
4 0.5109375 0.73046875 0.025 0.028125
4 0.47734375 0.7796875 0.021875 0.028125
4 0.08515625 0.575 0.0359375 0.0390625
4 0.6625 0.58203125 0.03125 0.025
4 0.0578125 0.1640625 0.021875 0.0265625
4 0.07109375 0.04296875 0.021875 0.028125
4 0.2203125 0.09609375 0.053125 0.05
4 0.10859375 0.0671875 0.0375 0.0375