4 0.64375 0.46328125 0.0234375 0.0296875
4 0.496875 0.13828125 0.0328125 0.025
4 0.4703125 0.159375 0.025 0.025
4 0.43203125 0.05390625 0.0203125 0.01875
4 0.39921875 0.13046875 0.0234375 0.028125
4 0.378125 0.81328125 0.0234375 0.0359375
4 0.30703125 0.8578125 0.0234375 0.0203125
4 0.3265625 0.8953125 0.021875 0.0234375
4 0.2359375 0.8484375 0.0421875 0.03125
4 0.24765625 0.7421875 0.0375 0.040625
4 0.28671875 0.97890625 0.0171875 0.0203125
4 0.2328125 0.96640625 0.025 0.0234375
4 0.23359375 0.890625 0.025 0.0203125
4 0.4609375 0.88515625 0.01875 0.0203125
4 0.3625 0.88828125 0.025 0.025
4 0.315625 0.93046875 0.0203125 0.0203125