4 0.66953125 0.56484375 0.0203125 0.03125
4 0.64140625 0.553125 0.021875 0.034375
4 0.609375 0.66015625 0.015625 0.0140625
4 0.5734375 0.72109375 0.015625 0.0171875
4 0.61328125 0.72109375 0.015625 0.0125
4 0.6875 0.65234375 0.01875 0.015625
4 0.74140625 0.590625 0.015625 0.021875
4 0.71796875 0.57734375 0.021875 0.0234375
4 0.78671875 0.6140625 0.01875 0.0265625
4 0.67734375 0.63125 0.0203125 0.01875
4 0.74765625 0.3125 0.0203125 0.0171875
4 0.23359375 0.25625 0.025 0.021875
4 0.31484375 0.23828125 0.015625 0.01875
4 0.2078125 0.34609375 0.015625 0.0125
4 0.16953125 0.34609375 0.0125 0.015625
4 0.17578125 0.2484375 0.01875 0.0125
4 0.1625 0.26015625 0.0140625 0.0140625
4 0.1859375 0.2359375 0.015625 0.015625