4 0.28515625 0.4203125 0.0296875 0.03125
4 0.4515625 0.61953125 0.05625 0.0328125
4 0.3984375 0.6140625 0.021875 0.0375
4 0.40859375 0.64453125 0.0265625 0.0203125
4 0.496875 0.56953125 0.03125 0.034375
4 0.646875 0.57421875 0.0265625 0.0203125
4 0.6015625 0.6171875 0.04375 0.0390625
4 0.58359375 0.4890625 0.0390625 0.0375
4 0.65546875 0.5421875 0.0265625 0.0296875
4 0.58046875 0.665625 0.028125 0.0203125
4 0.50546875 0.6296875 0.028125 0.0390625
4 0.6125 0.6765625 0.025 0.0421875
4 0.32890625 0.590625 0.0484375 0.0375
4 0.328125 0.646875 0.0328125 0.028125