4 0.4390625 0.9359375 0.0375 0.03125
4 0.290625 0.88515625 0.0171875 0.01875
4 0.32421875 0.8359375 0.021875 0.0203125
4 0.39609375 0.828125 0.021875 0.025
4 0.56875 0.82734375 0.021875 0.01875
4 0.19921875 0.75859375 0.0265625 0.0234375
4 0.3 0.853125 0.01875 0.0140625
4 0.53515625 0.5203125 0.025 0.028125
4 0.54921875 0.57578125 0.0296875 0.040625
4 0.41484375 0.296875 0.0203125 0.015625
4 0.4578125 0.334375 0.021875 0.021875
4 0.47578125 0.23203125 0.025 0.025
4 0.41796875 0.28046875 0.021875 0.01875
4 0.39765625 0.16328125 0.03125 0.028125
4 0.43125 0.13125 0.01875 0.01875
4 0.334375 0.1171875 0.0234375 0.01875
4 0.31171875 0.11953125 0.0234375 0.015625
4 0.246875 0.16328125 0.0296875 0.034375
4 0.23828125 0.2328125 0.015625 0.01875
4 0.36015625 0.23203125 0.01875 0.0203125
4 0.1546875 0.19921875 0.0203125 0.025
4 0.36328125 0.02421875 0.0421875 0.034375
4 0.41875 0.034375 0.01875 0.021875
4 0.3859375 0.11171875 0.0109375 0.015625
4 0.38125 0.1375 0.009375 0.009375
4 0.40703125 0.125 0.0125 0.0125
4 0.31953125 0.15703125 0.028125 0.028125
4 0.41953125 0.1140625 0.0203125 0.01875
4 0.3296875 0.275 0.015625 0.021875
4 0.18828125 0.040625 0.0171875 0.021875
4 0.22109375 0.0078125 0.021875 0.015625
4 0.8265625 0.3328125 0.021875 0.0328125
4 0.78359375 0.321875 0.01875 0.01875
4 0.84765625 0.24609375 0.015625 0.015625
4 0.8640625 0.36015625 0.021875 0.025