3 0.60078125 0.80234375 0.0171875 0.0125
3 0.5203125 0.73359375 0.0234375 0.025
3 0.4921875 0.771875 0.0140625 0.0140625
3 0.52578125 0.82265625 0.01875 0.01875
3 0.45859375 0.93125 0.01875 0.01875
3 0.54453125 0.859375 0.0140625 0.0140625
3 0.73828125 0.415625 0.021875 0.021875
3 0.7203125 0.49453125 0.0140625 0.015625
3 0.7703125 0.34765625 0.015625 0.015625
3 0.715625 0.42421875 0.01875 0.021875
3 0.6828125 0.4234375 0.0125 0.0171875
3 0.76796875 0.37421875 0.028125 0.0265625
3 0.35390625 0.2921875 0.021875 0.021875
3 0.32578125 0.3140625 0.01875 0.0203125
3 0.3171875 0.346875 0.0171875 0.0171875