4 0.64921875 0.16796875 0.0296875 0.034375
4 0.66328125 0.0375 0.0234375 0.01875
4 0.7171875 0.00390625 0.0171875 0.0078125
4 0.71953125 0.15390625 0.021875 0.0203125
4 0.69453125 0.18828125 0.01875 0.015625
4 0.55859375 0.1375 0.015625 0.025
4 0.7890625 0.5125 0.025 0.01875
4 0.60234375 0.05859375 0.034375 0.025
4 0.41640625 0.30546875 0.01875 0.015625
4 0.43359375 0.27421875 0.021875 0.021875
4 0.49375 0.22578125 0.025 0.01875
4 0.27578125 0.24609375 0.01875 0.015625
4 0.353125 0.58359375 0.01875 0.0171875
4 0.32578125 0.4625 0.028125 0.021875
4 0.33828125 0.44296875 0.015625 0.0203125
4 0.340625 0.421875 0.0140625 0.0125
4 0.31015625 0.52109375 0.0125 0.015625
4 0.2875 0.51796875 0.01875 0.01875
4 0.265625 0.51953125 0.01875 0.015625
4 0.22578125 0.5921875 0.01875 0.01875
4 0.28203125 0.5671875 0.01875 0.015625
4 0.26328125 0.57734375 0.0125 0.009375
4 0.23671875 0.5296875 0.0125 0.0109375
4 0.23984375 0.51796875 0.015625 0.01875
4 0.21171875 0.56171875 0.0140625 0.015625
4 0.3171875 0.6046875 0.01875 0.025
4 0.3078125 0.678125 0.0140625 0.0125
4 0.28515625 0.6765625 0.0078125 0.0125
4 0.27734375 0.6484375 0.0125 0.0140625
4 0.2796875 0.58984375 0.0125 0.015625