4 0.59140625 0.1625 0.028125 0.04375
4 0.4796875 0.15078125 0.0203125 0.021875
4 0.6828125 0.05625 0.0359375 0.0609375
4 0.8140625 0.2203125 0.034375 0.0328125
4 0.9421875 0.31484375 0.0265625 0.03125
4 0.73203125 0.13125 0.0234375 0.0296875
4 0.546875 0.12265625 0.0296875 0.021875
4 0.63125 0.08828125 0.0328125 0.0296875
4 0.75 0.45078125 0.0265625 0.0265625
4 0.71953125 0.54765625 0.0234375 0.0234375
4 0.74765625 0.50234375 0.03125 0.0328125
4 0.61640625 0.6890625 0.0203125 0.0203125
4 0.58828125 0.6921875 0.01875 0.0234375
4 0.55859375 0.7109375 0.0265625 0.0421875
4 0.49921875 0.625 0.025 0.025
4 0.49140625 0.73203125 0.01875 0.03125
4 0.51875 0.85546875 0.0171875 0.0171875
4 0.509375 0.80703125 0.0296875 0.0234375
4 0.50703125 0.76875 0.0328125 0.0359375
4 0.45546875 0.71171875 0.0328125 0.04375
4 0.465625 0.76484375 0.021875 0.028125
4 0.50625 0.8890625 0.0390625 0.0359375
4 0.521875 0.91484375 0.0171875 0.0203125
4 0.53046875 0.8671875 0.0265625 0.0265625