4 0.71953125 0.0609375 0.028125 0.028125
4 0.4515625 0.61015625 0.028125 0.028125
4 0.409375 0.6125 0.0453125 0.04375
4 0.44375 0.6421875 0.0265625 0.021875
4 0.53125 0.59140625 0.0203125 0.021875
4 0.49375 0.68359375 0.01875 0.03125
4 0.490625 0.81953125 0.0390625 0.034375
4 0.43125 0.77421875 0.0375 0.025
4 0.434375 0.734375 0.025 0.0203125
4 0.35546875 0.70390625 0.028125 0.028125
4 0.35625 0.73515625 0.021875 0.0203125
4 0.54296875 0.6546875 0.01875 0.025
4 0.6625 0.71171875 0.0421875 0.03125