4 0.57421875 0.2125 0.0328125 0.0328125
4 0.4234375 0.31875 0.0484375 0.0390625
4 0.421875 0.35234375 0.0203125 0.0234375
4 0.40703125 0.2046875 0.0546875 0.0265625
4 0.50390625 0.28046875 0.021875 0.0203125
4 0.53125 0.31328125 0.021875 0.0265625
4 0.43515625 0.43671875 0.0265625 0.0265625
4 0.53828125 0.4125 0.034375 0.0296875
4 0.578125 0.359375 0.0234375 0.0234375
4 0.621875 0.36640625 0.0328125 0.01875
4 0.62890625 0.32578125 0.0265625 0.03125
4 0.7328125 0.19453125 0.021875 0.021875
4 0.2546875 0.32578125 0.0203125 0.021875