4 0.79375 0.203125 0.03125 0.0390625
4 0.48125 0.2546875 0.025 0.0234375
4 0.63203125 0.12421875 0.0171875 0.025
4 0.6375 0.17109375 0.0140625 0.025
4 0.67109375 0.20859375 0.0234375 0.0296875
4 0.84921875 0.3015625 0.0296875 0.028125
4 0.78203125 0.128125 0.0109375 0.0140625
4 0.7671875 0.11484375 0.025 0.025
4 0.80390625 0.13359375 0.01875 0.025
4 0.33046875 0.44140625 0.0203125 0.0203125
4 0.56015625 0.83125 0.040625 0.0390625
4 0.5515625 0.859375 0.034375 0.0234375
4 0.60078125 0.83125 0.0234375 0.0234375
4 0.58828125 0.85546875 0.0171875 0.0203125
4 0.4125 0.81875 0.028125 0.028125
4 0.44140625 0.91328125 0.0171875 0.01875
4 0.5453125 0.96171875 0.0296875 0.03125
4 0.56796875 0.93671875 0.0265625 0.021875
4 0.33515625 0.8484375 0.03125 0.021875
4 0.3265625 0.78671875 0.0140625 0.0125
4 0.471875 0.890625 0.0296875 0.021875
4 0.43046875 0.98515625 0.0171875 0.0171875
4 0.896875 0.87265625 0.0234375 0.0203125
4 0.91171875 0.82578125 0.0171875 0.0234375
4 0.8984375 0.9375 0.0265625 0.025