4 0.54296875 0.1875 0.0265625 0.03125
4 0.5953125 0.17421875 0.015625 0.0203125
4 0.42421875 0.21171875 0.025 0.025
4 0.5578125 0.27578125 0.01875 0.0234375
4 0.6609375 0.2984375 0.01875 0.0234375
4 0.43203125 0.12421875 0.0171875 0.025
4 0.38359375 0.1375 0.01875 0.0234375
4 0.63125 0.10625 0.0203125 0.0203125
4 0.2234375 0.4328125 0.0203125 0.0171875
4 0.18828125 0.45 0.0140625 0.01875
4 0.42265625 0.6171875 0.0234375 0.0296875
4 0.4203125 0.70859375 0.0171875 0.015625
4 0.45703125 0.67421875 0.0125 0.0171875
4 0.43515625 0.6890625 0.0140625 0.015625
4 0.51171875 0.728125 0.0140625 0.0265625
4 0.52890625 0.69140625 0.015625 0.01875
4 0.41015625 0.79921875 0.0140625 0.01875
4 0.3921875 0.72734375 0.0140625 0.015625
4 0.3765625 0.78515625 0.0140625 0.015625
4 0.37578125 0.646875 0.0203125 0.021875
4 0.084375 0.815625 0.0203125 0.0203125
4 0.07578125 0.45703125 0.0203125 0.025
4 0.0890625 0.46953125 0.0171875 0.0171875