4 0.11875 0.68046875 0.028125 0.028125
4 0.06875 0.675 0.01875 0.015625
4 0.0953125 0.64453125 0.01875 0.01875
4 0.2015625 0.60625 0.025 0.0234375
4 0.18125 0.76171875 0.01875 0.01875
4 0.0671875 0.89609375 0.0234375 0.0203125
4 0.0625 0.78125 0.0140625 0.015625
4 0.05546875 0.80625 0.015625 0.0125
4 0.29453125 0.69140625 0.021875 0.021875
4 0.35859375 0.69453125 0.015625 0.0125
4 0.67421875 0.98203125 0.034375 0.01875
4 0.7734375 0.92265625 0.034375 0.0234375
4 0.60234375 0.90390625 0.021875 0.0171875
4 0.55859375 0.87578125 0.021875 0.01875
4 0.7078125 0.91015625 0.021875 0.021875
4 0.72109375 0.95390625 0.03125 0.0328125
4 0.85 0.4109375 0.034375 0.034375
4 0.84296875 0.4375 0.025 0.0125
4 0.81328125 0.41171875 0.015625 0.01875
4 0.75546875 0.45625 0.015625 0.015625
4 0.72578125 0.38046875 0.0234375 0.0140625
4 0.67109375 0.4421875 0.0234375 0.0171875
4 0.621875 0.5140625 0.01875 0.01875
4 0.77890625 0.4203125 0.01875 0.021875
4 0.7375 0.41015625 0.0171875 0.0125
4 0.7265625 0.4453125 0.015625 0.015625
4 0.6671875 0.390625 0.0140625 0.0125
4 0.77578125 0.396875 0.0578125 0.03125
4 0.68203125 0.53203125 0.028125 0.0265625
4 0.6109375 0.53359375 0.015625 0.015625