4 0.753125 0.4796875 0.028125 0.025
4 0.8953125 0.33828125 0.03125 0.01875
4 0.88984375 0.45546875 0.028125 0.03125
4 0.8890625 0.48828125 0.015625 0.0125
4 0.84296875 0.38046875 0.01875 0.021875
4 0.8203125 0.359375 0.015625 0.0125
4 0.8078125 0.4375 0.03125 0.046875
4 0.83046875 0.50703125 0.03125 0.015625
4 0.78125 0.4390625 0.015625 0.0125
4 0.72421875 0.43046875 0.0234375 0.0203125
4 0.8515625 0.446875 0.0171875 0.0140625
4 0.975 0.56875 0.01875 0.015625
4 0.9296875 0.415625 0.01875 0.01875
4 0.86640625 0.4765625 0.021875 0.01875
4 0.7421875 0.88203125 0.03125 0.021875
4 0.8125 0.871875 0.01875 0.0140625