4 0.7453125 0.91328125 0.034375 0.04375
4 0.80546875 0.95234375 0.0171875 0.0234375
4 0.59375 0.8109375 0.025 0.028125
4 0.3625 0.86875 0.021875 0.025
4 0.3578125 0.9296875 0.025 0.025
4 0.3921875 0.89765625 0.025 0.021875
4 0.215625 0.95 0.0296875 0.025
4 0.86640625 0.76875 0.025 0.0328125
4 0.85390625 0.803125 0.03125 0.0421875
4 0.7765625 0.7921875 0.021875 0.0328125
4 0.45546875 0.78671875 0.015625 0.0171875
4 0.81484375 0.80859375 0.0390625 0.03125
4 0.5609375 0.62265625 0.0171875 0.0125
4 0.55234375 0.57734375 0.0203125 0.0234375
4 0.55390625 0.5359375 0.01875 0.015625
4 0.26796875 0.45078125 0.015625 0.021875
4 0.6296875 0.35546875 0.021875 0.0375
4 0.615625 0.38046875 0.01875 0.01875
4 0.5921875 0.390625 0.0234375 0.0203125
4 0.68046875 0.321875 0.01875 0.015625
4 0.65703125 0.29296875 0.0265625 0.0296875
4 0.6203125 0.1984375 0.034375 0.0375
4 0.60859375 0.22578125 0.028125 0.0296875
4 0.64453125 0.265625 0.01875 0.021875
4 0.67421875 0.2625 0.01875 0.025
4 0.690625 0.28125 0.0125 0.0171875
4 0.71484375 0.321875 0.028125 0.0390625
4 0.70390625 0.4046875 0.025 0.0171875
4 0.2546875 0.19765625 0.034375 0.0265625
4 0.0734375 0.35546875 0.05625 0.034375
4 0.1140625 0.33984375 0.01875 0.01875
4 0.096875 0.32109375 0.0125 0.0125
4 0.12421875 0.28203125 0.025 0.021875
4 0.15546875 0.3953125 0.015625 0.01875
4 0.14921875 0.365625 0.0125 0.015625