4 0.3828125 0.50390625 0.0328125 0.0203125
4 0.3953125 0.57109375 0.03125 0.025
4 0.39765625 0.58984375 0.0125 0.0125
4 0.4453125 0.5453125 0.015625 0.01875
4 0.48984375 0.50078125 0.01875 0.021875
4 0.55625 0.4859375 0.01875 0.021875
4 0.5984375 0.4828125 0.0125 0.015625
4 0.55 0.52734375 0.0125 0.0140625
4 0.5703125 0.53203125 0.0125 0.0078125
4 0.4953125 0.525 0.021875 0.01875
4 0.46875 0.5640625 0.015625 0.0171875
4 0.47265625 0.62265625 0.0140625 0.0125
4 0.40546875 0.6390625 0.0140625 0.015625
4 0.36796875 0.5109375 0.01875 0.0125
4 0.503125 0.590625 0.0125 0.015625
4 0.57734375 0.2890625 0.0171875 0.01875