4 0.38203125 0.8921875 0.0234375 0.021875
4 0.65234375 0.70078125 0.025 0.0328125
4 0.58359375 0.621875 0.0171875 0.0203125
4 0.70546875 0.56796875 0.034375 0.028125
4 0.69453125 0.51171875 0.015625 0.0171875
4 0.6203125 0.4890625 0.015625 0.0171875
4 0.54453125 0.5 0.0234375 0.034375
4 0.59765625 0.58671875 0.01875 0.0203125
4 0.60859375 0.534375 0.021875 0.01875
4 0.65703125 0.5828125 0.0234375 0.021875
4 0.65 0.62421875 0.0171875 0.0203125
4 0.67265625 0.609375 0.01875 0.01875
4 0.60546875 0.70234375 0.0203125 0.028125
4 0.6046875 0.72734375 0.015625 0.0125
4 0.6203125 0.69609375 0.0171875 0.0203125
4 0.6015625 0.55546875 0.0171875 0.0171875
4 0.38515625 0.3484375 0.0140625 0.01875
4 0.36328125 0.3109375 0.015625 0.015625
4 0.37890625 0.03046875 0.0375 0.03125
4 0.446875 0.09296875 0.025 0.0203125
4 0.29921875 0.25546875 0.021875 0.0234375