4 0.78203125 0.53046875 0.0234375 0.028125
4 0.74140625 0.425 0.01875 0.021875
4 0.74375 0.4703125 0.025 0.021875
4 0.6671875 0.41640625 0.0140625 0.015625
4 0.7015625 0.38828125 0.0125 0.015625
4 0.70078125 0.484375 0.0125 0.0125
4 0.690625 0.4578125 0.0125 0.015625
4 0.59453125 0.4171875 0.009375 0.0125
4 0.759375 0.5359375 0.015625 0.025
4 0.75859375 0.503125 0.00625 0.009375
4 0.76015625 0.490625 0.0125 0.015625
4 0.25234375 0.68359375 0.034375 0.028125
4 0.284375 0.68359375 0.0234375 0.040625
4 0.30546875 0.5921875 0.0140625 0.01875
4 0.3078125 0.7796875 0.01875 0.015625
4 0.30390625 0.75703125 0.015625 0.01875
4 0.234375 0.803125 0.025 0.021875
4 0.228125 0.771875 0.0140625 0.0125
4 0.20625 0.70703125 0.01875 0.015625
4 0.1671875 0.74921875 0.0234375 0.021875
4 0.35078125 0.67265625 0.0171875 0.01875
4 0.67265625 0.846875 0.025 0.021875
4 0.69609375 0.8625 0.015625 0.0171875
4 0.22890625 0.13984375 0.0296875 0.025
4 0.2078125 0.1 0.0125 0.0140625
4 0.24921875 0.10625 0.009375 0.009375
4 0.32265625 0.1609375 0.01875 0.01875
4 0.13125 0.15390625 0.015625 0.01875