4 0.17421875 0.25546875 0.034375 0.034375
4 0.17265625 0.20234375 0.01875 0.0171875
4 0.28046875 0.20234375 0.015625 0.0171875
4 0.3125 0.190625 0.0125 0.0125
4 0.30234375 0.21484375 0.0140625 0.015625
4 0.09921875 0.3390625 0.025 0.025
4 0.128125 0.31328125 0.021875 0.0125
4 0.13671875 0.234375 0.0140625 0.015625
4 0.42265625 0.26015625 0.0203125 0.021875
4 0.184375 0.434375 0.025 0.025
4 0.26484375 0.47734375 0.0359375 0.028125
4 0.1875 0.5140625 0.025 0.028125
4 0.41328125 0.76484375 0.021875 0.025
4 0.38515625 0.7234375 0.01875 0.0265625
4 0.5296875 0.8234375 0.04375 0.0328125
4 0.5125 0.79296875 0.021875 0.025
4 0.58359375 0.8171875 0.028125 0.0265625
4 0.571875 0.84453125 0.0171875 0.0171875
4 0.4921875 0.85703125 0.025 0.021875
4 0.4890625 0.83359375 0.0171875 0.0171875
4 0.41796875 0.87578125 0.0234375 0.0171875
4 0.46953125 0.890625 0.0375 0.0375
4 0.7125 0.825 0.01875 0.025
4 0.4875 0.9875 0.03125 0.025
4 0.6578125 0.82734375 0.01875 0.0171875
4 0.63046875 0.92421875 0.0125 0.01875
4 0.61328125 0.89609375 0.015625 0.01875
4 0.55234375 0.934375 0.015625 0.01875
4 0.52578125 0.9265625 0.015625 0.01875
4 0.5375 0.96015625 0.0125 0.015625