4 0.35859375 0.2453125 0.034375 0.04375
4 0.325 0.25546875 0.0171875 0.0328125
4 0.34453125 0.33984375 0.0203125 0.0265625
4 0.52734375 0.44921875 0.028125 0.0234375
4 0.63515625 0.390625 0.0140625 0.0171875
4 0.6640625 0.39375 0.034375 0.028125
4 0.64140625 0.4125 0.01875 0.0265625
4 0.7859375 0.36796875 0.015625 0.0140625
4 0.7578125 0.39296875 0.01875 0.021875
4 0.596875 0.409375 0.0203125 0.01875
4 0.60703125 0.340625 0.0125 0.0140625
4 0.59609375 0.3765625 0.0203125 0.015625
4 0.56796875 0.271875 0.0125 0.0125
4 0.7640625 0.43125 0.0140625 0.0140625
4 0.740625 0.41953125 0.01875 0.015625