4 0.4390625 0.0640625 0.0375 0.0328125
4 0.290625 0.11484375 0.0171875 0.01875
4 0.32421875 0.1640625 0.021875 0.0203125
4 0.39609375 0.171875 0.021875 0.025
4 0.56875 0.17265625 0.0203125 0.0171875
4 0.19921875 0.24140625 0.0265625 0.0234375
4 0.3 0.146875 0.01875 0.0140625
4 0.53515625 0.4796875 0.025 0.028125
4 0.54921875 0.42421875 0.0296875 0.040625
4 0.41484375 0.703125 0.0203125 0.015625
4 0.4578125 0.665625 0.021875 0.021875
4 0.47578125 0.76796875 0.025 0.025
4 0.41796875 0.71953125 0.021875 0.0203125
4 0.39765625 0.83671875 0.03125 0.0296875
4 0.43125 0.86875 0.01875 0.01875
4 0.334375 0.8828125 0.0234375 0.01875
4 0.31171875 0.88046875 0.0234375 0.0171875
4 0.246875 0.83671875 0.0296875 0.034375
4 0.23828125 0.7671875 0.0171875 0.01875
4 0.36015625 0.76796875 0.01875 0.0203125
4 0.1546875 0.80078125 0.0203125 0.025
4 0.36328125 0.97578125 0.0421875 0.034375
4 0.41875 0.965625 0.0203125 0.0234375
4 0.3859375 0.88828125 0.0109375 0.0171875
4 0.38125 0.8625 0.009375 0.009375
4 0.40703125 0.875 0.0125 0.0125
4 0.31953125 0.84296875 0.028125 0.0296875
4 0.41953125 0.8859375 0.0203125 0.01875
4 0.3296875 0.725 0.015625 0.0203125
4 0.18828125 0.959375 0.0171875 0.0234375
4 0.22109375 0.9921875 0.021875 0.015625
4 0.8265625 0.6671875 0.021875 0.0328125
4 0.78359375 0.678125 0.01875 0.01875
4 0.84765625 0.75390625 0.015625 0.015625
4 0.8640625 0.63984375 0.0234375 0.025