4 0.2859375 0.16875 0.03125 0.0375
4 0.17265625 0.12890625 0.0203125 0.0265625
4 0.215625 0.3734375 0.028125 0.0328125
4 0.453125 0.31328125 0.0265625 0.025
4 0.63359375 0.3203125 0.0234375 0.0265625
4 0.7765625 0.415625 0.028125 0.028125
4 0.79453125 0.61328125 0.028125 0.0296875
4 0.72109375 0.621875 0.0546875 0.0375
4 0.64453125 0.54296875 0.05 0.03125
4 0.6453125 0.471875 0.0484375 0.0625
4 0.5828125 0.421875 0.0625 0.059375
4 0.53515625 0.359375 0.0375 0.0546875
4 0.30546875 0.33125 0.03125 0.028125
4 0.2421875 0.46953125 0.0546875 0.0734375
4 0.2609375 0.51640625 0.0234375 0.0328125
4 0.24296875 0.615625 0.025 0.028125
4 0.315625 0.6171875 0.0296875 0.034375
4 0.3125 0.53125 0.0203125 0.0234375
4 0.3734375 0.578125 0.025 0.0328125
4 0.46328125 0.6671875 0.025 0.0296875
4 0.68828125 0.75078125 0.0578125 0.0515625
4 0.6125 0.73515625 0.046875 0.0515625
4 0.59765625 0.6578125 0.028125 0.0265625
4 0.68671875 0.80625 0.0265625 0.028125
4 0.7875 0.5453125 0.053125 0.034375
4 0.7984375 0.47734375 0.034375 0.034375
4 0.690625 0.48984375 0.046875 0.046875
4 0.715625 0.33203125 0.0421875 0.05
4 0.846875 0.3890625 0.0265625 0.0515625
4 0.7453125 0.41640625 0.034375 0.03125
4 0.71015625 0.43359375 0.028125 0.021875
4 0.66875 0.559375 0.0265625 0.028125