4 0.203125 0.20625 0.0390625 0.03125
4 0.2546875 0.51875 0.021875 0.025
4 0.12421875 0.36796875 0.025 0.0171875
4 0.17109375 0.3625 0.025 0.0140625
4 0.20859375 0.32890625 0.0296875 0.021875
4 0.3015625 0.15078125 0.028125 0.028125
4 0.128125 0.21796875 0.0125 0.0109375
4 0.11484375 0.2328125 0.025 0.025
4 0.13359375 0.19609375 0.025 0.01875
4 0.44140625 0.66953125 0.01875 0.01875
4 0.83125 0.43984375 0.0375 0.040625
4 0.859375 0.4484375 0.021875 0.034375
4 0.83125 0.39921875 0.0234375 0.021875
4 0.85546875 0.41171875 0.0203125 0.0171875
4 0.81875 0.5875 0.028125 0.028125
4 0.91328125 0.55859375 0.01875 0.0171875
4 0.96171875 0.4546875 0.03125 0.0296875
4 0.93671875 0.43203125 0.021875 0.0265625
4 0.8484375 0.66484375 0.021875 0.03125
4 0.78671875 0.6734375 0.0125 0.0125
4 0.890625 0.528125 0.021875 0.028125
4 0.98515625 0.56953125 0.015625 0.015625
4 0.87265625 0.103125 0.0203125 0.021875
4 0.82578125 0.08828125 0.021875 0.0171875
4 0.9375 0.1015625 0.025 0.025