4 0.38203125 0.1078125 0.0234375 0.021875
4 0.65234375 0.29921875 0.025 0.0328125
4 0.58359375 0.378125 0.0171875 0.01875
4 0.70546875 0.43203125 0.034375 0.028125
4 0.69453125 0.48828125 0.015625 0.0171875
4 0.6203125 0.5109375 0.015625 0.015625
4 0.54453125 0.5 0.0234375 0.034375
4 0.59765625 0.41328125 0.01875 0.021875
4 0.60859375 0.465625 0.021875 0.01875
4 0.65703125 0.4171875 0.021875 0.021875
4 0.65 0.37578125 0.015625 0.021875
4 0.67265625 0.390625 0.01875 0.01875
4 0.60546875 0.29765625 0.0203125 0.028125
4 0.6046875 0.27265625 0.015625 0.0125
4 0.6203125 0.30390625 0.0171875 0.01875
4 0.6015625 0.44453125 0.0171875 0.0171875
4 0.38515625 0.6515625 0.0140625 0.01875
4 0.36328125 0.6890625 0.015625 0.015625
4 0.37890625 0.96953125 0.0375 0.03125
4 0.446875 0.90703125 0.025 0.0203125
4 0.29921875 0.74453125 0.021875 0.0234375