4 0.19453125 0.06796875 0.021875 0.0203125
4 0.43515625 0.27265625 0.015625 0.015625
4 0.3359375 0.39296875 0.034375 0.0296875
4 0.2375 0.3921875 0.025 0.0234375
4 0.21640625 0.36796875 0.0203125 0.015625
4 0.25859375 0.31796875 0.015625 0.0171875
4 0.33125 0.32578125 0.028125 0.0234375
4 0.36640625 0.39140625 0.0171875 0.0203125
4 0.35390625 0.4078125 0.015625 0.0125
4 0.25625 0.4265625 0.0171875 0.01875
4 0.2359375 0.434375 0.0171875 0.0140625
4 0.34609375 0.3640625 0.015625 0.021875
4 0.3046875 0.3671875 0.0171875 0.0265625
4 0.40625 0.37734375 0.015625 0.0171875
4 0.38125 0.36015625 0.0125 0.0140625
4 0.64453125 0.24140625 0.028125 0.0375
4 0.67734375 0.2515625 0.0171875 0.028125
4 0.6578125 0.340625 0.0171875 0.025
4 0.4734375 0.4484375 0.0328125 0.028125