4 0.6296875 0.11796875 0.0453125 0.0375
4 0.6328125 0.37734375 0.0296875 0.065625
4 0.490625 0.36640625 0.03125 0.03125
4 0.5453125 0.35546875 0.0234375 0.0328125
4 0.67109375 0.1578125 0.021875 0.025
4 0.24296875 0.56015625 0.028125 0.028125
4 0.13671875 0.67578125 0.025 0.03125
4 0.0296875 0.740625 0.034375 0.040625
4 0.075 0.74921875 0.034375 0.0359375
4 0.07109375 0.77890625 0.025 0.01875
4 0.08828125 0.67109375 0.025 0.0265625
4 0.0703125 0.6015625 0.021875 0.025
4 0.0734375 0.51875 0.01875 0.021875
4 0.0453125 0.571875 0.034375 0.03125
4 0.0671875 0.65 0.0234375 0.025
4 0.0234375 0.69609375 0.015625 0.0234375
4 0.146875 0.56484375 0.01875 0.015625
4 0.14453125 0.5953125 0.01875 0.028125
4 0.13671875 0.63359375 0.0265625 0.028125
4 0.665625 0.975 0.01875 0.0296875
4 0.67421875 0.94453125 0.021875 0.0296875
4 0.6171875 0.86484375 0.021875 0.028125
4 0.64296875 0.82265625 0.01875 0.0296875
4 0.69140625 0.8515625 0.015625 0.015625
4 0.6921875 0.87734375 0.01875 0.021875
4 0.61640625 0.98515625 0.025 0.0296875
4 0.75546875 0.92109375 0.025 0.0296875
4 0.73359375 0.940625 0.021875 0.0203125
4 0.73359375 0.96796875 0.01875 0.01875