4 0.16015625 0.6578125 0.03125 0.028125
4 0.36015625 0.5953125 0.01875 0.0203125
4 0.23203125 0.490625 0.01875 0.015625
4 0.21171875 0.48671875 0.021875 0.025
4 0.1109375 0.49140625 0.021875 0.0296875
4 0.14453125 0.446875 0.0171875 0.015625
4 0.190625 0.5140625 0.0109375 0.0125
4 0.21171875 0.5046875 0.0140625 0.0125
4 0.2046875 0.53359375 0.01875 0.025
4 0.24375 0.52890625 0.0125 0.021875
4 0.165625 0.5625 0.015625 0.0171875
4 0.19296875 0.59453125 0.021875 0.0265625
4 0.27109375 0.60390625 0.01875 0.0171875
4 0.34609375 0.58515625 0.0125 0.0171875
4 0.20859375 0.70078125 0.01875 0.021875
4 0.13671875 0.75 0.015625 0.015625
4 0.02421875 0.63515625 0.015625 0.015625
4 0.0078125 0.59765625 0.015625 0.0234375
4 0.15390625 0.57890625 0.01875 0.025
4 0.1671875 0.6125 0.025 0.021875
4 0.52734375 0.353125 0.015625 0.0125
4 0.55859375 0.2140625 0.015625 0.021875