4 0.09921875 0.07109375 0.0421875 0.0359375
4 0.08515625 0.37734375 0.028125 0.028125
4 0.115625 0.43671875 0.01875 0.01875
4 0.08359375 0.48671875 0.021875 0.028125
4 0.12109375 0.29375 0.0265625 0.025
4 0.45390625 0.97734375 0.03125 0.0359375
4 0.2984375 0.9 0.028125 0.028125
4 0.159375 0.7125 0.0265625 0.0328125
4 0.5015625 0.8015625 0.0609375 0.0390625
4 0.50859375 0.9109375 0.0421875 0.034375
4 0.50390625 0.9453125 0.015625 0.01875
4 0.44453125 0.871875 0.0265625 0.0375
4 0.57265625 0.88203125 0.0234375 0.028125
4 0.571875 0.91640625 0.01875 0.021875
4 0.48125 0.82265625 0.021875 0.028125
4 0.59921875 0.815625 0.0265625 0.03125
4 0.58984375 0.85078125 0.028125 0.040625
4 0.56875 0.7953125 0.01875 0.0203125
4 0.5625 0.83671875 0.0375 0.0421875
4 0.403125 0.78671875 0.025 0.0265625
4 0.62578125 0.81171875 0.03125 0.028125