4 0.91953125 0.26953125 0.028125 0.025
4 0.94765625 0.41796875 0.01875 0.01875
4 0.84375 0.51328125 0.021875 0.021875
4 0.7296875 0.33671875 0.028125 0.01875
4 0.83046875 0.37109375 0.015625 0.0140625
4 0.70859375 0.69453125 0.0203125 0.01875
4 0.28046875 0.52109375 0.028125 0.021875
4 0.30859375 0.56015625 0.015625 0.015625
4 0.3390625 0.56171875 0.034375 0.0421875
4 0.41796875 0.54609375 0.025 0.0375
4 0.3703125 0.62265625 0.0140625 0.015625
4 0.42578125 0.6625 0.0234375 0.015625
4 0.346875 0.63828125 0.015625 0.015625
4 0.2515625 0.56953125 0.01875 0.015625
4 0.378125 0.45625 0.0171875 0.015625
4 0.3625 0.496875 0.0328125 0.0203125
4 0.41484375 0.5125 0.01875 0.015625
4 0.3953125 0.521875 0.015625 0.0171875
4 0.49765625 0.4296875 0.01875 0.01875
4 0.48203125 0.453125 0.01875 0.01875
4 0.3234375 0.37109375 0.021875 0.034375
4 0.378125 0.55234375 0.0125 0.0171875
4 0.26953125 0.1140625 0.0359375 0.025
4 0.33828125 0.12890625 0.021875 0.0171875
4 0.41875 0.11953125 0.0125 0.0125