4 0.75078125 0.37578125 0.0296875 0.034375
4 0.946875 0.684375 0.015625 0.015625
4 0.95 0.284375 0.025 0.0203125
4 0.54609375 0.80234375 0.021875 0.01875
4 0.11875 0.3671875 0.040625 0.021875
4 0.18125 0.29765625 0.025 0.015625
4 0.22578125 0.37421875 0.034375 0.0234375
4 0.2734375 0.46875 0.0375 0.040625
4 0.22421875 0.61875 0.0234375 0.015625
4 0.175 0.5375 0.015625 0.015625
4 0.13828125 0.5484375 0.0234375 0.01875
4 0.171875 0.43828125 0.01875 0.034375
4 0.1546875 0.4546875 0.021875 0.03125
4 0.27109375 0.42890625 0.0484375 0.021875
4 0.428125 0.3734375 0.03125 0.021875
4 0.2484375 0.215625 0.021875 0.028125
4 0.184375 0.59375 0.0171875 0.01875
4 0.1328125 0.4296875 0.025 0.01875
4 0.10390625 0.51875 0.0140625 0.0140625