4 0.59765625 0.29609375 0.021875 0.0234375
4 0.45390625 0.1359375 0.01875 0.028125
4 0.43984375 0.58046875 0.0125 0.0125
4 0.48203125 0.53671875 0.021875 0.021875
4 0.54453125 0.5703125 0.015625 0.015625
4 0.45859375 0.60390625 0.021875 0.015625
4 0.45859375 0.66640625 0.01875 0.021875
4 0.38359375 0.6046875 0.034375 0.025
4 0.38125 0.6296875 0.015625 0.0125
4 0.33828125 0.58125 0.015625 0.025
4 0.37421875 0.53203125 0.0375 0.021875
4 0.39140625 0.68359375 0.01875 0.021875
4 0.43046875 0.6765625 0.0140625 0.0125
4 0.44453125 0.634375 0.028125 0.0203125
4 0.48828125 0.63515625 0.015625 0.0125
4 0.5171875 0.61484375 0.0125 0.0140625
4 0.50078125 0.61953125 0.009375 0.0109375
4 0.27109375 0.609375 0.0171875 0.0203125
4 0.19140625 0.509375 0.009375 0.015625