4 0.40859375 0.8375 0.028125 0.04375
4 0.5203125 0.84921875 0.01875 0.021875
4 0.3171875 0.94375 0.0375 0.0609375
4 0.1859375 0.7796875 0.034375 0.03125
4 0.0578125 0.68515625 0.025 0.03125
4 0.26796875 0.86875 0.0234375 0.028125
4 0.453125 0.87734375 0.028125 0.021875
4 0.36875 0.91171875 0.03125 0.0296875
4 0.25 0.54921875 0.025 0.025
4 0.28046875 0.45234375 0.0234375 0.025
4 0.25234375 0.49765625 0.03125 0.0328125
4 0.38359375 0.3109375 0.0203125 0.0203125
4 0.41171875 0.3078125 0.01875 0.025
4 0.44140625 0.2890625 0.0265625 0.040625
4 0.50078125 0.375 0.025 0.025
4 0.50859375 0.26796875 0.01875 0.03125
4 0.48125 0.14453125 0.0171875 0.0171875
4 0.490625 0.19296875 0.028125 0.0234375
4 0.49296875 0.23125 0.0328125 0.0375
4 0.54453125 0.28828125 0.0328125 0.04375
4 0.534375 0.23515625 0.021875 0.028125
4 0.49375 0.1109375 0.0390625 0.0359375
4 0.478125 0.08515625 0.0171875 0.01875
4 0.46953125 0.1328125 0.0265625 0.025