4 0.90625 0.06796875 0.0390625 0.040625
4 0.80703125 0.3125 0.0296875 0.025
4 0.884375 0.440625 0.0203125 0.021875
4 0.9171875 0.484375 0.0234375 0.021875
4 0.91796875 0.37578125 0.021875 0.0234375
4 0.8375 0.70859375 0.0203125 0.0234375
4 0.70546875 0.90078125 0.040625 0.025
4 0.5453125 0.9734375 0.0203125 0.0390625
4 0.59609375 0.78515625 0.01875 0.0203125
4 0.5609375 0.8703125 0.0234375 0.0328125
4 0.50078125 0.79921875 0.0703125 0.0359375
4 0.51484375 0.82421875 0.0203125 0.021875
4 0.42890625 0.88125 0.01875 0.01875
4 0.496875 0.89921875 0.0421875 0.0390625
4 0.5 0.94453125 0.01875 0.01875
4 0.43671875 0.91484375 0.034375 0.025
4 0.38203125 0.8109375 0.0265625 0.025
4 0.39921875 0.8140625 0.021875 0.021875
4 0.59921875 0.92109375 0.0265625 0.0421875
4 0.603125 0.83359375 0.0328125 0.0265625