3 0.43515625 0.15546875 0.0234375 0.025
3 0.459375 0.1421875 0.021875 0.025
3 0.46484375 0.0734375 0.0203125 0.0203125
3 0.53203125 0.08828125 0.0203125 0.01875
3 0.63125 0.2265625 0.0203125 0.021875
3 0.38203125 0.221875 0.0234375 0.0265625
3 0.2578125 0.6515625 0.0171875 0.0171875
3 0.2234375 0.58046875 0.0203125 0.025
3 0.25625 0.578125 0.015625 0.0171875
3 0.765625 0.615625 0.0328125 0.03125
3 0.72421875 0.6859375 0.021875 0.025
3 0.7546875 0.65546875 0.0234375 0.0265625
3 0.70703125 0.75546875 0.01875 0.01875
3 0.80546875 0.65078125 0.0203125 0.021875