4 0.803125 0.37578125 0.028125 0.034375
4 0.890625 0.57265625 0.0203125 0.0296875
4 0.8796875 0.6875 0.01875 0.021875
4 0.91875 0.49765625 0.0171875 0.0265625
4 0.9390625 0.51796875 0.021875 0.0203125
4 0.78203125 0.50390625 0.0234375 0.0234375
4 0.584375 0.434375 0.034375 0.021875
4 0.34375 0.51640625 0.034375 0.0359375
4 0.19765625 0.89765625 0.021875 0.0234375
4 0.10390625 0.8796875 0.021875 0.021875
4 0.140625 0.8234375 0.021875 0.01875
4 0.30625 0.9265625 0.0296875 0.028125
4 0.33203125 0.99140625 0.0265625 0.0171875