4 0.3984375 0.17265625 0.0203125 0.0203125
4 0.46015625 0.18359375 0.034375 0.03125
4 0.44453125 0.27421875 0.01875 0.021875
4 0.3890625 0.24296875 0.025 0.028125
4 0.5734375 0.209375 0.01875 0.0234375
4 0.56953125 0.12578125 0.025 0.0265625
4 0.36953125 0.10390625 0.0234375 0.021875
4 0.43125 0.115625 0.0125 0.0140625
4 0.24140625 0.23984375 0.0234375 0.021875
4 0.5734375 0.61796875 0.0140625 0.034375
4 0.584375 0.6 0.015625 0.01875
4 0.54375 0.675 0.01875 0.01875
4 0.56328125 0.68828125 0.0140625 0.0171875
4 0.58515625 0.70703125 0.0171875 0.01875
4 0.6078125 0.72578125 0.015625 0.015625
4 0.58984375 0.79765625 0.0203125 0.021875
4 0.48828125 0.72890625 0.01875 0.028125
4 0.4734375 0.6890625 0.0171875 0.015625
4 0.62421875 0.78515625 0.0125 0.015625
4 0.62265625 0.646875 0.01875 0.01875
4 0.9171875 0.81328125 0.015625 0.0203125
4 0.91640625 0.4453125 0.0296875 0.0421875