4 0.82734375 0.6015625 0.0203125 0.01875
4 0.81640625 0.53984375 0.03125 0.034375
4 0.72578125 0.55546875 0.021875 0.01875
4 0.75703125 0.6109375 0.028125 0.025
4 0.790625 0.4265625 0.021875 0.01875
4 0.87421875 0.43046875 0.025 0.025
4 0.89609375 0.63046875 0.021875 0.025
4 0.884375 0.56875 0.0140625 0.0125
4 0.76015625 0.75859375 0.021875 0.021875
4 0.38203125 0.4265625 0.034375 0.0140625
4 0.4 0.415625 0.01875 0.015625
4 0.325 0.45625 0.01875 0.01875
4 0.31171875 0.43671875 0.0171875 0.0140625
4 0.29296875 0.41484375 0.01875 0.0171875
4 0.27421875 0.3921875 0.015625 0.015625
4 0.20234375 0.41015625 0.021875 0.0203125
4 0.27109375 0.51171875 0.028125 0.01875
4 0.3109375 0.5265625 0.015625 0.0171875
4 0.21484375 0.37578125 0.015625 0.0125
4 0.353125 0.37734375 0.01875 0.01875
4 0.18671875 0.0828125 0.0203125 0.015625
4 0.5546875 0.08359375 0.040625 0.0296875