4 0.56015625 0.38828125 0.0234375 0.021875
4 0.29453125 0.16640625 0.0203125 0.028125
4 0.25234375 0.1859375 0.0375 0.0359375
4 0.28984375 0.2390625 0.0203125 0.0171875
4 0.25703125 0.2140625 0.0140625 0.0171875
4 0.275 0.2640625 0.021875 0.021875
4 0.39296875 0.18203125 0.025 0.021875
4 0.2703125 0.11875 0.015625 0.0171875
4 0.24765625 0.11953125 0.025 0.0203125
4 0.1984375 0.14921875 0.021875 0.0296875
4 0.2109375 0.19140625 0.0171875 0.0171875
4 0.321875 0.14296875 0.01875 0.021875
4 0.31484375 0.1078125 0.015625 0.0171875
4 0.678125 0.01640625 0.028125 0.0328125
4 0.79453125 0.2 0.0359375 0.0328125
4 0.73125 0.12265625 0.01875 0.0171875
4 0.73984375 0.09140625 0.0171875 0.025
4 0.79609375 0.08203125 0.015625 0.0203125
4 0.82890625 0.071875 0.0234375 0.0265625
4 0.81484375 0.021875 0.01875 0.0171875
4 0.74765625 0.0375 0.01875 0.01875
4 0.78984375 0.121875 0.01875 0.028125
4 0.765625 0.134375 0.015625 0.0203125
4 0.75390625 0.1953125 0.025 0.0234375
4 0.753125 0.22109375 0.0171875 0.0171875
4 0.78828125 0.16171875 0.015625 0.0203125