4 0.175 0.1671875 0.0171875 0.0171875
4 0.16953125 0.30703125 0.0171875 0.01875
4 0.103125 0.384375 0.0203125 0.01875
4 0.196875 0.403125 0.028125 0.0296875
4 0.14375 0.46875 0.0171875 0.0203125
4 0.16484375 0.40625 0.0359375 0.0296875
4 0.43046875 0.47890625 0.015625 0.0171875
4 0.55234375 0.46328125 0.0234375 0.046875
4 0.43671875 0.32890625 0.015625 0.0171875
4 0.2078125 0.3078125 0.021875 0.0203125
4 0.66640625 0.49609375 0.0140625 0.0171875
4 0.3125 0.47578125 0.0171875 0.0203125
4 0.32734375 0.5203125 0.028125 0.0234375
4 0.20390625 0.20546875 0.0140625 0.0171875
4 0.14140625 0.3421875 0.0171875 0.01875
4 0.20703125 0.5296875 0.0140625 0.0125
4 0.12421875 0.47734375 0.0140625 0.015625
4 0.7625 0.43359375 0.015625 0.0171875
4 0.76015625 0.4875 0.015625 0.015625
4 0.74921875 0.5171875 0.0140625 0.0171875
4 0.72890625 0.51640625 0.0203125 0.015625
4 0.71015625 0.5234375 0.015625 0.015625