4 0.4796875 0.246875 0.025 0.0296875
4 0.33828125 0.1046875 0.0203125 0.03125
4 0.45546875 0.11015625 0.0328125 0.0296875
4 0.48828125 0.1109375 0.0140625 0.015625
4 0.38046875 0.15703125 0.021875 0.0171875
4 0.359375 0.1796875 0.0125 0.015625
4 0.4375 0.1921875 0.0484375 0.03125
4 0.50703125 0.16953125 0.015625 0.03125
4 0.4390625 0.21875 0.0125 0.0171875
4 0.43046875 0.27578125 0.0203125 0.0234375
4 0.446875 0.1484375 0.0140625 0.0171875
4 0.56875 0.025 0.015625 0.01875
4 0.415625 0.0703125 0.01875 0.0203125
4 0.4765625 0.13359375 0.01875 0.021875
4 0.88203125 0.2578125 0.021875 0.03125
4 0.871875 0.1875 0.0140625 0.01875