4 0.35859375 0.7546875 0.034375 0.04375
4 0.325 0.74453125 0.0171875 0.0328125
4 0.34453125 0.66015625 0.0203125 0.025
4 0.52734375 0.55078125 0.028125 0.0234375
4 0.63515625 0.609375 0.0140625 0.015625
4 0.6640625 0.60625 0.034375 0.028125
4 0.64140625 0.5875 0.01875 0.0265625
4 0.7859375 0.63203125 0.015625 0.0125
4 0.7578125 0.60703125 0.01875 0.021875
4 0.596875 0.590625 0.021875 0.01875
4 0.60703125 0.659375 0.0125 0.0140625
4 0.59609375 0.6234375 0.0203125 0.015625
4 0.56796875 0.728125 0.0125 0.0125
4 0.7640625 0.56875 0.0140625 0.0125
4 0.740625 0.58046875 0.01875 0.015625