4 0.83125 0.45625 0.075 0.0796875
4 0.5 0.36875 0.0359375 0.0359375
4 0.671875 0.375 0.025 0.025
4 0.8328125 0.321875 0.0390625 0.0390625
4 0.7015625 0.6109375 0.05 0.046875
4 0.5609375 0.53515625 0.040625 0.0390625
4 0.56796875 0.48984375 0.040625 0.0359375
4 0.6296875 0.478125 0.0546875 0.0578125
4 0.40078125 0.5140625 0.03125 0.0375
4 0.41015625 0.4640625 0.04375 0.0421875
4 0.5703125 0.6953125 0.040625 0.0515625
4 0.89375 0.2921875 0.05 0.0453125
4 0.865625 0.3703125 0.053125 0.0453125
4 0.94453125 0.51640625 0.0328125 0.0359375
4 0.42578125 0.64140625 0.046875 0.0359375