4 0.3578125 0.80625 0.03125 0.0578125
4 0.353125 0.74765625 0.03125 0.025
4 0.384375 0.75859375 0.0203125 0.025
4 0.4203125 0.71015625 0.028125 0.028125
4 0.30859375 0.72109375 0.0171875 0.015625
4 0.446875 0.5296875 0.028125 0.0375
4 0.33203125 0.659375 0.03125 0.040625
4 0.3859375 0.6453125 0.0390625 0.059375
4 0.32421875 0.98125 0.03125 0.028125
4 0.16640625 0.61796875 0.025 0.0296875
4 0.08125 0.1921875 0.021875 0.028125
4 0.08125 0.228125 0.025 0.021875
4 0.1015625 0.1703125 0.03125 0.021875
4 0.12109375 0.09765625 0.021875 0.03125
4 0.1578125 0.10859375 0.0234375 0.01875
4 0.19453125 0.11796875 0.03125 0.021875
4 0.259375 0.13828125 0.0375 0.025
4 0.2859375 0.1109375 0.03125 0.01875
4 0.31953125 0.134375 0.028125 0.01875
4 0.30234375 0.175 0.0234375 0.025
4 0.10703125 0.0546875 0.053125 0.028125
4 0.1609375 0.0640625 0.0359375 0.0375
4 0.01875 0.10703125 0.021875 0.025