4 0.5484375 0.278125 0.025 0.0296875
4 0.55390625 0.2453125 0.0171875 0.0125
4 0.51953125 0.34453125 0.0140625 0.009375
4 0.4875 0.28203125 0.015625 0.0203125
4 0.5453125 0.2015625 0.0125 0.0109375
4 0.546875 0.30078125 0.0125 0.0140625
4 0.53125 0.29453125 0.0125 0.0125
4 0.48984375 0.21796875 0.015625 0.015625
4 0.50703125 0.2296875 0.015625 0.0125
4 0.58359375 0.34453125 0.015625 0.0140625
4 0.56796875 0.59140625 0.025 0.015625
4 0.42734375 0.6546875 0.0234375 0.01875
4 0.4375 0.63828125 0.025 0.01875
4 0.48671875 0.62421875 0.0125 0.015625
4 0.54140625 0.63203125 0.015625 0.0109375
4 0.50625 0.67265625 0.01875 0.01875
4 0.503125 0.65859375 0.0125 0.0125
4 0.50546875 0.63125 0.0125 0.0125
4 0.54296875 0.66484375 0.0125 0.0109375
4 0.4546875 0.65 0.0171875 0.0125
4 0.265625 0.4703125 0.0109375 0.009375
4 0.88359375 0.48671875 0.0234375 0.025
4 0.8296875 0.5328125 0.0171875 0.015625
4 0.91640625 0.48828125 0.0140625 0.015625
4 0.8984375 0.509375 0.0125 0.0109375
4 0.915625 0.42265625 0.0140625 0.0140625
4 0.84296875 0.4328125 0.0140625 0.0125
4 0.91796875 0.40625 0.0171875 0.015625
4 0.73359375 0.475 0.01875 0.015625
4 0.77578125 0.48125 0.0171875 0.015625