4 0.26640625 0.190625 0.01875 0.0171875
4 0.30546875 0.2265625 0.028125 0.01875
4 0.42109375 0.3421875 0.01875 0.021875
4 0.31875 0.3671875 0.028125 0.0265625
4 0.23984375 0.278125 0.03125 0.034375
4 0.13671875 0.23359375 0.015625 0.01875
4 0.13203125 0.39453125 0.0203125 0.0203125
4 0.21953125 0.34296875 0.015625 0.01875
4 0.36875 0.2921875 0.021875 0.021875
4 0.5171875 0.39375 0.021875 0.01875
4 0.4546875 0.43515625 0.0296875 0.028125
4 0.2125 0.50390625 0.025 0.0234375
4 0.521875 0.93515625 0.021875 0.028125
4 0.43828125 0.884375 0.0265625 0.0390625