4 0.56015625 0.61171875 0.0234375 0.021875
4 0.29453125 0.83359375 0.0203125 0.028125
4 0.25234375 0.8140625 0.0375 0.034375
4 0.28984375 0.7609375 0.01875 0.0171875
4 0.25703125 0.7859375 0.0140625 0.015625
4 0.275 0.7359375 0.021875 0.021875
4 0.39296875 0.81796875 0.025 0.021875
4 0.2703125 0.88125 0.015625 0.015625
4 0.24765625 0.88046875 0.025 0.0203125
4 0.1984375 0.85078125 0.021875 0.028125
4 0.2109375 0.80859375 0.015625 0.0171875
4 0.321875 0.85703125 0.01875 0.021875
4 0.31484375 0.8921875 0.015625 0.015625
4 0.678125 0.98359375 0.028125 0.0328125
4 0.79453125 0.8 0.0359375 0.0328125
4 0.73125 0.87734375 0.01875 0.015625
4 0.73984375 0.90859375 0.0171875 0.025
4 0.79609375 0.91796875 0.015625 0.0203125
4 0.82890625 0.928125 0.021875 0.0265625
4 0.81484375 0.978125 0.01875 0.015625
4 0.74765625 0.9625 0.01875 0.01875
4 0.78984375 0.878125 0.01875 0.028125
4 0.765625 0.865625 0.015625 0.0203125
4 0.75390625 0.8046875 0.025 0.0234375
4 0.753125 0.77890625 0.0171875 0.015625
4 0.78828125 0.83828125 0.015625 0.0203125