4 0.40625 0.5546875 0.040625 0.05625
4 0.5875 0.38359375 0.046875 0.0375
4 0.5453125 0.3890625 0.015625 0.021875
4 0.5546875 0.35703125 0.025 0.0296875
4 0.5046875 0.3140625 0.025 0.0390625
4 0.50390625 0.18828125 0.0328125 0.04375
4 0.57578125 0.275 0.046875 0.0375
4 0.56640625 0.22734375 0.0296875 0.03125
4 0.54296875 0.14296875 0.028125 0.025
4 0.64140625 0.296875 0.0234375 0.021875
4 0.63828125 0.2609375 0.028125 0.034375
4 0.46875 0.40390625 0.028125 0.0359375
4 0.3359375 0.2859375 0.040625 0.0265625
4 0.2796875 0.94453125 0.0265625 0.028125