4 0.62421875 0.4828125 0.01875 0.015625
4 0.30703125 0.10390625 0.0203125 0.0171875
4 0.29453125 0.15703125 0.0203125 0.021875
4 0.32734375 0.2046875 0.021875 0.015625
4 0.38984375 0.121875 0.015625 0.0140625
4 0.45703125 0.090625 0.01875 0.028125
4 0.41796875 0.215625 0.01875 0.015625
4 0.40390625 0.18046875 0.0140625 0.0171875
4 0.346875 0.2921875 0.0234375 0.0234375
4 0.38984375 0.29375 0.0390625 0.0296875
4 0.3421875 0.17734375 0.021875 0.0265625
4 0.396875 0.3203125 0.0140625 0.015625
4 0.37578125 0.22890625 0.0171875 0.021875
4 0.3484375 0.21484375 0.0140625 0.01875
4 0.39921875 0.15 0.0109375 0.015625
4 0.29375 0.221875 0.0171875 0.0140625