4 0.51953125 0.72109375 0.0171875 0.015625
4 0.4953125 0.66328125 0.0109375 0.015625
4 0.5109375 0.6265625 0.0140625 0.0125
4 0.4703125 0.60078125 0.0140625 0.0234375
4 0.56015625 0.64375 0.0125 0.015625
4 0.56171875 0.61171875 0.0125 0.0140625
4 0.4828125 0.678125 0.0125 0.0125
4 0.4765625 0.69765625 0.0125 0.015625
4 0.4921875 0.72265625 0.0109375 0.0125
4 0.44765625 0.63359375 0.0140625 0.0234375
4 0.4640625 0.5921875 0.01875 0.0234375
4 0.50234375 0.64296875 0.0125 0.0109375
4 0.3109375 0.8359375 0.015625 0.015625
4 0.21015625 0.68828125 0.0203125 0.021875
4 0.4078125 0.28828125 0.028125 0.0296875
4 0.446875 0.3375 0.0171875 0.0171875
4 0.403125 0.23046875 0.0203125 0.0203125
4 0.44296875 0.259375 0.015625 0.0171875
4 0.31953125 0.27890625 0.0125 0.0125
4 0.44140625 0.20390625 0.0203125 0.0203125
4 0.265625 0.28515625 0.0234375 0.01875
4 0.340625 0.33828125 0.0203125 0.0171875