4 0.81953125 0.68046875 0.0375 0.025
4 0.86875 0.6296875 0.034375 0.025
4 0.678125 0.62734375 0.0203125 0.021875
4 0.821875 0.55703125 0.04375 0.04375
4 0.90625 0.45625 0.025 0.040625
4 0.96875 0.49140625 0.0515625 0.04375
4 0.69609375 0.39375 0.0375 0.0375
4 0.421875 0.34609375 0.0328125 0.034375
4 0.565625 0.30390625 0.040625 0.034375
4 0.44375 0.51796875 0.021875 0.0234375
4 0.775 0.68515625 0.0359375 0.034375
4 0.7890625 0.82734375 0.025 0.028125
4 0.44375 0.6828125 0.0234375 0.01875
4 0.50859375 0.671875 0.025 0.0171875
4 0.39453125 0.55 0.034375 0.025
4 0.61328125 0.5296875 0.034375 0.0296875
4 0.971875 0.61484375 0.025 0.0390625
4 0.4453125 0.55078125 0.034375 0.04375
4 0.09765625 0.16015625 0.034375 0.040625
4 0.78671875 0.2703125 0.046875 0.0421875
4 0.75 0.1734375 0.015625 0.021875
4 0.7546875 0.12578125 0.015625 0.021875
4 0.7796875 0.0796875 0.0203125 0.025
4 0.67421875 0.13046875 0.025 0.0265625