4 0.66875 0.74453125 0.0390625 0.028125
4 0.63203125 0.69609375 0.028125 0.0203125
4 0.6921875 0.53125 0.021875 0.021875
4 0.69453125 0.465625 0.0265625 0.028125
4 0.78046875 0.44765625 0.01875 0.01875
4 0.8390625 0.33125 0.028125 0.028125
4 0.25 0.10703125 0.0296875 0.0203125
4 0.278125 0.2390625 0.01875 0.01875
4 0.209375 0.30703125 0.028125 0.0375
4 0.23984375 0.28046875 0.021875 0.0203125
4 0.26796875 0.34375 0.021875 0.0140625
4 0.20234375 0.440625 0.0171875 0.01875
4 0.2109375 0.45078125 0.025 0.01875
4 0.11328125 0.371875 0.0359375 0.028125
4 0.1625 0.37890625 0.025 0.0234375
4 0.08203125 0.4203125 0.025 0.028125
4 0.0640625 0.4453125 0.040625 0.04375
4 0.1265625 0.440625 0.040625 0.028125
4 0.1296875 0.34609375 0.028125 0.03125
4 0.17265625 0.26015625 0.0171875 0.0125
4 0.2171875 0.2125 0.046875 0.0171875
4 0.121875 0.1921875 0.025 0.0203125
4 0.1046875 0.1578125 0.01875 0.01875
4 0.103125 0.1234375 0.0171875 0.0171875
4 0.05234375 0.16015625 0.025 0.025
4 0.06640625 0.2375 0.015625 0.015625
4 0.015625 0.2234375 0.021875 0.0125
4 0.0171875 0.33125 0.034375 0.0359375
4 0.009375 0.38984375 0.01875 0.053125
4 0.109375 0.415625 0.025 0.01875
4 0.175 0.346875 0.034375 0.0234375
4 0.2046875 0.125 0.0203125 0.015625
4 0.1296875 0.28046875 0.0203125 0.021875
4 0.21328125 0.496875 0.0390625 0.021875