4 0.7265625 0.796875 0.0296875 0.0234375
4 0.70078125 0.88515625 0.0203125 0.01875
4 0.6640625 0.86640625 0.015625 0.015625
4 0.653125 0.88359375 0.025 0.0234375
4 0.54140625 0.853125 0.0140625 0.015625
4 0.43984375 0.88984375 0.0125 0.0171875
4 0.46875 0.890625 0.015625 0.015625
4 0.39453125 0.90625 0.01875 0.0203125
4 0.40625 0.846875 0.015625 0.028125
4 0.38359375 0.73203125 0.01875 0.03125
4 0.3296875 0.76640625 0.0109375 0.0125
4 0.31328125 0.73515625 0.0125 0.0140625
4 0.35546875 0.75859375 0.01875 0.015625
4 0.33828125 0.84296875 0.0125 0.025
4 0.57734375 0.7875 0.0125 0.0140625
4 0.58828125 0.79765625 0.028125 0.0265625
4 0.52421875 0.6921875 0.03125 0.034375
4 0.60859375 0.7 0.01875 0.025
4 0.61875 0.73828125 0.040625 0.03125
4 0.44609375 0.80234375 0.03125 0.04375
4 0.3515625 0.7984375 0.021875 0.025
4 0.61328125 0.63359375 0.021875 0.021875
4 0.49140625 0.5421875 0.0109375 0.0109375
4 0.4859375 0.5109375 0.01875 0.0125
4 0.46875 0.48046875 0.0125 0.0171875
4 0.7046875 0.1734375 0.015625 0.0171875
4 0.76328125 0.2125 0.034375 0.021875
4 0.73125 0.21640625 0.015625 0.0203125
4 0.73984375 0.1953125 0.0140625 0.015625
4 0.88125 0.2375 0.01875 0.015625
4 0.7125 0.253125 0.01875 0.021875
4 0.58984375 0.15625 0.025 0.0171875
4 0.4015625 0.390625 0.009375 0.0125
4 0.38125 0.38359375 0.0140625 0.0203125
4 0.3671875 0.378125 0.025 0.03125
4 0.3234375 0.425 0.0203125 0.01875
4 0.3234375 0.3609375 0.0125 0.0140625
4 0.32734375 0.3359375 0.0125 0.0171875
4 0.33203125 0.31171875 0.015625 0.015625
4 0.32734375 0.25703125 0.021875 0.025
4 0.34453125 0.27890625 0.01875 0.015625
4 0.34140625 0.2375 0.015625 0.0203125
4 0.29375 0.3765625 0.01875 0.01875
4 0.3015625 0.33828125 0.015625 0.021875
4 0.30703125 0.3078125 0.015625 0.0265625