4 0.3015625 0.06796875 0.0203125 0.0203125
4 0.415625 0.24375 0.0359375 0.0375
4 0.4421875 0.16953125 0.0234375 0.021875
4 0.384375 0.1546875 0.0265625 0.028125
4 0.49765625 0.271875 0.028125 0.025
4 0.53984375 0.27734375 0.0265625 0.028125
4 0.3734375 0.37421875 0.03125 0.0296875
4 0.58125 0.47265625 0.01875 0.0265625
4 0.278125 0.24296875 0.025 0.0234375
4 0.10234375 0.3046875 0.0203125 0.025
4 0.5078125 0.0171875 0.0171875 0.0171875
4 0.54296875 0.46328125 0.0234375 0.0234375
4 0.42109375 0.6921875 0.021875 0.01875
4 0.39921875 0.70234375 0.021875 0.0375
4 0.97109375 0.44375 0.021875 0.0171875
4 0.94765625 0.42109375 0.0125 0.0140625
4 0.88828125 0.50234375 0.0171875 0.0171875
4 0.88828125 0.52734375 0.015625 0.01875
4 0.8921875 0.5546875 0.01875 0.0234375
4 0.88828125 0.58125 0.015625 0.015625
4 0.9078125 0.58046875 0.0140625 0.0125
4 0.94765625 0.509375 0.01875 0.021875
4 0.9671875 0.56015625 0.0203125 0.0234375
4 0.81015625 0.503125 0.03125 0.034375
4 0.77578125 0.49765625 0.0125 0.0140625