4 0.3171875 0.04453125 0.021875 0.0234375
4 0.2890625 0.1015625 0.0328125 0.03125
4 0.3140625 0.26875 0.03125 0.028125
4 0.3640625 0.28828125 0.021875 0.0171875
4 0.403125 0.22109375 0.0265625 0.03125
4 0.42734375 0.2109375 0.0265625 0.028125
4 0.34296875 0.1359375 0.028125 0.0328125
4 0.32890625 0.17265625 0.0234375 0.0203125
4 0.41953125 0.16640625 0.025 0.0234375
4 0.4140625 0.09296875 0.01875 0.0234375
4 0.49375 0.0734375 0.0265625 0.03125
4 0.54921875 0.06484375 0.01875 0.025
4 0.52265625 0.06484375 0.025 0.0203125
4 0.18671875 0.24140625 0.025 0.021875
4 0.184375 0.19375 0.028125 0.0203125
4 0.15703125 0.06875 0.0203125 0.025
4 0.2375 0.03984375 0.01875 0.0234375
4 0.746875 0.20078125 0.015625 0.01875
4 0.8859375 0.25234375 0.0375 0.025
4 0.8828125 0.27578125 0.0421875 0.0265625
4 0.84140625 0.23671875 0.01875 0.01875
4 0.86640625 0.19296875 0.01875 0.0234375
4 0.9 0.228125 0.0265625 0.0265625
4 0.92109375 0.26171875 0.021875 0.025
4 0.8546875 0.35078125 0.0171875 0.0234375