3 0.15546875 0.56484375 0.025 0.0234375
3 0.1421875 0.540625 0.025 0.021875
3 0.0734375 0.53515625 0.01875 0.0203125
3 0.08828125 0.46796875 0.01875 0.01875
3 0.2265625 0.36875 0.021875 0.0203125
3 0.221875 0.61796875 0.025 0.0234375
3 0.6515625 0.7421875 0.0171875 0.015625
3 0.58046875 0.7765625 0.025 0.01875
3 0.578125 0.74375 0.015625 0.015625
3 0.615625 0.234375 0.03125 0.03125
3 0.6859375 0.27578125 0.025 0.021875
3 0.65546875 0.2453125 0.0265625 0.0234375
3 0.75546875 0.29296875 0.01875 0.01875
3 0.65078125 0.19453125 0.021875 0.0203125