4 0.6765625 0.6171875 0.0265625 0.03125
4 0.7078125 0.69453125 0.015625 0.01875
4 0.61171875 0.66796875 0.025 0.021875
4 0.53203125 0.66484375 0.01875 0.021875
4 0.57578125 0.6171875 0.0203125 0.0203125
4 0.51640625 0.5515625 0.01875 0.021875
4 0.51640625 0.53046875 0.015625 0.01875
4 0.44921875 0.59453125 0.025 0.021875
4 0.44921875 0.68515625 0.01875 0.0171875
4 0.5015625 0.68359375 0.025 0.01875
4 0.61015625 0.715625 0.025 0.021875
4 0.3734375 0.71171875 0.0203125 0.01875
4 0.4125 0.7203125 0.0140625 0.0171875
4 0.4625 0.73125 0.0328125 0.021875
4 0.35703125 0.415625 0.0296875 0.021875
4 0.684375 0.540625 0.025 0.0296875
4 0.703125 0.578125 0.01875 0.021875