3 0.62265625 0.03046875 0.028125 0.0328125
3 0.578125 0.071875 0.0234375 0.0203125
3 0.5046875 0.16328125 0.021875 0.021875
3 0.55390625 0.09140625 0.025 0.021875
3 0.64375 0.26875 0.0234375 0.025
3 0.34296875 0.584375 0.0265625 0.0265625
3 0.36015625 0.565625 0.0203125 0.0203125
3 0.328125 0.6703125 0.015625 0.0203125
3 0.40625 0.63828125 0.01875 0.0171875
3 0.8734375 0.63984375 0.0203125 0.03125
3 0.90625 0.5734375 0.0296875 0.028125
3 0.89921875 0.609375 0.0171875 0.021875
3 0.7140625 0.95390625 0.0171875 0.021875