4 0.421875 0.3046875 0.0203125 0.021875
4 0.11640625 0.409375 0.0203125 0.0265625
4 0.2578125 0.46328125 0.0546875 0.0375
4 0.33671875 0.52734375 0.021875 0.04375
4 0.16875 0.4921875 0.0171875 0.0203125
4 0.15625 0.5015625 0.015625 0.021875
4 0.30703125 0.46484375 0.021875 0.025
4 0.29765625 0.4859375 0.015625 0.021875
4 0.49375 0.56484375 0.0390625 0.0359375
4 0.378125 0.4515625 0.021875 0.021875
4 0.82734375 0.29453125 0.028125 0.04375
4 0.80390625 0.28125 0.0234375 0.0265625
4 0.884375 0.31875 0.0171875 0.0203125
4 0.66484375 0.0921875 0.015625 0.025