4 0.83359375 0.35 0.0171875 0.021875
4 0.75390625 0.40625 0.0140625 0.015625
4 0.8109375 0.303125 0.0125 0.015625
4 0.84453125 0.2765625 0.009375 0.0125
4 0.85859375 0.4421875 0.0125 0.01875
4 0.86953125 0.278125 0.0125 0.0125
4 0.78203125 0.38984375 0.0140625 0.0125
4 0.40625 0.775 0.021875 0.0203125
4 0.43125 0.71640625 0.0203125 0.01875
4 0.42265625 0.7359375 0.0125 0.009375
4 0.39765625 0.68046875 0.0203125 0.0125
4 0.41875 0.65078125 0.0125 0.0125
4 0.48203125 0.69296875 0.0109375 0.0125
4 0.53515625 0.67421875 0.0171875 0.021875
4 0.5546875 0.66171875 0.0109375 0.0109375
4 0.4390625 0.790625 0.0109375 0.009375
4 0.3234375 0.69140625 0.009375 0.009375
4 0.325 0.7140625 0.015625 0.0125
4 0.45234375 0.7546875 0.009375 0.009375
4 0.4671875 0.76484375 0.0109375 0.009375
4 0.48203125 0.75703125 0.0109375 0.0109375
4 0.4796875 0.734375 0.009375 0.009375
4 0.409375 0.72265625 0.009375 0.0109375