4 0.80390625 0.6390625 0.021875 0.0421875
4 0.778125 0.62109375 0.0140625 0.0203125
4 0.83671875 0.74140625 0.0234375 0.0203125
4 0.865625 0.6828125 0.025 0.0265625
4 0.85234375 0.71328125 0.01875 0.025
4 0.82109375 0.7734375 0.0203125 0.01875
4 0.8796875 0.84609375 0.0234375 0.028125
4 0.95546875 0.7140625 0.021875 0.028125
4 0.95078125 0.66015625 0.01875 0.0203125
4 0.8375 0.84765625 0.025 0.03125
4 0.89375 0.74765625 0.0171875 0.015625
4 0.3234375 0.64765625 0.0265625 0.0390625
4 0.34765625 0.6671875 0.0203125 0.0390625
4 0.75859375 0.69453125 0.015625 0.0203125
4 0.690625 0.1 0.0390625 0.040625
4 0.58203125 0.19453125 0.028125 0.0328125
4 0.49609375 0.08203125 0.021875 0.028125
4 0.54296875 0.09453125 0.0328125 0.0265625
4 0.75390625 0.19140625 0.028125 0.0265625
4 0.7484375 0.059375 0.0234375 0.0265625
4 0.8734375 0.20546875 0.0234375 0.0265625
4 0.9140625 0.2390625 0.028125 0.0296875
4 0.96484375 0.25703125 0.025 0.0234375
4 0.95859375 0.13203125 0.0203125 0.021875