4 0.596875 0.41484375 0.015625 0.01875
4 0.47734375 0.6125 0.0203125 0.0234375
4 0.53203125 0.55078125 0.0140625 0.01875
4 0.45078125 0.56640625 0.0140625 0.0171875
4 0.4296875 0.6515625 0.0203125 0.0203125
4 0.4453125 0.6828125 0.0171875 0.0171875
4 0.47578125 0.75859375 0.028125 0.028125
4 0.54375 0.71484375 0.0125 0.0171875
4 0.58046875 0.66953125 0.0109375 0.0125
4 0.60703125 0.68125 0.015625 0.015625
4 0.6125 0.7171875 0.0140625 0.01875
4 0.6375 0.675 0.009375 0.015625
4 0.6046875 0.64375 0.0125 0.0125
4 0.59453125 0.62890625 0.0078125 0.0125
4 0.5734375 0.5703125 0.015625 0.015625
4 0.55625 0.59296875 0.015625 0.0171875
4 0.55859375 0.6109375 0.0125 0.0125
4 0.6421875 0.55625 0.0203125 0.0203125
4 0.6046875 0.58203125 0.0171875 0.01875
4 0.62734375 0.59140625 0.021875 0.0234375
4 0.5015625 0.5875 0.015625 0.015625
4 0.50390625 0.67265625 0.009375 0.015625
4 0.52109375 0.6375 0.0140625 0.015625
4 0.45859375 0.67109375 0.01875 0.0140625
4 0.44765625 0.66015625 0.0109375 0.0140625
4 0.453125 0.64375 0.025 0.03125
4 0.38671875 0.6125 0.0203125 0.015625
4 0.35 0.59453125 0.01875 0.034375
4 0.415625 0.57578125 0.0171875 0.0328125
4 0.39296875 0.678125 0.021875 0.01875
4 0.415625 0.7109375 0.0203125 0.021875
4 0.3921875 0.715625 0.028125 0.0234375
4 0.44140625 0.7734375 0.0109375 0.0140625
4 0.4328125 0.05234375 0.021875 0.0296875
4 0.34140625 0.03125 0.0203125 0.0203125
4 0.3328125 0.2015625 0.0140625 0.0171875
4 0.34296875 0.12109375 0.0125 0.0140625
4 0.32890625 0.11484375 0.0125 0.015625
4 0.32421875 0.096875 0.015625 0.0125
4 0.1359375 0.20859375 0.0203125 0.025
4 0.14609375 0.14921875 0.0140625 0.0140625
4 0.16875 0.2515625 0.015625 0.021875
4 0.240625 0.48515625 0.0234375 0.0234375