4 0.20625 0.796875 0.03125 0.0390625
4 0.51875 0.7453125 0.025 0.021875
4 0.36796875 0.87578125 0.0171875 0.025
4 0.3625 0.82890625 0.0140625 0.025
4 0.32890625 0.79140625 0.021875 0.0296875
4 0.15078125 0.6984375 0.028125 0.028125
4 0.21796875 0.871875 0.0109375 0.0125
4 0.2328125 0.88515625 0.025 0.025
4 0.19609375 0.86640625 0.01875 0.025
4 0.66953125 0.55859375 0.01875 0.01875
4 0.43984375 0.16875 0.040625 0.0375
4 0.4484375 0.140625 0.034375 0.021875
4 0.39921875 0.16875 0.021875 0.0234375
4 0.41171875 0.14453125 0.0171875 0.0203125
4 0.5875 0.18125 0.028125 0.028125
4 0.55859375 0.08671875 0.0171875 0.01875
4 0.4546875 0.03828125 0.0296875 0.03125
4 0.43203125 0.06328125 0.0265625 0.021875
4 0.66484375 0.1515625 0.03125 0.021875
4 0.6734375 0.21328125 0.0125 0.0125
4 0.528125 0.109375 0.028125 0.021875
4 0.56953125 0.01484375 0.015625 0.015625
4 0.103125 0.12734375 0.021875 0.0203125
4 0.08828125 0.17421875 0.0171875 0.021875
4 0.1015625 0.0625 0.025 0.025