4 0.16875 0.45625 0.075 0.0796875
4 0.5 0.36875 0.034375 0.0359375
4 0.328125 0.375 0.025 0.025
4 0.1671875 0.321875 0.0375 0.040625
4 0.2984375 0.6109375 0.05 0.046875
4 0.4390625 0.53515625 0.040625 0.0375
4 0.43203125 0.48984375 0.040625 0.034375
4 0.3703125 0.478125 0.0546875 0.0578125
4 0.59921875 0.5140625 0.03125 0.0375
4 0.58984375 0.4640625 0.04375 0.0421875
4 0.4296875 0.6953125 0.040625 0.0515625
4 0.10625 0.2921875 0.05 0.04375
4 0.134375 0.3703125 0.053125 0.0453125
4 0.05546875 0.51640625 0.0328125 0.0359375
4 0.57421875 0.64140625 0.046875 0.0375