4 0.60078125 0.07578125 0.015625 0.0140625
4 0.6203125 0.21328125 0.0421875 0.046875
4 0.61328125 0.13203125 0.0171875 0.015625
4 0.54921875 0.25546875 0.025 0.028125
4 0.50234375 0.1859375 0.0125 0.0171875
4 0.5359375 0.15390625 0.0125 0.0140625
4 0.50703125 0.084375 0.01875 0.0203125
4 0.39921875 0.23671875 0.0203125 0.025
4 0.5265625 0.50625 0.0125 0.0171875
4 0.2390625 0.58828125 0.0140625 0.01875
4 0.21875 0.63125 0.021875 0.025
4 0.2921875 0.7171875 0.0125 0.0125
4 0.3203125 0.69140625 0.015625 0.0171875
4 0.31640625 0.63359375 0.0140625 0.0203125
4 0.3765625 0.60703125 0.0140625 0.015625
4 0.38828125 0.66953125 0.0125 0.0203125
4 0.31171875 0.728125 0.0140625 0.0171875
4 0.3265625 0.7203125 0.0109375 0.015625
4 0.26328125 0.70078125 0.0234375 0.0234375
4 0.24453125 0.68984375 0.01875 0.0203125
4 0.2625 0.6671875 0.015625 0.01875
4 0.13984375 0.69609375 0.0125 0.015625
4 0.14375 0.7265625 0.0140625 0.0140625
4 0.2828125 0.77734375 0.0140625 0.01875
4 0.246875 0.76171875 0.0234375 0.0234375
4 0.2046875 0.603125 0.0203125 0.028125
4 0.19453125 0.5859375 0.0171875 0.0171875
4 0.175 0.57890625 0.009375 0.0109375
4 0.20234375 0.6859375 0.0109375 0.0125