4 0.65703125 0.52578125 0.0171875 0.01875
4 0.459375 0.47109375 0.03125 0.034375
4 0.453125 0.44140625 0.0203125 0.015625
4 0.5046875 0.365625 0.03125 0.0296875
4 0.559375 0.4 0.021875 0.025
4 0.5703125 0.41640625 0.021875 0.0140625
4 0.553125 0.4171875 0.0109375 0.0140625
4 0.5515625 0.43359375 0.025 0.021875
4 0.50546875 0.434375 0.0234375 0.028125
4 0.49921875 0.40546875 0.0171875 0.0234375
4 0.58125 0.32734375 0.025 0.028125
4 0.54453125 0.31015625 0.0140625 0.0203125
4 0.55 0.2890625 0.0171875 0.015625
4 0.53359375 0.37734375 0.021875 0.0203125
4 0.65234375 0.36640625 0.0140625 0.015625
4 0.68984375 0.41015625 0.0125 0.015625
4 0.71796875 0.3921875 0.01875 0.01875
4 0.74296875 0.39375 0.0140625 0.0109375
4 0.71640625 0.35546875 0.0125 0.015625
4 0.66953125 0.328125 0.0234375 0.015625
4 0.665625 0.371875 0.015625 0.0203125
4 0.63828125 0.4421875 0.0125 0.015625
4 0.6265625 0.41171875 0.0203125 0.015625
4 0.59921875 0.4453125 0.0125 0.0140625
4 0.59765625 0.4734375 0.0296875 0.021875
4 0.5796875 0.51640625 0.01875 0.015625
4 0.62421875 0.49296875 0.009375 0.0109375
4 0.67421875 0.4796875 0.01875 0.034375
4 0.75703125 0.5 0.015625 0.021875
4 0.65078125 0.42109375 0.0234375 0.0203125
4 0.50625 0.4671875 0.015625 0.0140625
4 0.4875 0.83359375 0.01875 0.015625
4 0.59375 0.9375 0.028125 0.028125
4 0.2765625 0.81484375 0.021875 0.0234375
4 0.3140625 0.7859375 0.01875 0.021875