4 0.3625 0.29765625 0.01875 0.0234375
4 0.71953125 0.259375 0.021875 0.021875
4 0.77890625 0.2359375 0.0234375 0.021875
4 0.35 0.2171875 0.01875 0.021875
4 0.33671875 0.23203125 0.015625 0.021875
4 0.4890625 0.26953125 0.025 0.028125
4 0.52265625 0.2203125 0.021875 0.028125
4 0.91484375 0.425 0.0359375 0.0390625
4 0.3375 0.41796875 0.03125 0.025
4 0.9421875 0.8359375 0.021875 0.0265625
4 0.92890625 0.95703125 0.021875 0.028125
4 0.7796875 0.90390625 0.0515625 0.05
4 0.89140625 0.9328125 0.0375 0.0375