4 0.16875 0.54375 0.075 0.0796875
4 0.5 0.63125 0.034375 0.0359375
4 0.328125 0.625 0.025 0.025
4 0.1671875 0.678125 0.0375 0.040625
4 0.2984375 0.3890625 0.05 0.046875
4 0.4390625 0.46484375 0.040625 0.0375
4 0.43203125 0.51015625 0.040625 0.034375
4 0.3703125 0.521875 0.0546875 0.0578125
4 0.59921875 0.4859375 0.03125 0.0375
4 0.58984375 0.5359375 0.04375 0.0421875
4 0.4296875 0.3046875 0.040625 0.0515625
4 0.10625 0.7078125 0.05 0.04375
4 0.134375 0.6296875 0.053125 0.0453125
4 0.05546875 0.48359375 0.0328125 0.0359375
4 0.57421875 0.35859375 0.046875 0.0375