4 0.45546875 0.52109375 0.05 0.028125
4 0.4046875 0.45234375 0.025 0.0171875
4 0.31328125 0.45 0.021875 0.01875
4 0.2921875 0.340625 0.021875 0.025
4 0.33984375 0.54375 0.025 0.025
4 0.38125 0.6796875 0.0390625 0.03125
4 0.46328125 0.68828125 0.021875 0.021875
4 0.30625 0.70859375 0.021875 0.015625
4 0.37265625 0.7203125 0.025 0.025
4 0.325 0.6125 0.0265625 0.01875
4 0.28203125 0.61015625 0.025 0.01875
4 0.265625 0.4609375 0.028125 0.021875
4 0.3140625 0.50390625 0.01875 0.021875
4 0.425 0.703125 0.025 0.01875
4 0.47578125 0.71640625 0.0234375 0.0203125