4 0.27890625 0.51953125 0.015625 0.015625
4 0.33671875 0.4953125 0.015625 0.009375
4 0.3734375 0.5109375 0.0125 0.0140625
4 0.39921875 0.4703125 0.025 0.0125
4 0.35625 0.56015625 0.015625 0.0125
4 0.38828125 0.56171875 0.0140625 0.0125
4 0.321875 0.4828125 0.0125 0.0125
4 0.30234375 0.4765625 0.015625 0.0125
4 0.27734375 0.4921875 0.0125 0.009375
4 0.36640625 0.44765625 0.021875 0.0140625
4 0.4078125 0.4640625 0.021875 0.01875
4 0.35703125 0.50234375 0.009375 0.0125
4 0.1640625 0.3109375 0.015625 0.015625
4 0.31171875 0.21015625 0.021875 0.01875
4 0.71171875 0.4078125 0.028125 0.028125
4 0.6625 0.446875 0.0171875 0.015625
4 0.76953125 0.403125 0.01875 0.0203125
4 0.740625 0.44296875 0.0171875 0.015625
4 0.72109375 0.31953125 0.0125 0.0125
4 0.79609375 0.44140625 0.01875 0.0203125
4 0.71484375 0.265625 0.01875 0.021875
4 0.66171875 0.340625 0.01875 0.0203125