4 0.35859375 0.46015625 0.03125 0.025
4 0.453125 0.16640625 0.015625 0.0140625
4 0.53828125 0.15625 0.025 0.0265625
4 0.60625 0.13125 0.0265625 0.025
4 0.61796875 0.8125 0.03125 0.0359375
4 0.54453125 0.884375 0.0265625 0.0234375
4 0.67578125 0.8984375 0.0296875 0.028125
4 0.69453125 0.86171875 0.0265625 0.025
4 0.75859375 0.7453125 0.0453125 0.0359375
4 0.77109375 0.85078125 0.03125 0.0265625
4 0.86875 0.76953125 0.0390625 0.025
4 0.771875 0.89296875 0.03125 0.028125
4 0.76015625 0.98515625 0.028125 0.0296875
4 0.69375 0.97890625 0.059375 0.034375
4 0.68828125 0.9328125 0.0203125 0.0234375
4 0.7234375 0.784375 0.0234375 0.025
4 0.59765625 0.96015625 0.0296875 0.0328125
4 0.6765625 0.36015625 0.0171875 0.025