3 0.36875 0.77109375 0.0328125 0.0265625
3 0.33515625 0.74921875 0.025 0.034375
3 0.328125 0.71875 0.025 0.0328125
3 0.72109375 0.6875 0.015625 0.01875
3 0.51796875 0.2234375 0.01875 0.0203125
3 0.46640625 0.16328125 0.0203125 0.0203125
3 0.5 0.19375 0.015625 0.0125
3 0.51640625 0.3265625 0.0171875 0.025
3 0.4265625 0.33515625 0.0140625 0.01875
3 0.4859375 0.2890625 0.021875 0.0234375
3 0.44296875 0.10625 0.028125 0.025
3 0.4828125 0.078125 0.0140625 0.0171875
3 0.45234375 0.14140625 0.015625 0.0171875