4 0.31015625 0.66796875 0.01875 0.0234375
4 0.35703125 0.5328125 0.021875 0.025
4 0.4671875 0.62890625 0.01875 0.01875
4 0.58671875 0.6328125 0.015625 0.01875
4 0.5515625 0.7 0.04375 0.04375
4 0.375 0.775 0.0140625 0.01875
4 0.33828125 0.7265625 0.025 0.0375
4 0.315625 0.74140625 0.01875 0.028125
4 0.34140625 0.76015625 0.015625 0.0171875
4 0.41328125 0.8015625 0.015625 0.01875
4 0.33046875 0.828125 0.0171875 0.0125
4 0.375 0.83046875 0.0203125 0.021875
4 0.353125 0.86171875 0.0109375 0.0203125
4 0.4734375 0.86328125 0.0171875 0.021875
4 0.63046875 0.91875 0.0375 0.0375
4 0.57578125 0.90703125 0.0390625 0.0375
4 0.64609375 0.8328125 0.0359375 0.025
4 0.621875 0.80234375 0.0359375 0.0390625
4 0.69609375 0.8296875 0.0171875 0.01875
4 0.69453125 0.7359375 0.015625 0.0203125
4 0.68671875 0.69765625 0.015625 0.0171875
4 0.7296875 0.6796875 0.025 0.034375
4 0.52109375 0.671875 0.0203125 0.021875
4 0.434375 0.76328125 0.015625 0.0203125
4 0.38984375 0.74921875 0.0203125 0.0203125
4 0.43984375 0.71484375 0.021875 0.025
4 0.50234375 0.83359375 0.01875 0.040625
4 0.62109375 0.95625 0.021875 0.0234375
4 0.66875 0.796875 0.0140625 0.0171875
4 0.6875 0.7828125 0.028125 0.025
4 0.64140625 0.7171875 0.0203125 0.0328125
4 0.646875 0.64765625 0.0421875 0.046875
4 0.65859375 0.7 0.0234375 0.0265625
4 0.62578125 0.74453125 0.0265625 0.0296875
4 0.62421875 0.7765625 0.0171875 0.01875
4 0.28125 0.50703125 0.0140625 0.0125