3 0.28359375 0.69765625 0.0125 0.01015625
3 0.27890625 0.7453125 0.0140625 0.0109375
3 0.2078125 0.81640625 0.0078125 0.009375
3 0.2671875 0.89140625 0.01875 0.009375
3 0.53984375 0.66171875 0.01015625 0.00703125
4 0.734375 0.75078125 0.0140625 0.01171875
3 0.8671875 0.78984375 0.0203125 0.025
3 0.134375 0.7796875 0.0078125 0.009375
3 0.23671875 0.87578125 0.00546875 0.0046875
3 0.8328125 0.79765625 0.0078125 0.0046875
3 0.9046875 0.715625 0.0078125 0.00703125
3 0.8984375 0.70859375 0.0078125 0.00703125
3 0.9203125 0.7234375 0.00859375 0.00703125
3 0.91328125 0.753125 0.0078125 0.00546875
3 0.8578125 0.740625 0.01171875 0.0109375
3 0.96640625 0.65859375 0.00546875 0.00859375