3 0.25390625 0.59765625 0.009375 0.0078125
3 0.26171875 0.809375 0.01796875 0.01171875
3 0.79921875 0.578125 0.0203125 0.0125
3 0.771875 0.7984375 0.015625 0.0171875
3 0.6109375 0.1296875 0.009375 0.00625
3 0.33125 0.14375 0.0046875 0.00390625
3 0.253125 0.2109375 0.01328125 0.01015625
3 0.0734375 0.303125 0.01015625 0.01171875
3 0.678125 0.04140625 0.01484375 0.00703125
3 0.75078125 0.7421875 0.01171875 0.0125
3 0.31484375 0.89765625 0.00703125 0.00546875
3 0.0859375 0.59765625 0.0078125 0.0078125
3 0.15078125 0.64453125 0.01484375 0.0125
3 0.15390625 0.65390625 0.0078125 0.00703125
3 0.371875 0.096875 0.01015625 0.01015625
3 0.75859375 0.88125 0.01015625 0.00859375
3 0.121875 0.70546875 0.00625 0.00703125