3 0.57578125 0.16875 0.0109375 0.00859375
3 0.3796875 0.22890625 0.01015625 0.0078125
3 0.53203125 0.16796875 0.0078125 0.0078125
3 0.2015625 0.5859375 0.03046875 0.02578125
3 0.2234375 0.75078125 0.02421875 0.0171875
4 0.20078125 0.77578125 0.01484375 0.01328125
3 0.9046875 0.61875 0.015625 0.01328125
3 0.67890625 0.91484375 0.0125 0.01171875
3 0.6609375 0.9234375 0.015625 0.01328125
4 0.378125 0.8796875 0.01796875 0.0125
3 0.40234375 0.909375 0.0078125 0.00625
3 0.2640625 0.1953125 0.0375 0.025
3 0.809375 0.196875 0.0125 0.0109375
3 0.7375 0.92265625 0.0125 0.01171875
3 0.64765625 0.15 0.01953125 0.0140625
3 0.86953125 0.82734375 0.01640625 0.015625
3 0.253125 0.803125 0.01875 0.0125
3 0.10234375 0.4328125 0.009375 0.009375
3 0.1328125 0.69453125 0.01484375 0.01875
3 0.13125 0.721875 0.0046875 0.0046875
2 0.18203125 0.81484375 0.0203125 0.02734375