4 0.378125 0.8078125 0.040625 0.0375
4 0.409375 0.73046875 0.0296875 0.028125
4 0.52109375 0.7359375 0.028125 0.0296875
4 0.3984375 0.496875 0.0421875 0.05
4 0.4390625 0.41484375 0.0265625 0.025
4 0.1828125 0.29453125 0.025 0.03125
4 0.35390625 0.16328125 0.0328125 0.0625
4 0.37421875 0.328125 0.0296875 0.04375
4 0.5125 0.41640625 0.021875 0.025
4 0.5421875 0.625 0.0203125 0.028125
4 0.3546875 0.7765625 0.021875 0.021875
4 0.41484375 0.646875 0.034375 0.03125
4 0.3953125 0.5890625 0.021875 0.0265625
4 0.25625 0.34453125 0.025 0.028125
4 0.11796875 0.33671875 0.0328125 0.03125
4 0.17109375 0.43046875 0.028125 0.0296875
4 0.3140625 0.51484375 0.021875 0.028125
4 0.178125 0.51875 0.025 0.028125
4 0.4578125 0.3375 0.015625 0.0171875