4 0.621875 0.1921875 0.040625 0.0375
4 0.590625 0.26953125 0.0296875 0.028125
4 0.47890625 0.2640625 0.028125 0.0296875
4 0.6015625 0.503125 0.0421875 0.05
4 0.5609375 0.58515625 0.0265625 0.025
4 0.8171875 0.70546875 0.025 0.03125
4 0.64609375 0.83671875 0.0328125 0.0625
4 0.62578125 0.671875 0.0296875 0.04375
4 0.4875 0.58359375 0.021875 0.025
4 0.4578125 0.375 0.0203125 0.028125
4 0.6453125 0.2234375 0.021875 0.021875
4 0.58515625 0.353125 0.034375 0.03125
4 0.6046875 0.4109375 0.021875 0.0265625
4 0.74375 0.65546875 0.025 0.028125
4 0.88203125 0.66328125 0.0328125 0.03125
4 0.82890625 0.56953125 0.028125 0.0296875
4 0.6859375 0.48515625 0.021875 0.028125
4 0.821875 0.48125 0.025 0.028125
4 0.5421875 0.6625 0.015625 0.0171875