4 0.665625 0.4328125 0.0375 0.04296875
4 0.68515625 0.6234375 0.01875 0.03671875
1 0.703125 0.7421875 0.07109375 0.09765625
3 0.5609375 0.5515625 0.0296875 0.02890625
4 0.45625 0.31640625 0.03359375 0.0359375
3 0.18984375 0.23125 0.08984375 0.0796875
4 0.22578125 0.0671875 0.05625 0.0375
4 0.3359375 0.08671875 0.03359375 0.0203125
4 0.4359375 0.415625 0.03203125 0.03046875
3 0.3703125 0.4375 0.0453125 0.04375
3 0.57109375 0.28125 0.45390625 0.18359375
3 0.73359375 0.128125 0.159375 0.0859375
4 0.7703125 0.51328125 0.034375 0.05078125
4 0.8859375 0.428125 0.06328125 0.05078125
3 0.86484375 0.75 0.05234375 0.0453125
3 0.5296875 0.578125 0.259375 0.13359375
3 0.553125 0.75625 0.1078125 0.1671875
4 0.8515625 0.87890625 0.04375 0.0828125
3 0.7 0.875 0.07734375 0.05078125
3 0.29140625 0.3640625 0.13203125 0.11953125
4 0.546875 0.42734375 0.13046875 0.0984375