3 0.4234375 0.62890625 0.04296875 0.0328125
3 0.58984375 0.6296875 0.02265625 0.01328125
4 0.94140625 0.590625 0.01640625 0.015625
3 0.84453125 0.7015625 0.03515625 0.02734375
3 0.89140625 0.76953125 0.028125 0.025
3 0.91328125 0.475 0.0296875 0.02421875
3 0.0359375 0.4375 0.0265625 0.0328125
4 0.3359375 0.67734375 0.0171875 0.0203125
3 0.35546875 0.68671875 0.0140625 0.01328125
3 0.65625 0.88984375 0.0171875 0.0140625
3 0.3421875 0.9234375 0.02265625 0.015625
2 0.98359375 0.27265625 0.03203125 0.059375
3 0.278125 0.09921875 0.0375 0.025
3 0.2390625 0.06484375 0.03203125 0.02890625
3 0.13984375 0.07734375 0.028125 0.015625
3 0.1625 0.02265625 0.02265625 0.01796875
3 0.1328125 0.14140625 0.00703125 0.00625
3 0.04140625 0.26015625 0.00546875 0.00859375
3 0.946875 0.29453125 0.00859375 0.00703125
3 0.93984375 0.4296875 0.01484375 0.0109375
3 0.88515625 0.71953125 0.01796875 0.0171875
3 0.875 0.73046875 0.0109375 0.009375
2 0.7921875 0.88515625 0.03828125 0.04296875
3 0.14296875 0.83125 0.01953125 0.02421875
2 0.059375 0.68046875 0.03828125 0.06484375
3 0.1171875 0.7765625 0.0125 0.00703125
3 0.22734375 0.128125 0.009375 0.0109375
3 0.7296875 0.07265625 0.00703125 0.00625
3 0.95703125 0.21640625 0.0125 0.01171875
3 0.99453125 0.21015625 0.00859375 0.009375
3 0.22421875 0.89296875 0.01484375 0.01015625
3 0.08203125 0.75078125 0.01328125 0.0171875
3 0.4140625 0.11484375 0.009375 0.00859375
3 0.20390625 0.721875 0.0234375 0.01796875
3 0.32734375 0.75546875 0.00859375 0.00703125
3 0.0671875 0.45625 0.03515625 0.025
3 0.09765625 0.45 0.03125 0.0265625