3 0.6578125 0.81796875 0.01875 0.01171875
4 0.596875 0.83671875 0.009375 0.00703125
4 0.58359375 0.89921875 0.0125 0.00859375
3 0.175 0.771875 0.0109375 0.0109375
3 0.52109375 0.72265625 0.01875 0.0171875
3 0.29609375 0.69609375 0.01015625 0.00703125
3 0.30859375 0.6859375 0.00859375 0.00625
3 0.16953125 0.10234375 0.01171875 0.01015625
4 0.453125 0.884375 0.00859375 0.00546875
3 0.31328125 0.82109375 0.0078125 0.00625
3 0.7109375 0.25234375 0.01015625 0.00703125
3 0.3171875 0.06796875 0.0078125 0.00625
3 0.653125 0.8078125 0.009375 0.00703125
3 0.61171875 0.8015625 0.00859375 0.00703125
3 0.53359375 0.89296875 0.00703125 0.00703125
3 0.17109375 0.61640625 0.0140625 0.0109375
3 0.2734375 0.821875 0.0203125 0.01875
3 0.0140625 0.565625 0.009375 0.01015625
3 0.16640625 0.65859375 0.0140625 0.0109375
3 0.24140625 0.796875 0.0109375 0.00859375
3 0.9203125 0.4375 0.01484375 0.0109375