4 0.5640625 0.2421875 0.01015625 0.00859375
4 0.63515625 0.32265625 0.00859375 0.00625
3 0.57890625 0.3484375 0.02578125 0.0171875
3 0.60234375 0.3515625 0.0234375 0.02265625
3 0.3296875 0.72421875 0.01015625 0.00703125
4 0.52265625 0.9234375 0.0203125 0.0125
4 0.50234375 0.934375 0.0109375 0.0078125
3 0.7546875 0.88515625 0.01171875 0.0109375
3 0.8328125 0.8578125 0.0125 0.01015625
3 0.76171875 0.7640625 0.00703125 0.00703125
3 0.86328125 0.7984375 0.0109375 0.0171875
3 0.88671875 0.77265625 0.0109375 0.021875
4 0.92734375 0.66953125 0.0140625 0.01484375
4 0.928125 0.68828125 0.00625 0.01328125
3 0.95078125 0.6265625 0.0078125 0.01796875
3 0.85703125 0.6625 0.01171875 0.0140625
4 0.85546875 0.59921875 0.01171875 0.01015625
3 0.91328125 0.35234375 0.01953125 0.02421875
3 0.54453125 0.53984375 0.03125 0.01171875
3 0.1828125 0.22421875 0.0125 0.0078125
3 0.41796875 0.3 0.01328125 0.0109375
3 0.2109375 0.59296875 0.01328125 0.009375
3 0.225 0.590625 0.01171875 0.0125
3 0.24296875 0.61171875 0.0125 0.009375
3 0.253125 0.6203125 0.01171875 0.01015625
2 0.85234375 0.7 0.0296875 0.028125
4 0.8578125 0.68046875 0.01328125 0.0125
2 0.915625 0.69375 0.01484375 0.025
3 0.740625 0.1734375 0.01484375 0.01171875
3 0.2703125 0.66796875 0.01015625 0.0078125
3 0.6078125 0.684375 0.0296875 0.02421875
4 0.4984375 0.71953125 0.015625 0.01015625
3 0.2984375 0.75 0.03203125 0.0203125
2 0.2640625 0.740625 0.04296875 0.0375
3 0.23828125 0.7828125 0.01640625 0.0125
2 0.11015625 0.63203125 0.0296875 0.04453125
3 0.68984375 0.3546875 0.01328125 0.009375
3 0.11640625 0.246875 0.01796875 0.01875
2 0.11875 0.31640625 0.025 0.0359375
3 0.55234375 0.27734375 0.01953125 0.01640625
3 0.19609375 0.73046875 0.01328125 0.009375
3 0.19921875 0.61875 0.01015625 0.0078125
4 0.20078125 0.65546875 0.0109375 0.01015625
4 0.2328125 0.65625 0.0109375 0.00859375
3 0.82578125 0.678125 0.01640625 0.01015625
4 0.884375 0.71328125 0.0078125 0.00703125
4 0.884375 0.6828125 0.00703125 0.0046875
4 0.88828125 0.67421875 0.0046875 0.003125
3 0.6046875 0.2515625 0.00546875 0.0046875
3 0.88984375 0.59453125 0.0125 0.00859375
3 0.13984375 0.69140625 0.0125 0.01484375
3 0.4796875 0.8765625 0.0046875 0.003125
3 0.62578125 0.3234375 0.009375 0.00859375
3 0.43515625 0.29609375 0.00703125 0.00859375