3 0.27421875 0.55546875 0.0234375 0.01640625
3 0.15234375 0.5640625 0.00625 0.0046875
4 0.196875 0.725 0.01328125 0.01015625
3 0.13359375 0.70703125 0.0078125 0.009375
3 0.8359375 0.70234375 0.01796875 0.02109375
3 0.865625 0.6734375 0.0109375 0.0125
3 0.79609375 0.5984375 0.01484375 0.01015625
3 0.1921875 0.59375 0.00625 0.00546875
3 0.128125 0.50625 0.00703125 0.00703125
4 0.33828125 0.1015625 0.009375 0.00625
3 0.38671875 0.18984375 0.00859375 0.00703125
3 0.65546875 0.1625 0.01484375 0.01328125
3 0.62578125 0.1765625 0.0125 0.00859375
3 0.6703125 0.18046875 0.0203125 0.0125
3 0.5671875 0.1046875 0.015625 0.0109375
3 0.79921875 0.55703125 0.00703125 0.00625
3 0.15 0.671875 0.0125 0.01328125
4 0.41796875 0.58125 0.01484375 0.01171875
3 0.03984375 0.48984375 0.0109375 0.01484375
3 0.51171875 0.16484375 0.00859375 0.00546875
3 0.7046875 0.20859375 0.0109375 0.00859375
3 0.2484375 0.82421875 0.00703125 0.00546875
4 0.52890625 0.215625 0.00546875 0.0046875
3 0.315625 0.9328125 0.00703125 0.00703125
3 0.121875 0.73828125 0.01015625 0.009375
3 0.1625 0.7484375 0.0125 0.01328125
3 0.1484375 0.6015625 0.01328125 0.01015625
3 0.4609375 0.259375 0.00703125 0.0046875