4 0.29296875 0.8984375 0.0109375 0.01171875
4 0.39609375 0.846875 0.0109375 0.009375
4 0.68828125 0.875 0.009375 0.00703125
4 0.68125 0.73984375 0.0140625 0.01171875
4 0.646875 0.73203125 0.0140625 0.0140625
4 0.16015625 0.65625 0.01015625 0.00546875
4 0.07890625 0.6234375 0.01015625 0.01328125
4 0.61015625 0.5140625 0.00859375 0.0078125
4 0.5390625 0.3484375 0.00546875 0.00546875
4 0.69140625 0.08671875 0.0109375 0.00859375
4 0.05546875 0.44296875 0.0140625 0.0140625
3 0.31328125 0.8734375 0.025 0.01953125
3 0.409375 0.8515625 0.0171875 0.0125
4 0.375 0.8703125 0.009375 0.00625
4 0.390625 0.88046875 0.00859375 0.00703125
4 0.36953125 0.8859375 0.01640625 0.01640625
3 0.68203125 0.8109375 0.021875 0.01484375
3 0.42265625 0.60703125 0.01328125 0.0078125
3 0.421875 0.61328125 0.009375 0.0046875
4 0.3484375 0.61015625 0.009375 0.0046875
4 0.30234375 0.49375 0.00625 0.0046875
3 0.32890625 0.48203125 0.0125 0.00703125
3 0.03046875 0.44296875 0.0078125 0.015625
3 0.1921875 0.4671875 0.00703125 0.0046875
2 0.36328125 0.65234375 0.05546875 0.05546875
3 0.77421875 0.67578125 0.01953125 0.0125
3 0.42578125 0.48671875 0.0078125 0.00625
3 0.6109375 0.5390625 0.0125 0.009375
3 0.8671875 0.5046875 0.01484375 0.01015625
3 0.8640625 0.76640625 0.0140625 0.01328125
2 0.40234375 0.2609375 0.0546875 0.03984375
3 0.08671875 0.246875 0.01328125 0.0203125
3 0.35625 0.175 0.01640625 0.01171875
3 0.7671875 0.1609375 0.01796875 0.0109375
3 0.59375 0.1265625 0.03125 0.0203125
3 0.390625 0.021875 0.01328125 0.00703125
3 0.4515625 0.0546875 0.01484375 0.00703125
4 0.61640625 0.8875 0.01015625 0.00703125
3 0.646875 0.87734375 0.01484375 0.00859375
3 0.68671875 0.9078125 0.0109375 0.0078125
3 0.66953125 0.7640625 0.02734375 0.01875
3 0.10390625 0.75078125 0.0125 0.0125
3 0.67578125 0.87421875 0.0203125 0.015625
3 0.05703125 0.65390625 0.00546875 0.00546875
3 0.4796875 0.89921875 0.01171875 0.0109375
4 0.496875 0.88125 0.01015625 0.00703125
3 0.4703125 0.0796875 0.028125 0.01328125
3 0.39140625 0.1296875 0.0125 0.00859375
3 0.4125 0.8859375 0.01484375 0.0109375
3 0.44765625 0.8953125 0.009375 0.00859375
3 0.871875 0.68125 0.01015625 0.0078125
3 0.4296875 0.15234375 0.01015625 0.00625
3 0.94453125 0.4296875 0.01015625 0.0078125
3 0.703125 0.86171875 0.0140625 0.01015625
4 0.42421875 0.8515625 0.00703125 0.0046875
3 0.11640625 0.696875 0.009375 0.01015625
4 0.125 0.70625 0.00625 0.0046875
3 0.38046875 0.4984375 0.00703125 0.00625
3 0.44140625 0.08046875 0.01171875 0.00859375
4 0.5140625 0.84765625 0.0390625 0.01796875
2 0.35 0.87265625 0.0421875 0.02734375