3 0.76875 0.19765625 0.02265625 0.01875
3 0.90078125 0.178125 0.0125 0.01015625
3 0.48984375 0.35859375 0.01796875 0.0125
3 0.46796875 0.21640625 0.02421875 0.01640625
3 0.53359375 0.3375 0.0140625 0.0109375
3 0.87578125 0.22578125 0.0078125 0.00703125
3 0.69296875 0.178125 0.0140625 0.01015625
3 0.8515625 0.65859375 0.015625 0.01484375
3 0.2109375 0.215625 0.02109375 0.01484375
3 0.28359375 0.1484375 0.01640625 0.0109375
3 0.57578125 0.07890625 0.01015625 0.00703125
3 0.39140625 0.2015625 0.0125 0.00859375
3 0.92890625 0.615625 0.0125 0.0109375
3 0.09609375 0.72890625 0.0109375 0.009375
3 0.12421875 0.2109375 0.0078125 0.00625
3 0.91484375 0.64921875 0.01875 0.01796875
2 0.01640625 0.54296875 0.01328125 0.0265625