3 0.86640625 0.4125 0.01640625 0.0125
3 0.92265625 0.584375 0.00859375 0.0109375
3 0.94921875 0.57109375 0.00703125 0.01875
3 0.93046875 0.6109375 0.0078125 0.01171875
3 0.92109375 0.646875 0.015625 0.021875
3 0.92265625 0.678125 0.00703125 0.0109375
3 0.21640625 0.70390625 0.01640625 0.0125
3 0.94609375 0.4421875 0.00859375 0.0109375
3 0.86953125 0.7359375 0.0140625 0.0109375
3 0.80703125 0.575 0.0078125 0.0046875
3 0.95390625 0.49296875 0.00546875 0.00859375
3 0.921875 0.47421875 0.009375 0.009375
3 0.8921875 0.73203125 0.01015625 0.009375
3 0.1140625 0.29375 0.0125 0.015625
3 0.86875 0.68515625 0.01796875 0.0140625
3 0.06953125 0.58828125 0.00703125 0.009375
3 0.10859375 0.7140625 0.00703125 0.0078125