4 0.84453125 0.715625 0.0125 0.01015625
4 0.8453125 0.64609375 0.01015625 0.00859375
4 0.87890625 0.271875 0.009375 0.0140625
4 0.5234375 0.14375 0.00703125 0.00625
4 0.40390625 0.1640625 0.00859375 0.00546875
4 0.54296875 0.0640625 0.0078125 0.00625
4 0.5078125 0.22421875 0.01015625 0.00703125
3 0.43203125 0.42109375 0.01015625 0.00625
4 0.40390625 0.19921875 0.0125 0.00859375
3 0.7953125 0.20625 0.0078125 0.00625
3 0.32421875 0.13203125 0.0109375 0.0078125
3 0.4 0.69765625 0.00859375 0.00625
3 0.21328125 0.809375 0.01328125 0.009375
3 0.084375 0.57265625 0.0140625 0.0109375
3 0.11875 0.5703125 0.015625 0.0125
3 0.91796875 0.60078125 0.0109375 0.01328125
3 0.0453125 0.49375 0.01015625 0.01328125
3 0.2125 0.13515625 0.01484375 0.00859375
3 0.2578125 0.33046875 0.009375 0.0078125
3 0.42265625 0.91953125 0.00625 0.00546875
3 0.91484375 0.6109375 0.00625 0.00625
3 0.01875 0.45625 0.009375 0.00859375
3 0.353125 0.16796875 0.01484375 0.01015625
3 0.06171875 0.31328125 0.01015625 0.015625
3 0.08125 0.3046875 0.01015625 0.015625
3 0.30390625 0.88125 0.0203125 0.0140625
3 0.76171875 0.9125 0.009375 0.00703125
3 0.85546875 0.75 0.00859375 0.01484375
3 0.659375 0.55859375 0.021875 0.01484375
3 0.0375 0.57265625 0.01171875 0.0125
3 0.05625 0.6234375 0.0109375 0.0125
3 0.82578125 0.63359375 0.01796875 0.015625
3 0.878125 0.3546875 0.01640625 0.0171875
3 0.325 0.2140625 0.01171875 0.01015625
3 0.3625 0.1828125 0.01015625 0.00703125
4 0.384375 0.1546875 0.01953125 0.01015625
3 0.725 0.1375 0.0109375 0.00859375
3 0.7765625 0.22265625 0.01484375 0.01171875
3 0.03671875 0.5359375 0.00703125 0.00625
3 0.021875 0.54609375 0.00625 0.00625
4 0.7828125 0.7734375 0.0140625 0.0109375
4 0.79921875 0.78515625 0.0078125 0.0078125
3 0.91875 0.58125 0.01015625 0.009375
3 0.9234375 0.47734375 0.009375 0.0109375
3 0.596875 0.07578125 0.009375 0.00546875
3 0.81171875 0.86171875 0.0109375 0.0078125
3 0.64765625 0.8796875 0.0125 0.009375
3 0.128125 0.33515625 0.01015625 0.0078125
4 0.56875 0.1546875 0.0078125 0.00546875
3 0.95078125 0.590625 0.0078125 0.009375
3 0.8390625 0.66875 0.01015625 0.00703125
3 0.58203125 0.70859375 0.01640625 0.0140625
3 0.246875 0.92578125 0.01328125 0.009375
3 0.08203125 0.7203125 0.0046875 0.00546875