0 0.74609375 0.59140625 0.0203125 0.0359375
0 0.7046875 0.4921875 0.0125 0.02734375
0 0.665625 0.40859375 0.0203125 0.04609375
0 0.5359375 0.4234375 0.02734375 0.0390625
0 0.37890625 0.4953125 0.02890625 0.04765625
0 0.25078125 0.7484375 0.025 0.04140625
0 0.19140625 0.65390625 0.02109375 0.02734375
0 0.084375 0.61953125 0.02265625 0.0703125
0 0.5453125 0.5703125 0.01875 0.03984375
0 0.6 0.59140625 0.01875 0.0390625
0 0.778125 0.3703125 0.01875 0.03359375
0 0.81796875 0.5078125 0.02265625 0.0296875
0 0.61328125 0.3875 0.01875 0.0359375
0 0.2875 0.690625 0.02265625 0.03984375
0 0.06875 0.528125 0.02734375 0.04765625
0 0.0921875 0.7203125 0.01484375 0.02734375
0 0.94609375 0.503125 0.0171875 0.0328125
0 0.465625 0.2453125 0.03125 0.04609375
0 0.15859375 0.23125 0.01640625 0.0375
0 0.1890625 0.34453125 0.0171875 0.0296875
0 0.2171875 0.2921875 0.01875 0.02734375
0 0.2421875 0.22109375 0.01640625 0.02265625
0 0.265625 0.25 0.0203125 0.0328125
0 0.2984375 0.2015625 0.02265625 0.0375
0 0.259375 0.3125 0.01640625 0.0265625
0 0.29296875 0.37109375 0.01640625 0.0234375
0 0.2640625 0.42265625 0.01640625 0.0203125
0 0.24765625 0.39375 0.0125 0.02265625
0 0.2265625 0.475 0.0328125 0.0484375
0 0.1953125 0.52578125 0.02265625 0.04375
0 0.16171875 0.39375 0.0203125 0.02265625
0 0.109375 0.34609375 0.01640625 0.0421875
0 0.4484375 0.478125 0.02734375 0.0359375
0 0.4125 0.4890625 0.0296875 0.0265625
0 0.4453125 0.4234375 0.02265625 0.0296875
0 0.38046875 0.3359375 0.01875 0.0296875
0 0.3625 0.36171875 0.0140625 0.02265625
0 0.5640625 0.2015625 0.0171875 0.03359375
0 0.5 0.196875 0.0171875 0.0203125
0 0.42578125 0.2078125 0.0078125 0.0265625
0 0.36875 0.19765625 0.01484375 0.02734375
0 0.4046875 0.2625 0.01484375 0.03359375
0 0.36328125 0.28046875 0.0140625 0.0171875
0 0.3421875 0.2328125 0.0140625 0.02890625
0 0.4234375 0.365625 0.02734375 0.0328125
0 0.45078125 0.33203125 0.0203125 0.02109375
0 0.5046875 0.3734375 0.02109375 0.025
0 0.478125 0.41796875 0.01015625 0.05
0 0.5046875 0.4171875 0.0171875 0.0203125
0 0.5578125 0.490625 0.02890625 0.02890625
0 0.553125 0.3828125 0.01875 0.0328125
0 0.6796875 0.3578125 0.02734375 0.0328125
0 0.7125 0.4234375 0.01875 0.00859375
0 0.7578125 0.41015625 0.0171875 0.025
0 0.7671875 0.471875 0.0125 0.01484375
0 0.72890625 0.5671875 0.0234375 0.0328125
0 0.7234375 0.63671875 0.02109375 0.0328125
0 0.7984375 0.69453125 0.0234375 0.0328125
0 0.7921875 0.478125 0.0125 0.0296875
0 0.87109375 0.56015625 0.025 0.03515625
0 0.9125 0.5328125 0.0234375 0.0390625
0 0.29140625 0.55859375 0.0203125 0.0328125
0 0.359375 0.4546875 0.02109375 0.02890625
0 0.1234375 0.5859375 0.0171875 0.02109375
0 0.1 0.6828125 0.0109375 0.02265625
0 0.153125 0.4890625 0.01484375 0.0265625
0 0.45078125 0.1421875 0.0140625 0.0296875
0 0.096875 0.2359375 0.0125 0.03125
0 0.08515625 0.3203125 0.0140625 0.02265625