0 0.0578125 0.459375 0.03515625 0.046875
0 0.23515625 0.346875 0.0296875 0.03984375
0 0.246875 0.57421875 0.02890625 0.03828125
0 0.6078125 0.6203125 0.03671875 0.04609375
0 0.62265625 0.50234375 0.040625 0.0546875
0 0.6921875 0.70234375 0.0375 0.05078125
0 0.7921875 0.6796875 0.0375 0.0578125
0 0.8875 0.7546875 0.0359375 0.04296875
0 0.90234375 0.64296875 0.053125 0.0984375
0 0.928125 0.56484375 0.0296875 0.05625
0 0.734375 0.525 0.046875 0.06875
0 0.49375 0.52578125 0.04375 0.08125
0 0.65625 0.2953125 0.028125 0.028125
0 0.59921875 0.21953125 0.03125 0.02578125
0 0.6578125 0.209375 0.0453125 0.03671875
0 0.75703125 0.35 0.0453125 0.04375
0 0.82578125 0.36953125 0.0296875 0.028125
0 0.89375 0.39375 0.03125 0.03125
0 0.85078125 0.42109375 0.02421875 0.0328125
0 0.74296875 0.43828125 0.03125 0.0328125
0 0.72109375 0.3953125 0.0296875 0.02578125
0 0.621875 0.35 0.03828125 0.02578125
0 0.56328125 0.3328125 0.0296875 0.02578125
0 0.5203125 0.2875 0.05703125 0.04375
0 0.92109375 0.359375 0.02578125 0.03125
0 0.80625 0.546875 0.02578125 0.028125
0 0.5546875 0.4859375 0.0328125 0.03125
0 0.58671875 0.4984375 0.02109375 0.02109375
0 0.65703125 0.4609375 0.0296875 0.0296875
0 0.5671875 0.4234375 0.02578125 0.028125
0 0.778125 0.49765625 0.02421875 0.015625
0 0.62265625 0.27890625 0.03671875 0.0296875
0 0.46328125 0.42265625 0.0484375 0.03671875
0 0.4359375 0.48359375 0.02421875 0.02265625
0 0.45 0.56015625 0.034375 0.0296875
0 0.384375 0.58828125 0.04375 0.02109375
0 0.45234375 0.37421875 0.02578125 0.02578125
0 0.2984375 0.4765625 0.0234375 0.03359375
0 0.18515625 0.478125 0.02890625 0.03359375
0 0.33359375 0.33984375 0.02109375 0.0390625
0 0.396875 0.378125 0.0296875 0.0375
0 0.5265625 0.2 0.025 0.0296875