0 0.19921875 0.5984375 0.05 0.075
0 0.6359375 0.41171875 0.06875 0.115625
0 0.61796875 0.534375 0.0453125 0.0859375
0 0.82734375 0.396875 0.040625 0.059375
0 0.9265625 0.3578125 0.05625 0.0734375
0 0.925 0.45859375 0.059375 0.1015625
0 0.93125 0.540625 0.034375 0.0578125
0 0.73359375 0.53203125 0.0515625 0.071875
0 0.5 0.4734375 0.0484375 0.084375
0 0.47265625 0.6203125 0.01953125 0.0265625
0 0.14140625 0.37890625 0.01953125 0.025
0 0.64609375 0.621875 0.01796875 0.0265625
0 0.69765625 0.39921875 0.08515625 0.10390625
0 0.371875 0.5921875 0.01484375 0.02109375
0 0.7078125 0.7109375 0.01875 0.02578125
0 0.29765625 0.4734375 0.0140625 0.02421875
0 0.73515625 0.6109375 0.07890625 0.06875
0 0.621875 0.26796875 0.0703125 0.06328125
0 0.6171875 0.7875 0.0203125 0.0296875
0 0.78046875 0.446875 0.046875 0.06328125
0 0.884375 0.60859375 0.06875 0.06796875
0 0.18828125 0.44453125 0.0140625 0.02109375
0 0.55625 0.640625 0.01953125 0.02734375
0 0.321875 0.559375 0.01875 0.03046875
0 0.23125 0.27578125 0.0203125 0.028125
0 0.48984375 0.76171875 0.01875 0.0265625
0 0.42890625 0.33515625 0.01953125 0.02890625
0 0.8171875 0.72109375 0.04609375 0.05078125
0 0.584375 0.4265625 0.0453125 0.07578125
0 0.8953125 0.790625 0.01875 0.02734375
0 0.13046875 0.62890625 0.03515625 0.0375
0 0.3890625 0.790625 0.01015625 0.015625
0 0.7828125 0.29453125 0.02265625 0.0359375
0 0.45234375 0.5671875 0.0265625 0.0421875
0 0.1421875 0.1828125 0.06796875 0.06015625
0 0.73828125 0.34375 0.01640625 0.02421875
0 0.928125 0.72421875 0.03046875 0.0515625
0 0.28828125 0.3484375 0.06796875 0.09296875
0 0.54609375 0.52734375 0.0125 0.021875
0 0.559375 0.75859375 0.02734375 0.03359375
0 0.6140625 0.9078125 0.01796875 0.0375
0 0.58046875 0.82109375 0.00859375 0.0140625
0 0.884375 0.35 0.0203125 0.028125
0 0.20703125 0.47578125 0.01328125 0.0203125
0 0.81875 0.6609375 0.0109375 0.0125
0 0.85625 0.7046875 0.01015625 0.0140625
0 0.790625 0.9390625 0.04140625 0.0453125
0 0.14921875 0.503125 0.0125 0.01953125
0 0.09453125 0.40390625 0.01171875 0.01796875
0 0.440625 0.503125 0.01171875 0.01796875
0 0.709375 0.8171875 0.00859375 0.01328125
0 0.775 0.93984375 0.0171875 0.02890625
0 0.74140625 0.7484375 0.009375 0.0140625
0 0.77578125 0.7078125 0.009375 0.01328125
0 0.18203125 0.12734375 0.021875 0.03125
0 0.29921875 0.6140625 0.0140625 0.01953125
0 0.6859375 0.7828125 0.00859375 0.0125
0 0.3015625 0.32265625 0.01171875 0.01875
0 0.88125 0.7390625 0.009375 0.01171875
0 0.0609375 0.428125 0.0125 0.01875
0 0.4671875 0.4203125 0.01171875 0.01875
0 0.58515625 0.52265625 0.009375 0.0140625
0 0.51875 0.67421875 0.01015625 0.015625
0 0.41484375 0.39375 0.0140625 0.021875
0 0.453125 0.7953125 0.01015625 0.01640625
0 0.27109375 0.36875 0.0140625 0.02109375
0 0.52421875 0.7984375 0.00859375 0.01328125
0 0.68125 0.6578125 0.009375 0.0140625
0 0.475 0.709375 0.009375 0.01171875
0 0.8 0.5265625 0.009375 0.0125
0 0.54296875 0.58828125 0.009375 0.0125
0 0.49140625 0.8671875 0.00859375 0.01328125
0 0.48515625 0.35703125 0.01796875 0.02265625
0 0.65078125 0.82421875 0.009375 0.01328125
0 0.590625 0.67734375 0.0109375 0.01484375
0 0.715625 0.6171875 0.009375 0.01328125
0 0.85859375 0.82421875 0.009375 0.015625
0 0.7953125 0.81953125 0.0109375 0.015625
0 0.1546875 0.28671875 0.01484375 0.02265625
0 0.603125 0.7359375 0.00859375 0.01171875
0 0.6109375 0.6546875 0.0109375 0.01640625
0 0.91484375 0.096875 0.025 0.04609375
0 0.2796875 0.3984375 0.009375 0.01171875
0 0.359375 0.42734375 0.01484375 0.01796875
0 0.41796875 0.87109375 0.00859375 0.01171875