0 0.33203125 0.34765625 0.01484375 0.01640625
0 0.93203125 0.4140625 0.01875 0.0171875
0 0.90078125 0.3828125 0.0171875 0.021875
0 0.33828125 0.38046875 0.01171875 0.01328125
0 0.35859375 0.31328125 0.01171875 0.0125
0 0.265625 0.3734375 0.01171875 0.0125
0 0.44921875 0.46484375 0.01171875 0.01328125
0 0.36015625 0.3546875 0.01015625 0.0109375
0 0.878125 0.33515625 0.01875 0.02109375
0 0.465625 0.50234375 0.0109375 0.0125
0 0.29296875 0.39609375 0.01171875 0.0125
0 0.32734375 0.4046875 0.0109375 0.01171875
0 0.29140625 0.4328125 0.01171875 0.01484375
0 0.37890625 0.4203125 0.01328125 0.0140625
0 0.25390625 0.4546875 0.0109375 0.0125
0 0.959375 0.6578125 0.01640625 0.02109375
0 0.915625 0.2546875 0.021875 0.0203125
0 0.41015625 0.5671875 0.01171875 0.0140625
0 0.32421875 0.4828125 0.0125 0.01484375
0 0.9359375 0.64921875 0.01875 0.0234375
0 0.365625 0.2109375 0.0125 0.01328125
0 0.540625 0.54375 0.01171875 0.0125
0 0.4828125 0.4953125 0.0125 0.01328125
0 0.2703125 0.471875 0.0125 0.0140625
0 0.30703125 0.5921875 0.01171875 0.01328125
0 0.51875 0.5734375 0.01171875 0.0140625
0 0.33046875 0.5921875 0.01640625 0.0171875
0 0.396875 0.209375 0.0140625 0.01484375
0 0.92109375 0.61953125 0.0140625 0.01875
0 0.34296875 0.64453125 0.01328125 0.01484375
0 0.44765625 0.51875 0.01484375 0.015625
0 0.96796875 0.7375 0.0234375 0.025
0 0.92890625 0.7546875 0.015625 0.0171875
0 0.49609375 0.5828125 0.0125 0.0140625
0 0.38203125 0.5546875 0.021875 0.02109375
0 0.775 0.259375 0.02421875 0.02890625
0 0.99609375 0.434375 0.0078125 0.02265625
0 0.96953125 0.4671875 0.01796875 0.02578125
0 0.77890625 0.22578125 0.02578125 0.02578125
0 0.5453125 0.17421875 0.01484375 0.01875
0 0.9171875 0.82421875 0.0203125 0.025
0 0.56796875 0.628125 0.01015625 0.01171875
0 0.909375 0.8734375 0.0140625 0.01796875
0 0.584375 0.66640625 0.0109375 0.01328125
0 0.7234375 0.078125 0.028125 0.03359375
0 0.984375 0.83671875 0.01640625 0.02109375
0 0.99609375 0.35 0.0078125 0.01953125
0 0.3109375 0.196875 0.01640625 0.01953125
0 0.3796875 0.3359375 0.0171875 0.01953125
0 0.9421875 0.203125 0.02421875 0.025
0 0.9859375 0.2671875 0.02265625 0.028125
0 0.95 0.2125 0.04609375 0.0390625
0 0.54375 0.85234375 0.028125 0.03125
0 0.74453125 0.984375 0.0203125 0.01640625
0 0.46328125 0.1203125 0.04921875 0.0359375
0 0.38984375 0.653125 0.01171875 0.0125