3 0.1984375 0.71015625 0.015625 0.01328125
3 0.01484375 0.61875 0.00859375 0.01484375
3 0.23359375 0.62890625 0.0140625 0.009375
3 0.76015625 0.70234375 0.02578125 0.01796875
3 0.30859375 0.6828125 0.0109375 0.00859375
3 0.32890625 0.89765625 0.01015625 0.00859375
3 0.125 0.61640625 0.0171875 0.01328125
3 0.3234375 0.1671875 0.0171875 0.0140625
3 0.73828125 0.2015625 0.0140625 0.01015625
3 0.74453125 0.08515625 0.01484375 0.01171875
3 0.06015625 0.2859375 0.00859375 0.0109375
2 0.2125 0.659375 0.04765625 0.03203125
4 0.34609375 0.1640625 0.0234375 0.021875