4 0.7578125 0.63515625 0.01015625 0.00859375
3 0.9421875 0.359375 0.00703125 0.0109375
4 0.16875 0.78046875 0.00703125 0.00625
3 0.0171875 0.4453125 0.01015625 0.01015625
3 0.06171875 0.334375 0.01171875 0.01171875
4 0.01015625 0.33359375 0.01015625 0.0140625
3 0.67890625 0.7078125 0.01484375 0.01875
3 0.1234375 0.31015625 0.0125 0.00859375
3 0.93359375 0.50234375 0.009375 0.00859375
4 0.91015625 0.51328125 0.00703125 0.00625
4 0.8984375 0.5234375 0.01015625 0.00703125
3 0.93359375 0.55546875 0.009375 0.009375
3 0.325 0.059375 0.0125 0.00625
3 0.234375 0.084375 0.0109375 0.00703125
3 0.1828125 0.1296875 0.0140625 0.0078125
3 0.64296875 0.05859375 0.0125 0.00859375
3 0.715625 0.178125 0.009375 0.009375
3 0.6875 0.165625 0.009375 0.0078125
3 0.55 0.02109375 0.0171875 0.00859375