3 0.46171875 0.3796875 0.0203125 0.0140625
3 0.26640625 0.65078125 0.0109375 0.00859375
3 0.7359375 0.6953125 0.01171875 0.0109375
3 0.80546875 0.63046875 0.01015625 0.0078125
3 0.66640625 0.94453125 0.0234375 0.0171875
3 0.853125 0.56484375 0.01796875 0.01796875
3 0.2015625 0.81015625 0.00859375 0.00546875
3 0.7109375 0.23046875 0.01484375 0.01015625
3 0.34609375 0.70625 0.0125 0.00703125
3 0.83046875 0.5453125 0.0125 0.0078125
3 0.875 0.52578125 0.015625 0.0109375
3 0.9046875 0.378125 0.00703125 0.0140625
3 0.92109375 0.45546875 0.00703125 0.00703125
3 0.14609375 0.67734375 0.0140625 0.0125
3 0.1265625 0.76875 0.01953125 0.0203125
3 0.70234375 0.67890625 0.0140625 0.01015625
3 0.8359375 0.7609375 0.0125 0.0125
3 0.75703125 0.909375 0.0046875 0.0046875
3 0.09609375 0.72421875 0.00234375 0.003125