3 0.32421875 0.128125 0.0375 0.02109375
4 0.31953125 0.14765625 0.025 0.0109375
3 0.54375 0.06875 0.01875 0.01328125
3 0.7453125 0.09453125 0.01875 0.0140625
3 0.66328125 0.71171875 0.02265625 0.0203125
4 0.37265625 0.90859375 0.02578125 0.01328125
3 0.4921875 0.90859375 0.015625 0.0109375
3 0.825 0.85078125 0.0109375 0.0125
3 0.26875 0.8390625 0.02109375 0.01484375
3 0.93828125 0.57578125 0.00859375 0.0125
4 0.53125 0.5484375 0.00703125 0.00625
3 0.7421875 0.66796875 0.01015625 0.009375
3 0.428125 0.89140625 0.02734375 0.01328125
3 0.759375 0.87734375 0.02578125 0.0171875
3 0.76484375 0.71484375 0.0078125 0.00625
3 0.92109375 0.64765625 0.00703125 0.00859375
3 0.9203125 0.69921875 0.00703125 0.00859375
3 0.88203125 0.5890625 0.0109375 0.0109375
3 0.234375 0.69921875 0.009375 0.00859375
3 0.09765625 0.528125 0.01328125 0.01015625
3 0.3859375 0.9203125 0.01171875 0.0109375
3 0.3984375 0.92265625 0.01015625 0.0109375
2 0.81875 0.83828125 0.03125 0.03125