3 0.2453125 0.1625 0.01171875 0.009375
3 0.13359375 0.1984375 0.01171875 0.00859375
4 0.134375 0.6875 0.0171875 0.0140625
4 0.24921875 0.72109375 0.01953125 0.01484375
4 0.22109375 0.7390625 0.02109375 0.015625
4 0.85703125 0.615625 0.01328125 0.0109375
4 0.87421875 0.621875 0.0109375 0.00859375
4 0.89609375 0.6265625 0.0078125 0.00859375
4 0.86015625 0.64296875 0.01953125 0.015625
4 0.85703125 0.6890625 0.0140625 0.01171875
3 0.80234375 0.69296875 0.015625 0.0125
3 0.82265625 0.734375 0.02578125 0.01796875
4 0.75390625 0.67421875 0.02421875 0.01640625
4 0.73828125 0.746875 0.015625 0.0125
3 0.84921875 0.7078125 0.01875 0.01484375
4 0.1703125 0.73515625 0.0234375 0.02109375
4 0.81875 0.65 0.0125 0.01015625
3 0.8390625 0.68515625 0.01484375 0.0109375
4 0.1046875 0.7015625 0.01640625 0.021875
4 0.115625 0.628125 0.0109375 0.00703125
3 0.759375 0.771875 0.0171875 0.0125
3 0.66484375 0.75625 0.0109375 0.00859375
3 0.6765625 0.7609375 0.0125 0.01015625
3 0.5765625 0.45625 0.01484375 0.01015625
3 0.47890625 0.403125 0.0234375 0.01640625
3 0.26015625 0.16484375 0.01015625 0.01015625
3 0.8796875 0.57421875 0.01640625 0.01171875
4 0.09609375 0.60390625 0.009375 0.01015625
4 0.15234375 0.59140625 0.009375 0.00546875
3 0.17890625 0.58828125 0.0171875 0.01015625
3 0.22265625 0.6484375 0.01640625 0.01171875
3 0.1078125 0.66796875 0.01328125 0.01328125
3 0.8359375 0.621875 0.009375 0.00703125
4 0.16484375 0.69140625 0.0125 0.01171875
3 0.32265625 0.7578125 0.009375 0.00859375
3 0.046875 0.4375 0.00546875 0.00703125
3 0.44765625 0.3125 0.01796875 0.0125
3 0.921875 0.49296875 0.01015625 0.009375
3 0.93515625 0.49609375 0.00859375 0.0109375
3 0.76484375 0.71796875 0.01015625 0.0078125
3 0.23125 0.68671875 0.01640625 0.0125
3 0.22421875 0.6625 0.0140625 0.009375
3 0.1921875 0.70625 0.01953125 0.0171875
3 0.13515625 0.64296875 0.01796875 0.0140625
4 0.13203125 0.61875 0.01484375 0.0140625
3 0.24921875 0.69609375 0.015625 0.01171875
3 0.8875 0.54921875 0.009375 0.0125
4 0.778125 0.7359375 0.01328125 0.00859375
4 0.82265625 0.675 0.015625 0.01328125
4 0.8734375 0.68984375 0.0109375 0.009375
4 0.85859375 0.6734375 0.01328125 0.01015625