4 0.646875 0.35234375 0.02578125 0.05703125
4 0.67890625 0.34375 0.01953125 0.046875
4 0.66484375 0.46640625 0.0390625 0.10390625
4 0.55859375 0.4578125 0.04296875 0.0859375
4 0.69921875 0.790625 0.03515625 0.075
4 0.7375 0.615625 0.03515625 0.07421875
4 0.61171875 0.59921875 0.03046875 0.0625
3 0.5671875 0.63984375 0.03984375 0.05078125
4 0.0625 0.83515625 0.0421875 0.1421875
4 0.29765625 0.58828125 0.0375 0.08671875
1 0.09375 0.3328125 0.1203125 0.165625
3 0.17109375 0.7 0.05 0.15234375
3 0.071875 0.62890625 0.1234375 0.13359375
3 0.1546875 0.8828125 0.07109375 0.16484375
3 0.38046875 0.76796875 0.0625 0.06796875
3 0.259375 0.740625 0.05625 0.09375
3 0.25078125 0.371875 0.065625 0.27734375
3 0.1515625 0.15625 0.11484375 0.13671875
4 0.7421875 0.3296875 0.11484375 0.23515625
3 0.74609375 0.90859375 0.065625 0.15
3 0.65390625 0.7890625 0.04296875 0.08359375
3 0.6515625 0.93984375 0.1359375 0.11015625
3 0.2859375 0.9625 0.05234375 0.075
3 0.23046875 0.5953125 0.11484375 0.11953125
3 0.28359375 0.20625 0.096875 0.1609375
3 0.11171875 0.4890625 0.1640625 0.09296875
3 0.13203125 0.83984375 0.22109375 0.28046875
3 0.80234375 0.61171875 0.0390625 0.2703125