1 0.35390625 0.4609375 0.07421875 0.121875
1 0.90078125 0.325 0.09765625 0.14453125
1 0.70546875 0.59453125 0.03828125 0.09921875
1 0.4421875 0.46875 0.03984375 0.0328125
1 0.29765625 0.2734375 0.03828125 0.06640625
1 0.25234375 0.615625 0.03984375 0.10390625
1 0.32265625 0.5765625 0.05859375 0.06171875
1 0.29296875 0.7765625 0.04609375 0.08203125
1 0.89296875 0.6515625 0.04765625 0.08984375
1 0.97734375 0.58359375 0.04453125 0.075
1 0.6953125 0.2265625 0.03046875 0.1125
1 0.7578125 0.2625 0.04609375 0.07109375
1 0.74765625 0.3546875 0.05 0.0703125
1 0.8875 0.11328125 0.06796875 0.078125