4 0.34453125 0.79453125 0.01796875 0.01640625
4 0.63046875 0.87578125 0.009375 0.00703125
4 0.22109375 0.28984375 0.009375 0.00703125
3 0.17265625 0.26171875 0.01328125 0.00859375
3 0.1765625 0.14921875 0.0140625 0.0109375
3 0.31796875 0.2390625 0.01015625 0.009375
3 0.31484375 0.27109375 0.009375 0.00859375
3 0.57265625 0.309375 0.01484375 0.0125
3 0.58828125 0.31484375 0.0125 0.00859375
3 0.61640625 0.309375 0.009375 0.00625
3 0.49609375 0.4109375 0.0078125 0.00546875
3 0.425 0.3109375 0.01015625 0.00859375
3 0.43828125 0.3109375 0.00703125 0.00625
3 0.64765625 0.09453125 0.0109375 0.00703125
3 0.7890625 0.15703125 0.01015625 0.01015625
3 0.4609375 0.28046875 0.00390625 0.00390625
3 0.81328125 0.30703125 0.00859375 0.009375
3 0.865625 0.33125 0.01015625 0.0109375
3 0.890625 0.3921875 0.0078125 0.0203125
3 0.6484375 0.78671875 0.01171875 0.01484375
4 0.39609375 0.92109375 0.009375 0.00625
3 0.28359375 0.92421875 0.0125 0.0109375
3 0.271875 0.79921875 0.01953125 0.01484375
3 0.29609375 0.7515625 0.01015625 0.00703125
3 0.23515625 0.6484375 0.00859375 0.00703125
3 0.68828125 0.66953125 0.009375 0.00625
3 0.06953125 0.27421875 0.0125 0.01015625
3 0.08203125 0.36953125 0.01015625 0.01171875
4 0.50546875 0.43671875 0.00625 0.00546875
3 0.628125 0.8953125 0.0125 0.01015625