4 0.58203125 0.7546875 0.01484375 0.009375
3 0.53515625 0.72109375 0.0171875 0.0140625
4 0.4734375 0.77109375 0.0125 0.0078125
4 0.6578125 0.534375 0.00859375 0.00703125
3 0.59765625 0.475 0.00703125 0.00390625
3 0.91484375 0.621875 0.00703125 0.0109375
3 0.92109375 0.5921875 0.0046875 0.00703125
3 0.2640625 0.7484375 0.0125 0.0109375
4 0.4109375 0.78203125 0.0078125 0.00546875
3 0.17734375 0.7765625 0.01875 0.01171875
3 0.1640625 0.73046875 0.01015625 0.00625
3 0.37578125 0.7 0.0265625 0.02265625
4 0.5 0.28515625 0.0078125 0.0046875
4 0.5359375 0.57265625 0.00390625 0.00390625
3 0.23359375 0.778125 0.0140625 0.01171875
3 0.04453125 0.47734375 0.00546875 0.00546875