4 0.70546875 0.184375 0.0375 0.028125
4 0.19453125 0.38203125 0.034375 0.028125
4 0.26796875 0.4078125 0.03125 0.034375
4 0.2140625 0.4828125 0.0625 0.0375
4 0.14921875 0.48046875 0.0375 0.0375
4 0.29609375 0.47109375 0.0390625 0.0375
4 0.26328125 0.525 0.0359375 0.040625
4 0.46171875 0.56875 0.0390625 0.0375
4 0.3703125 0.5421875 0.03125 0.0296875
4 0.50078125 0.3984375 0.053125 0.05
4 0.37109375 0.42109375 0.071875 0.046875
4 0.65859375 0.25703125 0.0375 0.0375
4 0.59140625 0.4421875 0.0375 0.0375
4 0.6765625 0.371875 0.053125 0.03125
4 0.5828125 0.51484375 0.03125 0.028125
4 0.66640625 0.453125 0.0375 0.03125
4 0.8125 0.35625 0.03125 0.0265625
4 0.7578125 0.2671875 0.034375 0.0296875
4 0.50859375 0.54453125 0.059375 0.03125