4 0.184375 0.70546875 0.028125 0.0375
4 0.38203125 0.19453125 0.028125 0.034375
4 0.4078125 0.26796875 0.034375 0.03125
4 0.4828125 0.2140625 0.0390625 0.0640625
4 0.48046875 0.14921875 0.0375 0.0375
4 0.47109375 0.29609375 0.0375 0.0390625
4 0.525 0.26328125 0.040625 0.0359375
4 0.56875 0.46171875 0.0390625 0.0390625
4 0.5421875 0.3703125 0.0296875 0.03125
4 0.3984375 0.50078125 0.05 0.053125
4 0.42109375 0.37109375 0.0484375 0.071875
4 0.25703125 0.65859375 0.0375 0.0375
4 0.4421875 0.59140625 0.0375 0.0375
4 0.371875 0.6765625 0.03125 0.0515625
4 0.51484375 0.5828125 0.028125 0.03125
4 0.453125 0.66640625 0.03125 0.0359375
4 0.35625 0.8125 0.0265625 0.03125
4 0.2671875 0.7578125 0.0296875 0.034375
4 0.54453125 0.50859375 0.03125 0.0609375