3 0.29765625 0.36171875 0.00625 0.00546875
3 0.5140625 0.42421875 0.00703125 0.0046875
3 0.37265625 0.62890625 0.00625 0.0046875
3 0.38203125 0.603125 0.01171875 0.009375
4 0.6171875 0.59765625 0.00859375 0.00703125
3 0.55234375 0.68125 0.0171875 0.01015625
4 0.44296875 0.7515625 0.01015625 0.00859375
4 0.43203125 0.725 0.0078125 0.00625
3 0.22109375 0.62421875 0.0078125 0.0046875
3 0.59140625 0.5796875 0.00546875 0.00625
3 0.36796875 0.778125 0.00625 0.00625
3 0.9390625 0.39921875 0.009375 0.01015625
3 0.35546875 0.759375 0.01484375 0.0078125
3 0.07265625 0.45234375 0.00703125 0.01328125
3 0.65625 0.55546875 0.009375 0.00703125