3 0.70390625 0.88203125 0.02421875 0.01875
3 0.67890625 0.859375 0.01796875 0.015625
3 0.30546875 0.85546875 0.01875 0.015625
3 0.20703125 0.90078125 0.021875 0.0125
3 0.7390625 0.90390625 0.015625 0.01875
3 0.29609375 0.88828125 0.03515625 0.02265625
3 0.62734375 0.74921875 0.015625 0.01875
3 0.6125 0.7375 0.0125 0.0125
4 0.39453125 0.696875 0.00859375 0.0078125
3 0.61484375 0.7046875 0.0109375 0.009375
3 0.153125 0.509375 0.01328125 0.00859375
3 0.9609375 0.59375 0.009375 0.01015625
3 0.78125 0.90859375 0.0125 0.00703125