2 0.6875 0.8609375 0.04921875 0.04140625
2 0.27578125 0.8828125 0.04453125 0.03203125
3 0.634375 0.52109375 0.00703125 0.00703125
3 0.69375 0.8046875 0.01875 0.01640625
3 0.70234375 0.825 0.01015625 0.0078125
3 0.48125 0.85234375 0.02890625 0.01484375
3 0.3609375 0.659375 0.0125 0.00703125
3 0.42890625 0.6640625 0.0125 0.0078125
3 0.44453125 0.646875 0.00625 0.00625
3 0.3109375 0.7296875 0.02578125 0.0203125
3 0.3390625 0.7375 0.01171875 0.01015625
4 0.67734375 0.76015625 0.009375 0.009375
4 0.553125 0.86640625 0.0125 0.01015625
3 0.22578125 0.81015625 0.01171875 0.01015625
3 0.27421875 0.81484375 0.01953125 0.01328125
3 0.51953125 0.91015625 0.0109375 0.00859375
3 0.57734375 0.92734375 0.0140625 0.01015625
3 0.31171875 0.90859375 0.02421875 0.0171875
3 0.3015625 0.92265625 0.0140625 0.0109375
3 0.2359375 0.53203125 0.0109375 0.0078125
3 0.80859375 0.72265625 0.009375 0.01015625
3 0.68046875 0.93125 0.0171875 0.01484375
3 0.06875 0.6015625 0.00703125 0.00703125
3 0.39765625 0.6625 0.01328125 0.0125