4 0.171875 0.66328125 0.00703125 0.00625
3 0.2296875 0.65625 0.01328125 0.01015625
3 0.10390625 0.61015625 0.01796875 0.02109375
3 0.0828125 0.6640625 0.015625 0.02109375
3 0.07734375 0.61796875 0.01015625 0.01328125
3 0.1546875 0.57421875 0.01640625 0.015625
3 0.13671875 0.58984375 0.0140625 0.01328125
3 0.32109375 0.8390625 0.02578125 0.02421875
3 0.34375 0.8515625 0.021875 0.01640625
3 0.36796875 0.87890625 0.02265625 0.0171875
3 0.2734375 0.8859375 0.01328125 0.0171875
3 0.66640625 0.83203125 0.025 0.0234375
3 0.79375 0.76875 0.03046875 0.03515625
3 0.80703125 0.7234375 0.015625 0.01953125
3 0.70703125 0.8453125 0.021875 0.01484375
3 0.66015625 0.85859375 0.009375 0.01015625
3 0.53359375 0.32421875 0.02265625 0.01796875
3 0.1828125 0.7375 0.01796875 0.015625
3 0.14296875 0.7484375 0.0140625 0.01875
3 0.134375 0.73359375 0.01484375 0.0140625
3 0.66015625 0.721875 0.01953125 0.0140625
3 0.56484375 0.6734375 0.015625 0.01171875
3 0.85859375 0.64921875 0.01015625 0.01484375
3 0.834375 0.69765625 0.0171875 0.0140625
3 0.73515625 0.890625 0.01796875 0.01640625
3 0.5015625 0.64375 0.0125 0.00859375
3 0.91953125 0.67109375 0.01328125 0.015625
3 0.84296875 0.7265625 0.00859375 0.00859375
3 0.82109375 0.80234375 0.0109375 0.01015625
3 0.77109375 0.81015625 0.00859375 0.00625
3 0.6546875 0.91171875 0.00859375 0.00703125
3 0.16640625 0.82890625 0.009375 0.00859375
3 0.22421875 0.8171875 0.0109375 0.01171875
3 0.11484375 0.71640625 0.0078125 0.0078125
3 0.06328125 0.65859375 0.0109375 0.0171875
3 0.9359375 0.62109375 0.0109375 0.0140625
3 0.9046875 0.6546875 0.00859375 0.01015625
3 0.86796875 0.69609375 0.00703125 0.00625
3 0.8734375 0.678125 0.0078125 0.00625
3 0.2125 0.88359375 0.01484375 0.0140625
3 0.2671875 0.8984375 0.01015625 0.00703125
3 0.20390625 0.63828125 0.0078125 0.00625
3 0.06328125 0.61875 0.00859375 0.009375
3 0.0421875 0.58984375 0.00703125 0.015625
3 0.0671875 0.5875 0.01015625 0.01171875
3 0.89765625 0.5953125 0.0078125 0.0078125
3 0.03359375 0.32734375 0.00859375 0.00703125