4 0.3484375 0.1 0.00859375 0.00859375
4 0.30390625 0.15390625 0.0078125 0.00390625
3 0.16875 0.2109375 0.00625 0.00625
3 0.71953125 0.3328125 0.00703125 0.00625
3 0.6671875 0.13203125 0.00859375 0.00546875
3 0.72578125 0.13125 0.0078125 0.00390625
3 0.71953125 0.1515625 0.009375 0.00625
3 0.22890625 0.15234375 0.00546875 0.0046875
3 0.14140625 0.3140625 0.0078125 0.00546875
3 0.08671875 0.36328125 0.0046875 0.00390625
3 0.078125 0.309375 0.00546875 0.009375
4 0.79140625 0.203125 0.01015625 0.01015625
4 0.921875 0.42734375 0.00546875 0.00390625
4 0.94765625 0.4765625 0.009375 0.0109375
4 0.84765625 0.55078125 0.0046875 0.00390625
4 0.83203125 0.55703125 0.00546875 0.0046875
4 0.78125 0.61328125 0.01015625 0.00703125
4 0.94296875 0.55234375 0.0046875 0.0046875
4 0.90234375 0.578125 0.00703125 0.00546875
2 0.915625 0.58828125 0.028125 0.0203125
3 0.82734375 0.671875 0.01328125 0.009375
3 0.20078125 0.2859375 0.00859375 0.00546875
3 0.1453125 0.396875 0.00625 0.0046875
4 0.14296875 0.56796875 0.01015625 0.00546875
3 0.04609375 0.49140625 0.003125 0.00390625
4 0.053125 0.57109375 0.00546875 0.0078125
4 0.203125 0.615625 0.00703125 0.0046875
4 0.26171875 0.59140625 0.0109375 0.00859375
4 0.2875 0.5953125 0.0078125 0.00546875
3 0.3390625 0.60078125 0.00859375 0.00390625
3 0.3421875 0.6046875 0.00625 0.0046875
3 0.24609375 0.6640625 0.00546875 0.00390625
4 0.16328125 0.678125 0.00625 0.003125
3 0.1375 0.69765625 0.00546875 0.00546875
3 0.1421875 0.71953125 0.00546875 0.0046875
3 0.10859375 0.64453125 0.00546875 0.00703125
3 0.10078125 0.65390625 0.0046875 0.0046875
3 0.10625 0.66875 0.00703125 0.00703125
3 0.253125 0.69921875 0.0109375 0.00859375
4 0.7140625 0.7484375 0.01171875 0.009375
3 0.5625 0.8453125 0.01015625 0.00546875
3 0.575 0.8640625 0.00546875 0.00390625
2 0.34375 0.72734375 0.01796875 0.0171875
3 0.18046875 0.14140625 0.01484375 0.01171875
3 0.2203125 0.28515625 0.00703125 0.00703125
3 0.44765625 0.290625 0.02265625 0.01484375
4 0.18828125 0.20546875 0.01015625 0.009375
3 0.5890625 0.29375 0.01640625 0.01015625
3 0.91640625 0.35078125 0.00859375 0.009375
3 0.6234375 0.36484375 0.015625 0.0078125
3 0.06953125 0.4109375 0.00625 0.01015625
3 0.91328125 0.4078125 0.00703125 0.00625
3 0.93046875 0.415625 0.00546875 0.0046875
3 0.93046875 0.41015625 0.0046875 0.00390625
3 0.93671875 0.44609375 0.009375 0.00703125
3 0.92109375 0.44609375 0.00703125 0.00546875
4 0.80703125 0.7265625 0.03046875 0.01875
2 0.1421875 0.6015625 0.0359375 0.02109375
3 0.22265625 0.7859375 0.02265625 0.015625
3 0.2578125 0.84765625 0.01796875 0.0109375
3 0.2046875 0.59453125 0.015625 0.0078125
3 0.6921875 0.23046875 0.01875 0.0109375
3 0.975 0.5265625 0.00703125 0.009375
3 0.76328125 0.28984375 0.01015625 0.00703125
3 0.953125 0.46640625 0.01015625 0.0140625
3 0.05703125 0.54609375 0.00625 0.01328125
3 0.225 0.7171875 0.00703125 0.00546875
3 0.87109375 0.7046875 0.0171875 0.015625
3 0.89609375 0.584375 0.0078125 0.0046875
3 0.29375 0.66953125 0.01171875 0.00703125