0 0.2859375 0.40859375 0.0375 0.053125
0 0.4796875 0.14296875 0.04453125 0.03671875
0 0.6171875 0.22109375 0.03984375 0.034375
0 0.6421875 0.47578125 0.01953125 0.01875
0 0.60859375 0.30859375 0.0140625 0.0140625
0 0.5984375 0.4265625 0.015625 0.01484375
0 0.4359375 0.55390625 0.01796875 0.015625
0 0.39921875 0.3328125 0.01796875 0.01640625
0 0.54375 0.403125 0.015625 0.01484375
0 0.5140625 0.5046875 0.0171875 0.01484375
0 0.61015625 0.5875 0.015625 0.015625
0 0.353125 0.29140625 0.0171875 0.01484375
0 0.3234375 0.55390625 0.01796875 0.01484375
0 0.43515625 0.37109375 0.0171875 0.015625
0 0.5140625 0.440625 0.01875 0.015625
0 0.7625 0.64375 0.0140625 0.01328125
0 0.6578125 0.53515625 0.01640625 0.01484375
0 0.56796875 0.58515625 0.0171875 0.01640625
0 0.796875 0.41484375 0.01640625 0.01484375
0 0.42421875 0.496875 0.0171875 0.01640625
0 0.7484375 0.46875 0.015625 0.0140625
0 0.484375 0.3109375 0.01640625 0.01484375
0 0.32890625 0.46328125 0.01875 0.01796875
0 0.6046875 0.3625 0.01796875 0.01640625
0 0.67578125 0.59765625 0.01875 0.0140625
0 0.71015625 0.503125 0.0171875 0.01484375
0 0.66171875 0.4171875 0.01640625 0.01484375
0 0.77109375 0.35234375 0.01796875 0.01484375
0 0.41953125 0.25234375 0.01640625 0.01484375
0 0.58125 0.459375 0.01875 0.015625
0 0.23671875 0.496875 0.01796875 0.015625
0 0.7953125 0.56640625 0.0203125 0.01484375
0 0.69453125 0.3265625 0.01640625 0.015625
0 0.3484375 0.3671875 0.01875 0.0171875
0 0.478125 0.45390625 0.01875 0.0171875
0 0.471875 0.390625 0.01796875 0.01640625
0 0.7328125 0.4234375 0.01953125 0.01640625
0 0.65703125 0.2875 0.01796875 0.01640625
0 0.67265625 0.1890625 0.01640625 0.015625
0 0.45078125 0.203125 0.0171875 0.01640625
0 0.80859375 0.4703125 0.01796875 0.015625
0 0.7953125 0.521875 0.0171875 0.0171875
0 0.3828125 0.46796875 0.01953125 0.01796875
0 0.8609375 0.48125 0.01796875 0.01640625
0 0.6890625 0.6359375 0.01875 0.0171875
0 0.55390625 0.3109375 0.01796875 0.01640625
0 0.75546875 0.61484375 0.01796875 0.01640625
0 0.8765625 0.55 0.01875 0.0171875
0 0.84609375 0.39765625 0.0171875 0.015625
0 0.51484375 0.21875 0.01796875 0.01640625
0 0.7453125 0.29296875 0.01796875 0.01640625
0 0.7 0.23046875 0.01875 0.0171875
0 0.26328125 0.59609375 0.01875 0.01796875
0 0.56328125 0.1734375 0.0203125 0.0203125