0 0.51484375 0.14140625 0.02734375 0.01875
0 0.48671875 0.21875 0.01875 0.0234375
0 0.4359375 0.17421875 0.0140625 0.02109375
0 0.7109375 0.409375 0.01484375 0.0203125
0 0.66875 0.4640625 0.0203125 0.0234375
0 0.61484375 0.4671875 0.02265625 0.0296875
0 0.5296875 0.38984375 0.0328125 0.0265625
0 0.39453125 0.3609375 0.02265625 0.0171875
0 0.51875 0.4546875 0.01015625 0.0203125
0 0.4109375 0.4609375 0.0234375 0.01640625
0 0.4421875 0.31171875 0.02265625 0.02109375
0 0.3234375 0.1921875 0.0203125 0.02109375
0 0.34140625 0.2890625 0.0234375 0.01640625
0 0.30546875 0.328125 0.0265625 0.01640625
0 0.253125 0.2921875 0.03359375 0.0296875
0 0.5453125 0.2109375 0.01875 0.02265625
0 0.3390625 0.534375 0.02265625 0.01484375
0 0.328125 0.50390625 0.01484375 0.01484375
0 0.23203125 0.52890625 0.02265625 0.0125
0 0.43984375 0.4328125 0.0140625 0.0078125
0 0.4515625 0.4734375 0.0125 0.0125
0 0.48671875 0.4390625 0.0140625 0.01015625
0 0.48203125 0.5015625 0.0125 0.01484375
0 0.465625 0.52734375 0.00859375 0.00859375
0 0.56796875 0.5546875 0.02890625 0.01640625
0 0.56796875 0.4984375 0.0265625 0.0171875
0 0.6078125 0.3296875 0.0234375 0.0203125
0 0.5671875 0.3640625 0.0234375 0.0171875
0 0.5140625 0.3140625 0.0171875 0.0171875
0 0.38125 0.34140625 0.01640625 0.0140625
0 0.3390625 0.415625 0.0203125 0.0171875
0 0.2921875 0.5046875 0.0203125 0.01484375
0 0.25078125 0.46484375 0.01875 0.01640625
0 0.27421875 0.4234375 0.02265625 0.0109375
0 0.1984375 0.41484375 0.01875 0.0140625
0 0.1546875 0.39765625 0.02109375 0.0171875
0 0.23046875 0.346875 0.0296875 0.0234375
0 0.29609375 0.3859375 0.03125 0.0234375
0 0.14296875 0.4796875 0.0203125 0.0140625
0 0.1828125 0.47109375 0.0265625 0.0171875
0 0.17578125 0.4984375 0.0140625 0.0109375
0 0.15625 0.5125 0.01484375 0.01875
0 0.11875 0.553125 0.01484375 0.0171875
0 0.146875 0.53515625 0.0140625 0.01640625
0 0.2046875 0.5203125 0.03359375 0.0171875
0 0.2015625 0.5671875 0.0234375 0.01875
0 0.24140625 0.6078125 0.0203125 0.02109375
0 0.2390625 0.6421875 0.0171875 0.0125
0 0.3046875 0.63828125 0.02734375 0.02109375
0 0.3203125 0.59453125 0.0203125 0.0234375
0 0.3453125 0.5484375 0.02265625 0.0140625
0 0.3859375 0.5640625 0.0171875 0.0078125
0 0.3859375 0.5828125 0.02265625 0.01484375
0 0.4359375 0.5859375 0.03515625 0.01484375
0 0.3984375 0.609375 0.03515625 0.01484375
0 0.45234375 0.5140625 0.01875 0.0140625
0 0.42734375 0.5 0.0171875 0.01484375
0 0.3890625 0.51015625 0.02265625 0.0109375
0 0.675 0.55 0.01640625 0.0203125
0 0.74609375 0.59453125 0.03984375 0.01640625
0 0.76953125 0.49765625 0.02890625 0.0203125
0 0.703125 0.50703125 0.0265625 0.01640625
0 0.6234375 0.4015625 0.0234375 0.0203125
0 0.5625 0.4171875 0.02265625 0.0109375
0 0.56875 0.4453125 0.0171875 0.01484375
0 0.45859375 0.37265625 0.02265625 0.0203125
0 0.48046875 0.3375 0.0203125 0.01640625
0 0.46015625 0.26328125 0.025 0.0171875
0 0.38984375 0.30703125 0.0203125 0.0234375
0 0.38515625 0.2765625 0.02265625 0.0140625
0 0.38046875 0.2203125 0.0296875 0.0140625
0 0.29609375 0.22890625 0.0265625 0.0203125
0 0.6421875 0.29140625 0.0296875 0.01875
0 0.575 0.253125 0.025 0.01875
0 0.25234375 0.40234375 0.01640625 0.01484375
0 0.584375 0.30078125 0.0328125 0.01640625
0 0.2984375 0.46328125 0.01640625 0.01484375
0 0.3234375 0.44453125 0.0203125 0.0140625
0 0.3421875 0.4625 0.01640625 0.02109375
0 0.35703125 0.47265625 0.0203125 0.02265625
0 0.4078125 0.42578125 0.02265625 0.0140625
0 0.36796875 0.4453125 0.0109375 0.01015625