4 0.40078125 0.45546875 0.05 0.059375
4 0.57890625 0.27890625 0.025 0.0296875
4 0.625 0.35703125 0.025 0.0265625
4 0.56171875 0.540625 0.021875 0.0234375
4 0.4421875 0.528125 0.0171875 0.015625
4 0.471875 0.5640625 0.0234375 0.025
4 0.4140625 0.5515625 0.0234375 0.0265625
4 0.36953125 0.48515625 0.0234375 0.028125
4 0.5125 0.64765625 0.0296875 0.028125
4 0.63046875 0.7578125 0.0328125 0.0390625
4 0.60078125 0.671875 0.034375 0.0484375
4 0.7875 0.35859375 0.0296875 0.03125
4 0.38515625 0.3 0.034375 0.0296875
4 0.89609375 0.3765625 0.025 0.0515625
4 0.746875 0.48046875 0.0203125 0.01875
4 0.4671875 0.6546875 0.0265625 0.028125
4 0.2640625 0.328125 0.0234375 0.028125
4 0.19609375 0.1734375 0.021875 0.025
4 0.4234375 0.38203125 0.025 0.0234375