4 0.40078125 0.54453125 0.05 0.059375
4 0.57890625 0.72109375 0.025 0.028125
4 0.625 0.64296875 0.025 0.0265625
4 0.56171875 0.459375 0.021875 0.0234375
4 0.4421875 0.471875 0.0171875 0.015625
4 0.471875 0.4359375 0.0234375 0.025
4 0.4140625 0.4484375 0.0234375 0.025
4 0.36953125 0.51484375 0.025 0.028125
4 0.5125 0.35234375 0.0296875 0.028125
4 0.63046875 0.2421875 0.03125 0.0375
4 0.60078125 0.328125 0.034375 0.0484375
4 0.7875 0.64140625 0.0296875 0.03125
4 0.38515625 0.7 0.034375 0.0296875
4 0.89609375 0.6234375 0.025 0.0515625
4 0.746875 0.51953125 0.0203125 0.01875
4 0.4671875 0.3453125 0.0265625 0.028125
4 0.2640625 0.671875 0.0234375 0.028125
4 0.19609375 0.8265625 0.021875 0.025
4 0.4234375 0.61796875 0.025 0.0234375