4 0.3328125 0.12421875 0.025 0.0265625
4 0.2171875 0.109375 0.0296875 0.0328125
4 0.24609375 0.14140625 0.0234375 0.0203125
4 0.36015625 0.19453125 0.0234375 0.0234375
4 0.3328125 0.196875 0.0234375 0.01875
4 0.3015625 0.16640625 0.0234375 0.028125
4 0.27734375 0.1734375 0.028125 0.021875
4 0.259375 0.20390625 0.0203125 0.021875
4 0.184375 0.23359375 0.025 0.0234375
4 0.4015625 0.1734375 0.0515625 0.040625
4 0.41953125 0.209375 0.0375 0.0390625
4 0.4421875 0.178125 0.021875 0.025
4 0.35078125 0.05859375 0.03125 0.03125
4 0.38125 0.0375 0.0203125 0.0203125
4 0.38359375 0.7140625 0.0296875 0.040625
4 0.57734375 0.6859375 0.025 0.025
4 0.45625 0.6578125 0.0234375 0.0203125
4 0.6484375 0.646875 0.028125 0.0421875
4 0.66640625 0.71640625 0.01875 0.0234375
4 0.5359375 0.82734375 0.0390625 0.0390625
4 0.47734375 0.8796875 0.015625 0.0234375
4 0.50703125 0.8859375 0.01875 0.0203125
4 0.453125 0.8078125 0.0234375 0.0203125
4 0.3671875 0.15 0.03125 0.0328125