3 0.45625 0.31328125 0.01015625 0.00703125
3 0.6125 0.30546875 0.01015625 0.00859375
3 0.74765625 0.209375 0.01328125 0.00703125
3 0.8765625 0.32734375 0.009375 0.00703125
3 0.89921875 0.33515625 0.00546875 0.00703125
3 0.77265625 0.39609375 0.00546875 0.0046875
4 0.146875 0.25703125 0.0171875 0.0125
4 0.18671875 0.36171875 0.01953125 0.0125
3 0.325 0.8921875 0.01015625 0.00859375
3 0.64296875 0.8328125 0.0078125 0.00625
3 0.271875 0.71171875 0.01484375 0.01171875
3 0.06796875 0.70859375 0.00703125 0.00703125
3 0.2734375 0.84921875 0.0140625 0.00703125
3 0.2890625 0.84296875 0.009375 0.00859375
2 0.87578125 0.725 0.01953125 0.025
3 0.91796875 0.67109375 0.01328125 0.01640625
3 0.90546875 0.71640625 0.0125 0.01328125
3 0.6125 0.36484375 0.01640625 0.009375
3 0.4265625 0.33203125 0.01171875 0.009375
3 0.85390625 0.3671875 0.015625 0.015625
3 0.88984375 0.36015625 0.01328125 0.0125
3 0.5546875 0.71796875 0.01953125 0.01796875
3 0.23828125 0.1046875 0.009375 0.00625
3 0.0953125 0.7140625 0.01015625 0.0109375
3 0.4 0.2125 0.0234375 0.01796875
3 0.51796875 0.16875 0.009375 0.00703125
3 0.61875 0.19453125 0.0109375 0.0078125
3 0.82734375 0.2390625 0.00625 0.00546875
3 0.52265625 0.39140625 0.00703125 0.00703125
3 0.440625 0.57265625 0.028125 0.01953125
3 0.10625 0.75859375 0.00859375 0.00859375
3 0.7953125 0.16875 0.00703125 0.00625
3 0.43828125 0.50546875 0.00546875 0.0046875