4 0.92109375 0.88515625 0.046875 0.0421875
4 0.1296875 0.2625 0.0890625 0.0875
4 0.20234375 0.328125 0.040625 0.0640625
4 0.0484375 0.1125 0.0765625 0.075
4 0.16171875 0.40859375 0.046875 0.059375
4 0.1640625 0.34140625 0.0390625 0.040625
4 0.26328125 0.421875 0.034375 0.0375
4 0.11796875 0.15234375 0.059375 0.075
4 0.17734375 0.1859375 0.03125 0.028125
4 0.13515625 0.08984375 0.0421875 0.0375
4 0.11015625 0.03515625 0.040625 0.0375
4 0.21796875 0.09765625 0.0375 0.040625
4 0.1171875 0.45625 0.0328125 0.025
4 0.30234375 0.62734375 0.03125 0.0375
4 0.27109375 0.5984375 0.03125 0.0375
4 0.25546875 0.63828125 0.03125 0.028125
4 0.2453125 0.51875 0.046875 0.025
4 0.0359375 0.246875 0.034375 0.0265625
4 0.03203125 0.46328125 0.028125 0.0359375
4 0.02578125 0.509375 0.028125 0.03125
4 0.02734375 0.284375 0.03125 0.034375
4 0.4796875 0.6515625 0.025 0.025