3 0.17578125 0.42890625 0.01640625 0.0109375
4 0.090625 0.48671875 0.01953125 0.01875
2 0.02578125 0.58515625 0.02734375 0.04765625
3 0.1421875 0.6453125 0.0265625 0.02421875
4 0.1265625 0.73671875 0.01484375 0.0140625
4 0.96015625 0.58125 0.0140625 0.0140625
2 0.05 0.071875 0.03984375 0.05234375
3 0.04375 0.11640625 0.01328125 0.0140625
3 0.1875 0.5296875 0.0203125 0.01484375
4 0.096875 0.58671875 0.0140625 0.01171875
3 0.05625 0.5421875 0.00703125 0.00625
3 0.865625 0.55859375 0.00859375 0.0078125
3 0.096875 0.00546875 0.0125 0.0109375
3 0.9125 0.77265625 0.01015625 0.009375
3 0.2390625 0.73671875 0.01796875 0.01171875
3 0.10234375 0.63828125 0.0109375 0.009375
2 0.01171875 0.59296875 0.0234375 0.0453125
3 0.81484375 0.49296875 0.01171875 0.01171875
3 0.90234375 0.62265625 0.0109375 0.01015625
3 0.03984375 0.4796875 0.0109375 0.01171875
3 0.571875 0.41328125 0.0125 0.01015625