3 0.23671875 0.034375 0.01640625 0.0109375
3 0.3546875 0.07265625 0.00859375 0.00546875
3 0.38125 0.065625 0.01484375 0.01015625
3 0.39375 0.06015625 0.0125 0.00625
3 0.3796875 0.12421875 0.015625 0.0125
3 0.38671875 0.1171875 0.01328125 0.00859375
4 0.6015625 0.61015625 0.01796875 0.01171875
4 0.60625 0.63125 0.01015625 0.00625
4 0.1515625 0.7640625 0.021875 0.01875
3 0.2390625 0.86640625 0.0125 0.009375
3 0.32421875 0.82109375 0.025 0.01796875
4 0.8984375 0.63359375 0.01484375 0.01171875
3 0.92265625 0.63828125 0.01328125 0.01484375
3 0.03203125 0.54609375 0.0203125 0.01640625
3 0.0234375 0.59375 0.0125 0.0109375
3 0.0921875 0.61953125 0.0140625 0.009375
3 0.01796875 0.6265625 0.00625 0.00625
3 0.02265625 0.621875 0.00546875 0.009375
3 0.11640625 0.55546875 0.01796875 0.0109375
3 0.25546875 0.14296875 0.00859375 0.00625
3 0.3390625 0.15234375 0.0140625 0.01015625
3 0.725 0.125 0.01484375 0.009375
3 0.73984375 0.06171875 0.015625 0.01171875
3 0.78671875 0.10078125 0.01484375 0.0109375
3 0.82734375 0.13359375 0.0125 0.0109375
3 0.79453125 0.1703125 0.0109375 0.00703125
3 0.6796875 0.13046875 0.01484375 0.01015625
4 0.93515625 0.5375 0.009375 0.009375
3 0.94296875 0.64609375 0.01328125 0.025
4 0.5375 0.84765625 0.0140625 0.01015625
3 0.13984375 0.078125 0.01796875 0.01171875
4 0.62890625 0.1140625 0.00859375 0.0078125
3 0.6203125 0.11640625 0.01015625 0.00625
3 0.6484375 0.15390625 0.01328125 0.0078125
3 0.96640625 0.4734375 0.0109375 0.0171875
3 0.98828125 0.47890625 0.0078125 0.01796875
3 0.3375 0.03046875 0.0125 0.00546875
3 0.0421875 0.678125 0.009375 0.0109375
3 0.90546875 0.1796875 0.00703125 0.009375
3 0.91796875 0.2140625 0.00703125 0.01171875
3 0.96328125 0.325 0.00546875 0.00703125
3 0.02890625 0.2171875 0.0109375 0.01015625
3 0.00546875 0.2578125 0.00546875 0.0078125
3 0.0234375 0.2609375 0.0125 0.01796875
3 0.93046875 0.240625 0.00703125 0.0125
3 0.9328125 0.2171875 0.0046875 0.0046875
3 0.9421875 0.23359375 0.00546875 0.00546875
3 0.9546875 0.25546875 0.00546875 0.0078125
3 0.95078125 0.26640625 0.0046875 0.00546875
3 0.9703125 0.3296875 0.00546875 0.009375
2 0.9 0.5984375 0.03359375 0.028125
4 0.440625 0.85859375 0.00703125 0.00625
3 0.45859375 0.6109375 0.01875 0.01796875
3 0.0046875 0.5265625 0.00859375 0.01640625
3 0.00703125 0.63671875 0.0125 0.0171875
3 0.0515625 0.73671875 0.01171875 0.0140625
3 0.9234375 0.13046875 0.01171875 0.01171875