4 0.72265625 0.6078125 0.021875 0.01640625
4 0.1046875 0.13828125 0.015625 0.0109375
3 0.040625 0.08515625 0.009375 0.01015625
3 0.0921875 0.065625 0.0109375 0.0078125
3 0.05859375 0.06484375 0.01171875 0.00625
3 0.36015625 0.040625 0.01953125 0.00859375
3 0.740625 0.053125 0.0125 0.0078125
3 0.86640625 0.03203125 0.01015625 0.0109375
3 0.8609375 0.11953125 0.01875 0.015625
3 0.91171875 0.1515625 0.0171875 0.01796875
3 0.88515625 0.11328125 0.01328125 0.01328125
3 0.7 0.1234375 0.0109375 0.00703125
3 0.64140625 0.03359375 0.009375 0.00703125
3 0.70078125 0.015625 0.0109375 0.0078125
3 0.7953125 0.00546875 0.01484375 0.009375
3 0.953125 0.21796875 0.01484375 0.01640625
3 0.92578125 0.27890625 0.01015625 0.0109375
3 0.9765625 0.2875 0.0109375 0.0109375
3 0.93984375 0.2171875 0.00859375 0.00859375
3 0.9875 0.3625 0.01015625 0.01328125
3 0.959375 0.36875 0.01484375 0.0125
4 0.90078125 0.62578125 0.0109375 0.0109375
4 0.7578125 0.69296875 0.02109375 0.0171875
3 0.5671875 0.7359375 0.03359375 0.02578125
3 0.55859375 0.70703125 0.034375 0.025
4 0.5 0.72890625 0.01796875 0.01328125
4 0.5046875 0.7109375 0.01484375 0.01484375
4 0.4359375 0.72421875 0.01875 0.0125
4 0.44453125 0.7328125 0.01484375 0.01015625
3 0.365625 0.7375 0.015625 0.015625
3 0.17265625 0.746875 0.01640625 0.01484375
4 0.3171875 0.54453125 0.009375 0.00859375
3 0.93515625 0.659375 0.01953125 0.01953125
3 0.94296875 0.6375 0.00625 0.00859375
4 0.821875 0.7671875 0.0109375 0.015625
3 0.88671875 0.765625 0.01484375 0.0140625
3 0.84140625 0.8375 0.021875 0.01484375
3 0.83125 0.859375 0.009375 0.0140625
3 0.803125 0.8640625 0.01015625 0.01015625
3 0.746875 0.915625 0.03515625 0.03046875
4 0.39453125 0.921875 0.01171875 0.0078125
3 0.16796875 0.7640625 0.0078125 0.0078125
3 0.21796875 0.85234375 0.015625 0.0109375
3 0.9140625 0.5609375 0.025 0.01953125
3 0.909375 0.73828125 0.009375 0.0125
3 0.88828125 0.74140625 0.0078125 0.00546875
4 0.63984375 0.69296875 0.0125 0.00859375
4 0.315625 0.69765625 0.0109375 0.00859375
3 0.809375 0.11640625 0.00859375 0.00625
3 0.903125 0.1046875 0.0109375 0.0078125
3 0.128125 0.046875 0.01328125 0.009375
3 0.02734375 0.1828125 0.0078125 0.0078125
3 0.02265625 0.1640625 0.00703125 0.00703125
3 0.00859375 0.35 0.01015625 0.01171875
3 0.13515625 0.79609375 0.0078125 0.00625
3 0.14140625 0.78828125 0.0078125 0.00625
3 0.140625 0.84296875 0.0125 0.0109375
4 0.1453125 0.803125 0.00859375 0.00703125
4 0.4234375 0.9484375 0.01171875 0.0078125
3 0.27890625 0.03515625 0.01328125 0.0078125
3 0.9609375 0.26796875 0.009375 0.00859375
3 0.7546875 0.81171875 0.015625 0.0125
3 0.76796875 0.8546875 0.01015625 0.009375
3 0.20703125 0.79375 0.00703125 0.0078125
3 0.08046875 0.721875 0.0109375 0.0140625
3 0.01328125 0.61484375 0.01328125 0.009375
3 0.0578125 0.50234375 0.015625 0.01328125
3 0.15234375 0.8375 0.009375 0.0078125
3 0.32734375 0.8734375 0.0125 0.0125
3 0.24921875 0.7828125 0.01328125 0.01171875
3 0.83046875 0.6859375 0.01171875 0.01015625
3 0.98125 0.55078125 0.0078125 0.01015625
3 0.03046875 0.13828125 0.009375 0.009375
3 0.00625 0.15234375 0.00703125 0.00859375
4 0.84375 0.859375 0.00703125 0.0078125
3 0.78359375 0.91484375 0.0140625 0.01171875
4 0.496875 0.8890625 0.01484375 0.00625