4 0.4203125 0.62890625 0.03359375 0.02890625
4 0.3890625 0.578125 0.0109375 0.01171875
4 0.74453125 0.621875 0.021875 0.0203125
2 0.721875 0.75546875 0.05390625 0.04140625
2 0.36015625 0.7859375 0.04921875 0.02578125
2 0.59921875 0.36171875 0.0625 0.028125
2 0.66328125 0.03984375 0.0640625 0.0421875
3 0.65234375 0.64453125 0.01640625 0.0171875
4 0.42265625 0.859375 0.01796875 0.0140625
4 0.496875 0.86328125 0.01640625 0.01328125
4 0.35390625 0.81875 0.0140625 0.009375
3 0.20703125 0.05234375 0.02734375 0.0171875
4 0.6859375 0.76484375 0.01328125 0.01015625
3 0.75703125 0.76484375 0.025 0.01953125
3 0.78125 0.77578125 0.01796875 0.0140625
4 0.653125 0.5765625 0.0109375 0.00703125
3 0.86953125 0.56640625 0.01171875 0.01015625
3 0.44609375 0.46796875 0.05390625 0.04140625
3 0.55859375 0.41171875 0.028125 0.01640625
3 0.69453125 0.64375 0.02265625 0.01640625
3 0.2984375 0.5265625 0.015625 0.01015625
3 0.46875 0.7984375 0.03203125 0.01171875
3 0.50390625 0.85546875 0.0171875 0.0109375
3 0.575 0.85 0.0140625 0.0125
3 0.70625 0.82578125 0.02109375 0.01640625
3 0.225 0.7296875 0.02109375 0.01484375
3 0.59140625 0.56640625 0.02578125 0.0125
3 0.6484375 0.38828125 0.0171875 0.0140625
3 0.6265625 0.4296875 0.0203125 0.01484375
3 0.6 0.23046875 0.01953125 0.01015625
3 0.80546875 0.75859375 0.01015625 0.0078125
3 0.109375 0.14140625 0.03046875 0.0234375
3 0.75078125 0.6421875 0.021875 0.0203125
3 0.45078125 0.8265625 0.01640625 0.009375
3 0.76015625 0.7453125 0.0171875 0.0140625
3 0.671875 0.4890625 0.015625 0.01171875
3 0.46640625 0.3890625 0.0171875 0.00859375
3 0.815625 0.771875 0.0171875 0.0140625
2 0.3171875 0.5734375 0.04453125 0.05546875