0 0.5296875 0.3453125 0.021875 0.03515625
0 0.4984375 0.40703125 0.01796875 0.02734375
0 0.4796875 0.4046875 0.015625 0.028125
0 0.5171875 0.27578125 0.01328125 0.025
0 0.4875 0.24921875 0.0140625 0.0234375
0 0.478125 0.3375 0.01484375 0.03203125
0 0.48828125 0.465625 0.01484375 0.02578125
0 0.51796875 0.45703125 0.0140625 0.0265625
0 0.50078125 0.3046875 0.0140625 0.02578125
0 0.5375 0.30078125 0.01484375 0.0296875
0 0.5484375 0.3796875 0.01796875 0.0359375
0 0.515625 0.23125 0.0140625 0.02734375
0 0.534375 0.2234375 0.0140625 0.0265625
0 0.53203125 0.4234375 0.01484375 0.02890625
0 0.4328125 0.3078125 0.01328125 0.02578125
0 0.4484375 0.2890625 0.01484375 0.02734375
0 0.55390625 0.284375 0.0125 0.025
0 0.509375 0.1484375 0.01484375 0.025
0 0.4671875 0.478125 0.01484375 0.0265625
0 0.45234375 0.23046875 0.01328125 0.03046875
0 0.4453125 0.42734375 0.0171875 0.040625
0 0.559375 0.5046875 0.01328125 0.02578125
0 0.521875 0.54375 0.0171875 0.03046875
0 0.5203125 0.40234375 0.0125 0.021875
0 0.55390625 0.23828125 0.0140625 0.02734375
0 0.58046875 0.32109375 0.01328125 0.0296875
0 0.4203125 0.55625 0.0140625 0.03046875
0 0.4390625 0.56953125 0.01484375 0.0296875
0 0.54375 0.54765625 0.01640625 0.02890625
0 0.4859375 0.13984375 0.0171875 0.034375
0 0.52734375 0.5015625 0.015625 0.025
0 0.45703125 0.1703125 0.01484375 0.02890625
0 0.45 0.596875 0.0171875 0.0359375
0 0.528125 0.071875 0.01484375 0.02890625
0 0.4078125 0.47421875 0.01640625 0.03515625
0 0.41640625 0.37734375 0.01484375 0.034375
0 0.403125 0.41796875 0.01484375 0.03203125
0 0.5484375 0.60078125 0.01953125 0.0375
0 0.590625 0.18125 0.01328125 0.028125
0 0.5984375 0.2390625 0.01015625 0.0265625
0 0.4390625 0.640625 0.01328125 0.02578125
0 0.48203125 0.5765625 0.025 0.0578125
0 0.59296875 0.08359375 0.01171875 0.0265625
0 0.70625 0.40390625 0.01796875 0.028125
0 0.56484375 0.04296875 0.0203125 0.03046875
0 0.59296875 0.36953125 0.0140625 0.04140625
0 0.5859375 0.6078125 0.01484375 0.0265625
0 0.5859375 0.49921875 0.01484375 0.02890625
0 0.49375 0.51796875 0.03359375 0.09453125
0 0.58984375 0.64921875 0.01640625 0.034375
0 0.534375 0.01796875 0.015625 0.02421875
0 0.43984375 0.15703125 0.01953125 0.03203125
0 0.45 0.73125 0.02109375 0.04375
0 0.4921875 0.0171875 0.0140625 0.02421875
0 0.49453125 0.628125 0.03359375 0.08359375
0 0.70078125 0.01953125 0.0265625 0.028125
0 0.6140625 0.67890625 0.01484375 0.0515625