0 0.53984375 0.73828125 0.015625 0.01796875
0 0.5453125 0.49140625 0.01484375 0.0171875
0 0.67890625 0.63046875 0.01640625 0.02265625
0 0.56640625 0.73359375 0.01484375 0.021875
0 0.26171875 0.490625 0.0171875 0.025
0 0.3546875 0.69609375 0.01640625 0.02109375
0 0.44453125 0.209375 0.0171875 0.01875
0 0.4453125 0.33984375 0.01484375 0.02265625
0 0.29609375 0.7015625 0.021875 0.0265625
0 0.3453125 0.2140625 0.01796875 0.02109375
0 0.4171875 0.403125 0.01875 0.0234375
0 0.66484375 0.5640625 0.0125 0.01796875
0 0.61015625 0.6421875 0.025 0.0296875
0 0.49921875 0.76875 0.0125 0.01796875
0 0.7140625 0.70546875 0.0171875 0.02421875
0 0.7953125 0.47421875 0.015625 0.0203125
0 0.31171875 0.284375 0.02421875 0.03515625
0 0.62734375 0.82578125 0.0171875 0.01953125
0 0.2265625 0.18046875 0.015625 0.02109375
0 0.19921875 0.3703125 0.01640625 0.01953125
0 0.93828125 0.46796875 0.0171875 0.02109375
0 0.34921875 0.4515625 0.021875 0.02578125
0 0.6265625 0.5546875 0.02421875 0.04140625
0 0.41640625 0.921875 0.01328125 0.01875
0 0.2828125 0.096875 0.0171875 0.02265625
0 0.440625 0.4421875 0.02109375 0.02734375
0 0.24921875 0.21953125 0.0140625 0.01875
0 0.39765625 0.55625 0.02421875 0.03828125
0 0.6734375 0.85859375 0.02109375 0.02109375
0 0.53984375 0.39140625 0.01953125 0.0265625
0 0.15 0.57265625 0.02578125 0.03359375
0 0.71953125 0.80546875 0.01484375 0.01796875
0 0.23046875 0.3328125 0.015625 0.0265625
0 0.61328125 0.7734375 0.025 0.02734375
0 0.44453125 0.13984375 0.028125 0.05078125
0 0.57109375 0.6671875 0.0203125 0.02578125
0 0.87578125 0.475 0.01796875 0.0359375
0 0.396875 0.9703125 0.01953125 0.02734375
0 0.63984375 0.6234375 0.0125 0.015625
0 0.69765625 0.7421875 0.01484375 0.01875
0 0.66328125 0.79765625 0.015625 0.0203125