4 0.5375 0.16796875 0.01328125 0.0109375
4 0.55703125 0.2890625 0.0109375 0.00859375
3 0.9578125 0.41015625 0.0109375 0.01640625
4 0.0421875 0.41953125 0.01484375 0.02421875
3 0.67421875 0.84453125 0.0125 0.0109375
3 0.78046875 0.6875 0.01015625 0.0078125
3 0.82890625 0.83828125 0.01484375 0.0109375
3 0.9125 0.80078125 0.0078125 0.0078125
3 0.10078125 0.5703125 0.0140625 0.01328125
3 0.07734375 0.56875 0.0109375 0.0109375
4 0.446875 0.14921875 0.009375 0.00703125
3 0.38125 0.12734375 0.02421875 0.01796875
3 0.0890625 0.7578125 0.01328125 0.01640625
3 0.3671875 0.30078125 0.0109375 0.009375
3 0.3640625 0.29140625 0.0078125 0.0078125
3 0.14375 0.76015625 0.0109375 0.009375
3 0.76953125 0.77421875 0.01171875 0.01015625
3 0.9625 0.4921875 0.00546875 0.00625
3 0.834375 0.2734375 0.0171875 0.01328125
3 0.759375 0.8984375 0.01015625 0.0078125
3 0.85546875 0.7328125 0.0140625 0.015625
3 0.60078125 0.315625 0.0109375 0.00859375
3 0.9 0.315625 0.0125 0.01171875
3 0.9359375 0.33203125 0.00625 0.0078125
3 0.19375 0.6453125 0.01328125 0.01484375
3 0.11796875 0.6796875 0.01171875 0.009375
3 0.075 0.72421875 0.00859375 0.01015625
3 0.1015625 0.70234375 0.00859375 0.00703125
4 0.2390625 0.771875 0.009375 0.00859375
3 0.3140625 0.81484375 0.0078125 0.00703125
3 0.30078125 0.68671875 0.0109375 0.00859375
3 0.25390625 0.68515625 0.009375 0.00703125
2 0.8171875 0.87890625 0.02890625 0.03046875
3 0.8859375 0.778125 0.0140625 0.00859375
3 0.93125 0.7640625 0.009375 0.01015625
3 0.71171875 0.6640625 0.0109375 0.00703125
3 0.734375 0.665625 0.009375 0.0109375
3 0.675 0.66171875 0.01015625 0.00703125
3 0.46015625 0.20546875 0.0171875 0.0140625
3 0.909375 0.64375 0.01015625 0.0078125
4 0.30859375 0.7671875 0.009375 0.00625