4 0.35546875 0.8109375 0.01796875 0.0109375
3 0.1765625 0.56640625 0.0234375 0.0171875
3 0.33828125 0.6625 0.0203125 0.01484375
3 0.32421875 0.58125 0.02421875 0.01875
4 0.56015625 0.47109375 0.01171875 0.009375
3 0.5109375 0.46796875 0.01796875 0.009375
3 0.96953125 0.35703125 0.00859375 0.01328125
3 0.59765625 0.65546875 0.00859375 0.0078125
3 0.015625 0.5671875 0.01171875 0.01875
3 0.8390625 0.5734375 0.0140625 0.01015625
3 0.92890625 0.61171875 0.01171875 0.0140625
4 0.64375 0.70234375 0.00703125 0.0046875
4 0.2359375 0.765625 0.0140625 0.0109375
3 0.525 0.1390625 0.009375 0.00703125
4 0.46953125 0.77265625 0.00703125 0.00703125