3 0.509375 0.37265625 0.028125 0.03046875
2 0.55078125 0.3015625 0.0671875 0.046875
3 0.42578125 0.31796875 0.028125 0.01875
2 0.25390625 0.859375 0.065625 0.03359375
2 0.72265625 0.8890625 0.096875 0.05234375
3 0.33671875 0.20859375 0.00859375 0.00703125
3 0.8734375 0.54609375 0.01953125 0.01640625
4 0.02265625 0.4578125 0.009375 0.00703125
2 0.925 0.3796875 0.0765625 0.11015625
2 0.9140625 0.7046875 0.03359375 0.05859375
3 0.17421875 0.14765625 0.01484375 0.01171875
3 0.353125 0.8890625 0.00859375 0.00546875
3 0.35078125 0.8953125 0.00703125 0.00625
3 0.53203125 0.88515625 0.02890625 0.01796875
3 0.7921875 0.57265625 0.01015625 0.00703125
3 0.1765625 0.08515625 0.0078125 0.00625
3 0.1671875 0.06171875 0.00859375 0.00859375
2 0.93984375 0.484375 0.03828125 0.05625
3 0.92734375 0.44609375 0.02578125 0.01953125
4 0.56640625 0.90390625 0.01171875 0.01015625
3 0.02578125 0.36015625 0.00859375 0.01015625
3 0.8015625 0.0609375 0.00703125 0.0046875
3 0.753125 0.74765625 0.01015625 0.0078125