4 0.3875 0.31640625 0.01796875 0.0125
4 0.409375 0.1453125 0.0265625 0.01484375
4 0.66875 0.12734375 0.025 0.01015625
3 0.1375 0.559375 0.0265625 0.02109375
3 0.8078125 0.67578125 0.0203125 0.01484375
3 0.59921875 0.1921875 0.021875 0.01328125
3 0.8734375 0.58671875 0.0140625 0.01328125
3 0.20390625 0.10625 0.0359375 0.0234375
4 0.909375 0.640625 0.009375 0.00859375
3 0.63046875 0.121875 0.03515625 0.0078125
3 0.1515625 0.21015625 0.01484375 0.01171875
3 0.9609375 0.49140625 0.01640625 0.01328125
3 0.86953125 0.659375 0.01875 0.0140625
3 0.9703125 0.359375 0.01875 0.021875
3 0.8703125 0.540625 0.03359375 0.01796875
3 0.15625 0.58203125 0.02578125 0.02109375
2 0.07578125 0.59296875 0.0203125 0.03203125
3 0.15546875 0.159375 0.00703125 0.0078125
3 0.29453125 0.13828125 0.01328125 0.00859375
3 0.259375 0.146875 0.01328125 0.00625
3 0.51640625 0.21171875 0.01953125 0.01171875
4 0.55 0.23828125 0.01015625 0.00546875
3 0.55859375 0.18671875 0.0078125 0.00546875
3 0.5765625 0.190625 0.0125 0.00703125
3 0.49140625 0.27109375 0.01015625 0.00703125
3 0.14921875 0.69296875 0.009375 0.0078125
3 0.0953125 0.6734375 0.00859375 0.00703125
3 0.09296875 0.68203125 0.00625 0.00859375
3 0.88359375 0.6265625 0.01484375 0.0109375
3 0.86171875 0.60859375 0.01484375 0.01015625
3 0.871875 0.57265625 0.009375 0.0078125
3 0.90859375 0.56328125 0.01015625 0.0078125
3 0.96171875 0.4765625 0.01484375 0.0109375
3 0.35859375 0.134375 0.0078125 0.00703125
3 0.44375 0.2265625 0.0453125 0.025
3 0.98046875 0.48515625 0.0109375 0.01484375
3 0.8515625 0.6953125 0.015625 0.01171875
3 0.93125 0.7125 0.00859375 0.0109375
3 0.83671875 0.76640625 0.0109375 0.00703125
3 0.05234375 0.34375 0.0109375 0.0203125
3 0.3 0.17421875 0.0109375 0.00625
3 0.2140625 0.80234375 0.00546875 0.0046875
3 0.125 0.74375 0.0109375 0.0125
3 0.16015625 0.775 0.01328125 0.0109375