3 0.18046875 0.165625 0.02578125 0.01640625
3 0.1828125 0.25234375 0.01328125 0.009375
3 0.0671875 0.28828125 0.01328125 0.0140625
3 0.2421875 0.65078125 0.0203125 0.0140625
3 0.41640625 0.64921875 0.01875 0.01328125
3 0.128125 0.7375 0.0171875 0.02421875
2 0.34453125 0.82265625 0.04375 0.03125
4 0.55078125 0.815625 0.021875 0.01875
4 0.5671875 0.77109375 0.01640625 0.00546875
4 0.15859375 0.73203125 0.01328125 0.009375
4 0.21328125 0.83515625 0.01015625 0.00859375
4 0.51875 0.2703125 0.00859375 0.0046875
3 0.8203125 0.75234375 0.01640625 0.01328125
3 0.2765625 0.2015625 0.01640625 0.0109375
3 0.7703125 0.23125 0.01875 0.009375
3 0.56640625 0.38203125 0.0125 0.0078125
3 0.11796875 0.4859375 0.01015625 0.00703125
3 0.225 0.659375 0.01640625 0.009375
4 0.390625 0.7578125 0.00703125 0.00546875
3 0.5296875 0.79296875 0.015625 0.00859375
3 0.54921875 0.83671875 0.021875 0.01328125
3 0.61640625 0.83203125 0.01796875 0.01171875
3 0.6015625 0.840625 0.0234375 0.01171875
3 0.9078125 0.7140625 0.01171875 0.015625
3 0.8890625 0.68359375 0.01875 0.021875
3 0.8484375 0.76015625 0.0109375 0.01484375
3 0.6765625 0.684375 0.01640625 0.01171875
3 0.19609375 0.2578125 0.01171875 0.00625
2 0.8390625 0.70703125 0.040625 0.0359375
3 0.88359375 0.76171875 0.0171875 0.01796875
3 0.88671875 0.78046875 0.01640625 0.01796875
3 0.721875 0.834375 0.021875 0.01484375
3 0.71953125 0.8578125 0.0203125 0.01640625
3 0.77109375 0.85078125 0.01015625 0.009375
3 0.30859375 0.74296875 0.01171875 0.01171875
2 0.66015625 0.8015625 0.03984375 0.028125
3 0.08515625 0.73046875 0.0125 0.01171875
3 0.903125 0.4953125 0.015625 0.009375
3 0.1828125 0.7125 0.0125 0.00703125