3 0.2921875 0.096875 0.03359375 0.01796875
3 0.8734375 0.42421875 0.02578125 0.01953125
3 0.16171875 0.50625 0.03359375 0.025
4 0.37265625 0.93125 0.02734375 0.0265625
4 0.8125 0.071875 0.0203125 0.01171875
3 0.15703125 0.65234375 0.01171875 0.01171875
3 0.38828125 0.63828125 0.01875 0.01796875
3 0.5515625 0.88984375 0.01953125 0.0125
4 0.56640625 0.49765625 0.0078125 0.00625
3 0.16015625 0.7890625 0.040625 0.03828125
3 0.99140625 0.33828125 0.01328125 0.01328125
3 0.04609375 0.32109375 0.01015625 0.0109375
4 0.10078125 0.165625 0.02578125 0.021875
3 0.0375 0.47890625 0.009375 0.00703125
3 0.9921875 0.68125 0.015625 0.028125
2 0.23671875 0.90546875 0.0328125 0.0328125
3 0.3796875 0.91328125 0.01015625 0.00703125
3 0.9484375 0.2484375 0.0109375 0.01796875
4 0.8546875 0.74765625 0.02265625 0.03359375
3 0.35078125 0.4296875 0.0078125 0.00625