3 0.18984375 0.07734375 0.01640625 0.0109375
4 0.26328125 0.13359375 0.01484375 0.0109375
3 0.2453125 0.1671875 0.01328125 0.0109375
3 0.20859375 0.18359375 0.0109375 0.01171875
3 0.34453125 0.09375 0.0140625 0.01171875
3 0.5 0.19765625 0.01640625 0.01328125
3 0.7625 0.128125 0.01328125 0.0140625
4 0.8109375 0.17421875 0.01875 0.015625
3 0.88203125 0.21953125 0.0203125 0.01484375
3 0.0125 0.60390625 0.01328125 0.0140625
3 0.05703125 0.60625 0.01875 0.01875
3 0.08203125 0.60859375 0.01953125 0.01796875
4 0.60390625 0.928125 0.0125 0.009375
4 0.83125 0.66796875 0.01484375 0.01328125
4 0.38203125 0.53828125 0.00859375 0.00703125
4 0.35859375 0.5890625 0.00859375 0.009375
4 0.36875 0.56796875 0.00703125 0.00625
4 0.33828125 0.6453125 0.0140625 0.0125
4 0.209375 0.746875 0.00859375 0.00546875
3 0.74609375 0.09296875 0.00703125 0.00546875
3 0.34375 0.21875 0.01015625 0.009375
3 0.36328125 0.27578125 0.009375 0.00703125
4 0.378125 0.2765625 0.0109375 0.0078125
3 0.3734375 0.32890625 0.01484375 0.00859375
3 0.04140625 0.571875 0.0171875 0.01875
3 0.21484375 0.609375 0.009375 0.00703125
3 0.33125 0.1078125 0.0109375 0.00859375
3 0.27421875 0.928125 0.01015625 0.00703125
3 0.24296875 0.90546875 0.00703125 0.0046875
3 0.73828125 0.203125 0.01484375 0.00859375
3 0.24140625 0.73515625 0.0140625 0.00859375
3 0.13046875 0.65625 0.01484375 0.0125
3 0.39296875 0.10546875 0.00859375 0.00546875
3 0.91171875 0.18203125 0.01796875 0.0140625
3 0.8828125 0.7859375 0.00703125 0.00703125
3 0.89140625 0.725 0.00703125 0.00625