0 0.47109375 0.1203125 0.053125 0.04375
0 0.47109375 0.0625 0.053125 0.04296875
0 0.54453125 0.07421875 0.034375 0.04453125
0 0.58046875 0.13984375 0.0484375 0.04140625
0 0.440625 0.32109375 0.04609375 0.0703125
0 0.54765625 0.27421875 0.05390625 0.065625
0 0.6484375 0.54453125 0.03359375 0.0390625
0 0.65234375 0.46875 0.04453125 0.03984375
0 0.453125 0.55078125 0.0390625 0.0375
0 0.490625 0.56171875 0.01640625 0.01953125
0 0.5078125 0.49921875 0.046875 0.03671875
0 0.50703125 0.45625 0.0171875 0.01875
0 0.62578125 0.39921875 0.03203125 0.03359375
0 0.734375 0.39296875 0.04375 0.053125
0 0.46328125 0.4609375 0.02890625 0.01953125
0 0.5171875 0.6125 0.02890625 0.0453125
0 0.55703125 0.61015625 0.028125 0.03984375
0 0.73125 0.56796875 0.025 0.02734375
0 0.80703125 0.55546875 0.0375 0.03046875
0 0.71875 0.90234375 0.04765625 0.040625
0 0.31875 0.70625 0.02890625 0.03671875
0 0.2109375 0.6015625 0.04140625 0.0421875
0 0.25859375 0.565625 0.03828125 0.03203125