0 0.57421875 0.15 0.0359375 0.0984375
0 0.71796875 0.3765625 0.0625 0.065625
0 0.65078125 0.4703125 0.04140625 0.034375
0 0.8078125 0.55625 0.02265625 0.02578125
0 0.728125 0.56953125 0.0296875 0.02421875
0 0.65078125 0.546875 0.02421875 0.028125
0 0.55625 0.61015625 0.01640625 0.02109375
0 0.62734375 0.4 0.01640625 0.021875
0 0.596875 0.67109375 0.01953125 0.02421875
0 0.51484375 0.615625 0.01953125 0.02109375
0 0.25546875 0.56328125 0.01796875 0.0234375
0 0.5046875 0.5015625 0.02109375 0.03125
0 0.315625 0.70703125 0.01875 0.021875
0 0.45625 0.55390625 0.02109375 0.02578125
0 0.3859375 0.19609375 0.0171875 0.02734375
0 0.71171875 0.9046875 0.01875 0.028125
0 0.46171875 0.46171875 0.0171875 0.0203125
0 0.540625 0.075 0.01640625 0.02109375
0 0.36640625 0.77109375 0.0171875 0.01796875
0 0.46953125 0.06484375 0.02109375 0.0296875
0 0.54140625 0.26875 0.03671875 0.05078125
0 0.475 0.12265625 0.021875 0.03359375
0 0.2109375 0.6 0.03125 0.04140625
0 0.475 0.40859375 0.0234375 0.03125
0 0.50390625 0.4546875 0.02578125 0.0328125