0 0.4859375 0.87890625 0.04375 0.04921875
0 0.4375 0.71953125 0.0390625 0.05546875
0 0.3921875 0.84296875 0.04375 0.04140625
0 0.80078125 0.4265625 0.04140625 0.05546875
0 0.41953125 0.31875 0.0390625 0.0421875
0 0.3453125 0.5078125 0.0296875 0.03125
0 0.2640625 0.58671875 0.0375 0.03828125
0 0.55703125 0.3015625 0.03046875 0.03046875
0 0.4578125 0.384375 0.0171875 0.02265625
0 0.49453125 0.4984375 0.02109375 0.02890625
0 0.5515625 0.44921875 0.01953125 0.0265625
0 0.49921875 0.38359375 0.021875 0.02421875
0 0.70625 0.3140625 0.01875 0.0234375
0 0.20390625 0.41171875 0.0171875 0.021875
0 0.33359375 0.075 0.021875 0.028125
0 0.53671875 0.54140625 0.0171875 0.01953125
0 0.27734375 0.41171875 0.01640625 0.0234375
0 0.66171875 0.24375 0.01875 0.01953125
0 0.3640625 0.58671875 0.01640625 0.02265625
0 0.58359375 0.8125 0.01640625 0.028125
0 0.75078125 0.4625 0.01796875 0.0234375
0 0.54296875 0.68125 0.02890625 0.0375
0 0.48671875 0.934375 0.0203125 0.028125
0 0.353125 0.4453125 0.03203125 0.0390625
0 0.4953125 0.784375 0.0171875 0.025
0 0.93984375 0.4359375 0.03203125 0.04140625
0 0.19453125 0.890625 0.028125 0.03203125
0 0.603125 0.71328125 0.04375 0.059375
0 0.4953125 0.51640625 0.034375 0.07734375
0 0.36796875 0.3296875 0.03203125 0.05859375
0 0.16328125 0.17109375 0.04140625 0.065625
0 0.11484375 0.30625 0.04765625 0.06015625