3 0.37265625 0.33515625 0.03046875 0.02578125
3 0.46796875 0.32265625 0.01875 0.01640625
3 0.28046875 0.77578125 0.01875 0.01640625
3 0.8265625 0.63515625 0.0140625 0.01015625
4 0.659375 0.1890625 0.01328125 0.01171875
4 0.34140625 0.67578125 0.01015625 0.00859375
3 0.48046875 0.91953125 0.0359375 0.025
3 0.396875 0.3125 0.0109375 0.01015625
3 0.621875 0.3015625 0.0125 0.0109375
3 0.4421875 0.1359375 0.0109375 0.009375
3 0.4828125 0.16640625 0.01328125 0.009375
3 0.65 0.09609375 0.01171875 0.01015625
3 0.33671875 0.92734375 0.0078125 0.0078125
3 0.81953125 0.30703125 0.01484375 0.009375