3 0.2265625 0.184375 0.01640625 0.0109375
4 0.6453125 0.14453125 0.021875 0.01484375
3 0.56171875 0.61171875 0.0234375 0.03046875
3 0.26328125 0.859375 0.01875 0.0125
3 0.22109375 0.83125 0.01484375 0.01328125
3 0.68125 0.8484375 0.01953125 0.01640625
3 0.73984375 0.87734375 0.0125 0.009375
3 0.3640625 0.1828125 0.02890625 0.01640625
3 0.00625 0.59921875 0.01015625 0.0125
3 0.2203125 0.89375 0.02265625 0.01875
3 0.7046875 0.91875 0.01953125 0.0140625
3 0.8859375 0.76484375 0.01328125 0.0125
3 0.93046875 0.6953125 0.01953125 0.0203125