3 0.87421875 0.25234375 0.01015625 0.01015625
3 0.92265625 0.32265625 0.0109375 0.0078125
3 0.925 0.56875 0.00625 0.0140625
3 0.91015625 0.553125 0.01171875 0.009375
3 0.89609375 0.5875 0.00703125 0.0078125
3 0.8921875 0.6203125 0.00859375 0.0125
4 0.77578125 0.64140625 0.02109375 0.0125
3 0.74375 0.8640625 0.01640625 0.01328125
3 0.61015625 0.859375 0.0140625 0.01328125
3 0.4953125 0.6390625 0.0171875 0.01171875
3 0.24296875 0.721875 0.0125 0.00859375
3 0.259375 0.73359375 0.0109375 0.00703125
3 0.27578125 0.72890625 0.0125 0.00859375
3 0.66796875 0.61640625 0.01015625 0.00859375
4 0.16171875 0.32890625 0.00859375 0.00703125
3 0.46796875 0.3421875 0.01328125 0.009375
3 0.475 0.3125 0.0140625 0.01015625
4 0.58046875 0.28984375 0.03359375 0.02265625
3 0.5296875 0.32734375 0.01171875 0.00703125
3 0.675 0.1734375 0.015625 0.00859375
3 0.72421875 0.18828125 0.0109375 0.0078125
4 0.45078125 0.48125 0.009375 0.00703125
4 0.7875 0.7046875 0.00859375 0.00703125
3 0.71328125 0.72578125 0.0109375 0.00859375
3 0.83203125 0.64765625 0.01171875 0.01015625
3 0.8390625 0.5859375 0.00703125 0.00625
3 0.83125 0.58828125 0.00703125 0.00625
3 0.803125 0.59765625 0.00703125 0.0046875
3 0.63359375 0.746875 0.01015625 0.00703125
3 0.4625 0.91484375 0.009375 0.00546875
3 0.21875 0.865625 0.01015625 0.00703125
4 0.25859375 0.7546875 0.015625 0.009375
3 0.1890625 0.6328125 0.0171875 0.0109375
4 0.22890625 0.6046875 0.0125 0.00859375
3 0.259375 0.640625 0.0109375 0.00703125
3 0.284375 0.703125 0.00703125 0.0046875
3 0.7875 0.82265625 0.01640625 0.015625
3 0.83984375 0.77109375 0.0171875 0.01875
2 0.87421875 0.67265625 0.0265625 0.03984375
3 0.278125 0.7171875 0.00546875 0.00390625
3 0.24296875 0.76484375 0.009375 0.0078125
3 0.303125 0.63984375 0.01015625 0.0078125
3 0.28671875 0.6125 0.009375 0.00703125
3 0.7234375 0.728125 0.0078125 0.00625
3 0.22734375 0.765625 0.0171875 0.0140625
3 0.2 0.78046875 0.009375 0.009375
3 0.1546875 0.68046875 0.01328125 0.01015625
3 0.10234375 0.6234375 0.0109375 0.0125
3 0.14296875 0.64140625 0.02578125 0.01484375
3 0.08671875 0.3609375 0.0109375 0.01015625
3 0.065625 0.46640625 0.01015625 0.009375
3 0.74921875 0.7421875 0.01484375 0.0109375
3 0.17265625 0.7515625 0.02734375 0.0171875
3 0.09921875 0.684375 0.0140625 0.0109375
3 0.2140625 0.63125 0.01015625 0.00703125
3 0.409375 0.32265625 0.0078125 0.00625
3 0.58359375 0.38671875 0.0125 0.00859375
3 0.4140625 0.39921875 0.00703125 0.00625
3 0.1015625 0.571875 0.0109375 0.01171875
3 0.11171875 0.77890625 0.01015625 0.01484375
3 0.26171875 0.79453125 0.00859375 0.00703125
3 0.6875 0.80546875 0.009375 0.00625
3 0.67578125 0.8484375 0.0078125 0.00703125
3 0.66953125 0.86328125 0.0109375 0.009375
3 0.0765625 0.64375 0.0046875 0.00625
3 0.06328125 0.63203125 0.00625 0.0078125
3 0.16953125 0.77421875 0.00703125 0.00703125
4 0.63359375 0.2421875 0.0109375 0.00703125
4 0.253125 0.6640625 0.01171875 0.0078125
4 0.23359375 0.6953125 0.01328125 0.00859375
2 0.0921875 0.6578125 0.01796875 0.028125
2 0.81171875 0.66953125 0.03046875 0.021875