3 0.50859375 0.4234375 0.0234375 0.01015625
3 0.2203125 0.58203125 0.01171875 0.01015625
3 0.68515625 0.76875 0.01015625 0.00703125
3 0.69296875 0.76640625 0.0078125 0.00625
3 0.728125 0.76015625 0.0125 0.01015625
4 0.8125 0.734375 0.009375 0.00859375
3 0.6265625 0.57265625 0.01875 0.01484375
3 0.67421875 0.61015625 0.015625 0.0125
3 0.88125 0.43671875 0.0125 0.0109375
3 0.89375 0.5953125 0.0109375 0.0125
3 0.21875 0.86171875 0.01015625 0.0078125
3 0.0953125 0.73125 0.015625 0.01796875
3 0.12421875 0.71875 0.009375 0.00703125
3 0.065625 0.65546875 0.00703125 0.00625
3 0.29140625 0.53515625 0.01875 0.01171875
3 0.07421875 0.4390625 0.0140625 0.0125
4 0.1578125 0.53359375 0.00859375 0.00546875
3 0.71328125 0.55390625 0.0109375 0.0078125
3 0.128125 0.38125 0.01328125 0.01015625
3 0.91484375 0.58671875 0.00546875 0.00859375
3 0.846875 0.684375 0.01015625 0.01015625
3 0.84296875 0.7328125 0.00859375 0.00703125
3 0.6984375 0.884375 0.01015625 0.00703125
3 0.4890625 0.89609375 0.0140625 0.00625
4 0.425 0.61171875 0.0078125 0.00625
4 0.53671875 0.53125 0.00859375 0.00625
4 0.5 0.53203125 0.00859375 0.00625
3 0.51484375 0.7171875 0.0078125 0.00546875
3 0.11328125 0.6625 0.01171875 0.01171875
4 0.62421875 0.8375 0.01171875 0.01015625