0 0.3875 0.4765625 0.05625 0.0890625
0 0.52265625 0.3609375 0.028125 0.03828125
0 0.45 0.3328125 0.025 0.0203125
0 0.36015625 0.1703125 0.0203125 0.015625
0 0.521875 0.2015625 0.02578125 0.021875
0 0.38046875 0.2546875 0.0203125 0.0203125
0 0.31953125 0.253125 0.02890625 0.0265625
0 0.3296875 0.13984375 0.02421875 0.02109375
0 0.27109375 0.221875 0.025 0.0265625
0 0.7125 0.60625 0.021875 0.02421875
0 0.26875 0.44453125 0.025 0.02265625
0 0.39140625 0.18984375 0.021875 0.01953125
0 0.4140625 0.2953125 0.03203125 0.0265625
0 0.66640625 0.384375 0.025 0.02734375
0 0.11875 0.41015625 0.02421875 0.03046875
0 0.1984375 0.24765625 0.021875 0.0203125
0 0.64765625 0.259375 0.02109375 0.0203125
0 0.15234375 0.4453125 0.01796875 0.01875
0 0.70546875 0.5140625 0.01875 0.02421875
0 0.28203125 0.328125 0.0234375 0.0234375
0 0.57421875 0.65546875 0.0234375 0.03359375
0 0.20859375 0.31171875 0.0171875 0.0203125
0 0.46640625 0.3921875 0.0234375 0.015625
0 0.10390625 0.3421875 0.02578125 0.02265625
0 0.3453125 0.07734375 0.02265625 0.01953125
0 0.61796875 0.42890625 0.01953125 0.02109375
0 0.759375 0.68515625 0.021875 0.0234375
0 0.8421875 0.30390625 0.0171875 0.021875
0 0.10078125 0.571875 0.0265625 0.021875
0 0.31796875 0.58046875 0.02421875 0.02578125
0 0.41875 0.1046875 0.02421875 0.021875
0 0.2078125 0.7359375 0.0296875 0.02421875
0 0.2171875 0.39609375 0.021875 0.021875
0 0.696875 0.3 0.0171875 0.01875
0 0.52421875 0.13046875 0.02265625 0.01953125
0 0.0890625 0.2015625 0.02421875 0.02109375
0 0.728125 0.20390625 0.02265625 0.0234375
0 0.2578125 0.571875 0.02578125 0.025
0 0.8203125 0.259375 0.0140625 0.01875
0 0.61796875 0.509375 0.021875 0.0265625
0 0.3984375 0.9109375 0.02109375 0.0234375
0 0.7453125 0.4265625 0.01796875 0.021875
0 0.61015625 0.8171875 0.02265625 0.02734375
0 0.2140625 0.1421875 0.03671875 0.02734375
0 0.13515625 0.734375 0.01953125 0.025
0 0.5859375 0.103125 0.02421875 0.0234375
0 0.34765625 0.6265625 0.0203125 0.0234375
0 0.12578125 0.2515625 0.0203125 0.01875
0 0.878125 0.3 0.01953125 0.0296875
0 0.16328125 0.1453125 0.034375 0.0171875
0 0.6359375 0.85546875 0.02265625 0.034375
0 0.74453125 0.246875 0.021875 0.021875
0 0.078125 0.50625 0.0171875 0.01796875
0 0.7390625 0.66484375 0.0234375 0.0265625
0 0.6109375 0.159375 0.021875 0.02109375
0 0.2421875 0.7953125 0.01953125 0.01953125
0 0.3203125 0.7640625 0.02109375 0.021875
0 0.71328125 0.34375 0.0171875 0.01953125
0 0.46796875 0.7828125 0.01875 0.02109375
0 0.13671875 0.07734375 0.03515625 0.02265625
0 0.3640625 0.7859375 0.025 0.02421875
0 0.0546875 0.7484375 0.0265625 0.028125
0 0.03515625 0.4453125 0.021875 0.025
0 0.07109375 0.09765625 0.01875 0.01875
0 0.52265625 0.81171875 0.02421875 0.02578125
0 0.4703125 0.571875 0.02421875 0.03359375
0 0.84453125 0.6515625 0.01640625 0.034375
0 0.1859375 0.5453125 0.02421875 0.025
0 0.79375 0.73359375 0.01953125 0.0265625
0 0.43828125 0.715625 0.0203125 0.0203125
0 0.76484375 0.8203125 0.01953125 0.02890625
0 0.7390625 0.77265625 0.02109375 0.040625
0 0.3296875 0.90546875 0.021875 0.02265625
0 0.2671875 0.91796875 0.0328125 0.02421875
0 0.67109375 0.9109375 0.01953125 0.0296875
0 0.01640625 0.55 0.025 0.025
0 0.55 0.959375 0.02109375 0.028125
0 0.721875 0.8875 0.0171875 0.02890625
0 0.0359375 0.3609375 0.01640625 0.0171875
0 0.44921875 0.9640625 0.025 0.025
0 0.36328125 0.41953125 0.0234375 0.01953125
0 0.14296875 0.9203125 0.01953125 0.0140625
0 0.66875 0.71171875 0.0203125 0.0359375
0 0.80078125 0.634375 0.02421875 0.028125
0 0.8734375 0.82578125 0.0171875 0.0296875
0 0.484375 0.434375 0.0171875 0.0171875
0 0.759375 0.89921875 0.0234375 0.03359375
0 0.878125 0.97109375 0.015625 0.01953125
0 0.35859375 0.26328125 0.07109375 0.05234375