0 0.38984375 0.46875 0.0625 0.0921875
0 0.6703125 0.3984375 0.02421875 0.0328125
0 0.6296875 0.3640625 0.01875 0.0296875
0 0.6703125 0.3375 0.034375 0.02578125
0 0.6125 0.315625 0.03125 0.03125
0 0.57734375 0.29921875 0.01875 0.01875
0 0.57109375 0.3734375 0.0171875 0.0140625
0 0.584375 0.40625 0.015625 0.0140625
0 0.6234375 0.43984375 0.02421875 0.0328125
0 0.61796875 0.515625 0.02109375 0.03125
0 0.55703125 0.66328125 0.028125 0.034375
0 0.3328125 0.61953125 0.03671875 0.04140625
0 0.24296875 0.55703125 0.0625 0.0484375
0 0.18125 0.51875 0.03984375 0.04140625
0 0.27109375 0.4359375 0.03828125 0.0484375
0 0.2203125 0.37578125 0.03828125 0.03984375
0 0.29140625 0.32109375 0.03125 0.034375
0 0.34921875 0.265625 0.03125 0.028125
0 0.3375 0.2421875 0.02578125 0.02578125
0 0.39765625 0.24921875 0.03828125 0.03984375
0 0.7625 0.2640625 0.02421875 0.034375
0 0.74453125 0.2265625 0.03125 0.0296875
0 0.80234375 0.27421875 0.034375 0.034375
0 0.71875 0.19453125 0.01640625 0.0171875
0 0.66328125 0.26953125 0.01953125 0.01875
0 0.70546875 0.6203125 0.01875 0.021875
0 0.8546875 0.32890625 0.0171875 0.021875
0 0.4625 0.33046875 0.02265625 0.01875
0 0.71015625 0.3140625 0.0171875 0.01796875
0 0.67109375 0.62109375 0.0234375 0.02109375
0 0.75078125 0.44375 0.01953125 0.02109375
0 0.4125 0.1828125 0.0203125 0.01796875
0 0.70390625 0.52890625 0.01640625 0.02109375
0 0.64609375 0.7140625 0.0265625 0.034375
0 0.7265625 0.6796875 0.01953125 0.02265625
0 0.28671875 0.1640625 0.0203125 0.01953125
0 0.24140625 0.121875 0.03515625 0.02578125
0 0.35546875 0.1296875 0.02265625 0.0203125
0 0.3140625 0.5671875 0.02421875 0.025
0 0.5890625 0.2140625 0.02109375 0.01796875
0 0.6109375 0.2578125 0.01875 0.01875
0 0.11640625 0.315625 0.02265625 0.0203125
0 0.5875 0.82265625 0.0203125 0.0234375
0 0.428125 0.2890625 0.03125 0.02578125
0 0.60625 0.7015625 0.02890625 0.03359375
0 0.2171875 0.22734375 0.01796875 0.01640625
0 0.5359375 0.3578125 0.02578125 0.01875
0 0.303125 0.75078125 0.0203125 0.0203125
0 0.50078125 0.8109375 0.0203125 0.021875
0 0.14375 0.22578125 0.01796875 0.01796875
0 0.7765625 0.753125 0.01875 0.02421875
0 0.290625 0.20703125 0.02421875 0.028125
0 0.61015625 0.86484375 0.02109375 0.03125
0 0.7203125 0.78828125 0.01953125 0.03515625
0 0.55 0.13359375 0.02109375 0.01875
0 0.15703125 0.42265625 0.0171875 0.01875
0 0.1125 0.17421875 0.02109375 0.01875
0 0.63515625 0.1671875 0.01953125 0.01875
0 0.34453125 0.775 0.02265625 0.0234375
0 0.753125 0.4875 0.021875 0.025
0 0.38359375 0.1625 0.02109375 0.01640625
0 0.12578125 0.384375 0.02265625 0.028125
0 0.11875 0.70703125 0.01953125 0.0234375
0 0.096875 0.54375 0.02421875 0.0203125
0 0.03828125 0.7171875 0.02421875 0.028125
0 0.74140625 0.8375 0.01796875 0.02890625
0 0.19140625 0.71640625 0.02734375 0.021875
0 0.04609375 0.32890625 0.0171875 0.0171875
0 0.30234375 0.89140625 0.0203125 0.02109375
0 0.7453125 0.703125 0.01953125 0.021875
0 0.51875 0.96484375 0.01953125 0.0296875
0 0.83125 0.67578125 0.0171875 0.03359375
0 0.41875 0.9578125 0.0234375 0.0234375
0 0.3125 0.1015625 0.0296875 0.02734375
0 0.0390625 0.41171875 0.02265625 0.025
0 0.64296875 0.9234375 0.01953125 0.03046875
0 0.69453125 0.9015625 0.01640625 0.02734375
0 0.1890625 0.121875 0.03203125 0.015625
0 0.240625 0.9 0.03203125 0.021875
0 0.57734375 0.5671875 0.03203125 0.0390625
0 0.46484375 0.56953125 0.02421875 0.03359375
0 0.11484375 0.89453125 0.0203125 0.01484375
0 0.0171875 0.51875 0.02734375 0.028125
0 0.5015625 0.4296875 0.0796875 0.090625
0 0.73203125 0.92265625 0.0234375 0.03359375
0 0.47421875 0.38984375 0.02265625 0.01640625
0 0.06171875 0.8625 0.02578125 0.04453125
0 0.590625 0.46796875 0.01875 0.02109375
0 0.86640625 0.91796875 0.015625 0.02734375
0 0.36953125 0.41015625 0.0234375 0.021875
0 0.33046875 0.403125 0.0234375 0.0171875
0 0.84296875 0.9953125 0.01796875 0.009375
0 0.490625 0.43203125 0.01640625 0.0171875
0 0.084375 0.76171875 0.12890625 0.1
0 0.5890625 0.984375 0.034375 0.03125
0 0.48984375 0.596875 0.02578125 0.040625
0 0.40703125 0.62578125 0.0515625 0.05859375
0 0.97734375 0.471875 0.040625 0.0375
0 0.928125 0.56875 0.02578125 0.03984375