0 0.6140625 0.48828125 0.046875 0.0859375
0 0.5390625 0.71875 0.03359375 0.0296875
0 0.79296875 0.425 0.021875 0.0203125
0 0.96953125 0.49375 0.0234375 0.0265625
0 0.85234375 0.48125 0.01796875 0.01796875
0 0.9109375 0.38359375 0.02265625 0.0203125
0 0.809375 0.5765625 0.025 0.025
0 0.63828125 0.6421875 0.02109375 0.02265625
0 0.76875 0.20625 0.0203125 0.01796875
0 0.89921875 0.290625 0.01875 0.01796875
0 0.93984375 0.246875 0.02265625 0.021875
0 0.33828125 0.1609375 0.01953125 0.0203125
0 0.346875 0.3671875 0.025 0.02734375
0 0.38984375 0.4171875 0.01953125 0.01953125
0 0.4265625 0.14921875 0.02265625 0.0203125
0 0.9796875 0.41015625 0.0171875 0.01796875
0 0.2828125 0.221875 0.021875 0.02265625
0 0.446875 0.80546875 0.0234375 0.025
0 0.38125 0.49609375 0.0203125 0.02734375
0 0.6265625 0.9203125 0.0234375 0.021875
0 0.37890625 0.24375 0.01953125 0.01953125
0 0.60625 0.7984375 0.025 0.021875
0 0.45703125 0.09453125 0.025 0.0234375
0 0.734375 0.3515625 0.0234375 0.02265625
0 0.7078125 0.159375 0.02421875 0.02109375
0 0.9796875 0.6 0.0234375 0.021875
0 0.8390625 0.7703125 0.021875 0.02421875
0 0.3265625 0.27890625 0.01875 0.01953125
0 0.18515625 0.7 0.02109375 0.02890625
0 0.65234375 0.7796875 0.021875 0.02109375
0 0.6734375 0.596875 0.02578125 0.02421875
0 0.7265625 0.81953125 0.0203125 0.02109375
0 0.7671875 0.765625 0.028125 0.02109375
0 0.88828125 0.4484375 0.02421875 0.02578125
0 0.91875 0.79140625 0.0265625 0.025
0 0.48359375 0.4171875 0.0171875 0.01875
0 0.55859375 0.91875 0.02265625 0.025
0 0.89140625 0.6125 0.0234375 0.01640625
0 0.54453125 0.3953125 0.02578125 0.0140625
0 0.73359375 0.59765625 0.025 0.025
0 0.6078125 0.30546875 0.0328125 0.03125
0 0.64375 0.43359375 0.02265625 0.01796875
0 0.4109375 0.646875 0.021875 0.0328125
0 0.99453125 0.7859375 0.0109375 0.0234375
0 0.68828125 0.93828125 0.0328125 0.02265625
0 0.90390625 0.115625 0.0359375 0.0234375
0 0.490625 0.353125 0.028125 0.02109375
0 0.75625 0.140625 0.03125 0.028125
0 0.20703125 0.2234375 0.0328125 0.0328125
0 0.70390625 0.271875 0.02734375 0.0265625
0 0.1859375 0.60234375 0.02421875 0.028125
0 0.50234375 0.9671875 0.02421875 0.025
0 0.24765625 0.63828125 0.02265625 0.028125
0 0.684375 0.4328125 0.02421875 0.0171875
0 0.2859375 0.8921875 0.02265625 0.03515625
0 0.821875 0.1734375 0.03359375 0.02734375
0 0.4 0.95390625 0.02265625 0.0296875
0 0.4953125 0.78671875 0.03203125 0.0328125
0 0.81171875 0.95546875 0.0203125 0.01484375
0 0.32734375 0.8390625 0.0234375 0.03828125
0 0.2046875 0.78984375 0.01953125 0.03359375
0 0.23984375 0.86015625 0.01640625 0.0296875
0 0.315625 0.690625 0.025 0.0375
0 0.19921875 0.871875 0.02265625 0.03984375
0 0.23515625 0.746875 0.01875 0.040625
0 0.34375 0.9859375 0.0171875 0.025