0 0.1734375 0.0640625 0.0515625 0.05
0 0.22890625 0.18515625 0.04140625 0.04140625
0 0.3765625 0.2203125 0.04609375 0.0453125
0 0.43515625 0.3765625 0.07109375 0.05390625
0 0.3421875 0.5640625 0.028125 0.0265625
0 0.40234375 0.4921875 0.02265625 0.04453125
0 0.409375 0.66796875 0.05078125 0.04296875
0 0.39375 0.59375 0.03671875 0.03359375
0 0.4921875 0.6015625 0.0421875 0.03984375
0 0.4984375 0.7234375 0.02265625 0.02109375
0 0.57578125 0.75078125 0.0296875 0.03046875
0 0.69765625 0.7609375 0.08203125 0.06015625
0 0.62734375 0.5421875 0.03046875 0.0328125
0 0.65859375 0.465625 0.03125 0.0265625
0 0.8125 0.46875 0.04453125 0.046875
0 0.5453125 0.228125 0.03203125 0.0390625
0 0.6078125 0.28671875 0.03203125 0.03046875
0 0.70625 0.3515625 0.02265625 0.02578125
0 0.70234375 0.2890625 0.0375 0.03984375
0 0.59375 0.06328125 0.053125 0.04375
0 0.984375 0.31640625 0.03046875 0.04140625