0 0.57890625 0.75234375 0.03203125 0.04140625
0 0.6109375 0.28046875 0.02890625 0.03046875
0 0.70390625 0.29140625 0.02734375 0.03125
0 0.6546875 0.459375 0.02109375 0.034375
0 0.49765625 0.725 0.03203125 0.0390625
0 0.40703125 0.49921875 0.03203125 0.03515625
0 0.42890625 0.3734375 0.02890625 0.03671875
0 0.4875 0.6 0.0421875 0.059375
0 0.5390625 0.2265625 0.02421875 0.0234375
0 0.3734375 0.215625 0.02890625 0.03671875
0 0.22578125 0.17890625 0.03515625 0.03671875
0 0.6265625 0.5375 0.025 0.02734375
0 0.38671875 0.59296875 0.02109375 0.025
0 0.33984375 0.5671875 0.03125 0.02734375
0 0.4078125 0.66875 0.03359375 0.0328125
0 0.6796875 0.7546875 0.0234375 0.03515625
0 0.7078125 0.353125 0.025 0.02734375
0 0.8109375 0.4703125 0.021875 0.03515625
0 0.15859375 0.06484375 0.03359375 0.0390625
0 0.5859375 0.0640625 0.03671875 0.040625
0 0.98515625 0.31328125 0.0296875 0.0390625
0 0.36328125 0.81875 0.02109375 0.02578125