0 0.571875 0.403125 0.0171875 0.02890625
0 0.6484375 0.26953125 0.0125 0.02265625
0 0.29140625 0.44375 0.02265625 0.0296875
0 0.534375 0.3390625 0.00625 0.0296875
0 0.49921875 0.4828125 0.01875 0.025
0 0.55390625 0.48984375 0.0203125 0.02109375
0 0.58203125 0.54375 0.025 0.03359375
0 0.5375 0.546875 0.0203125 0.01875
0 0.5046875 0.52265625 0.0140625 0.02265625
0 0.37109375 0.44453125 0.02109375 0.02109375
0 0.4203125 0.4859375 0.02109375 0.02265625
0 0.375 0.5203125 0.0109375 0.0140625
0 0.375 0.55234375 0.0109375 0.0125
0 0.3609375 0.5921875 0.0125 0.0171875
0 0.35 0.5546875 0.0140625 0.01875
0 0.390625 0.62265625 0.0125 0.01484375
0 0.3890625 0.56875 0.0109375 0.0234375
0 0.409375 0.56953125 0.0125 0.01875
0 0.37265625 0.3609375 0.0140625 0.03125
0 0.2859375 0.4015625 0.01875 0.01875
0 0.58125 0.4671875 0.0234375 0.0171875
0 0.54296875 0.43359375 0.0140625 0.01484375
0 0.5046875 0.4375 0.0125 0.0203125
0 0.53671875 0.6421875 0.0203125 0.0234375
0 0.52734375 0.5015625 0.01484375 0.0171875