0 0.428125 0.403125 0.0171875 0.02890625
0 0.3515625 0.26953125 0.0125 0.02265625
0 0.70859375 0.44375 0.0234375 0.0296875
0 0.465625 0.3390625 0.0078125 0.0296875
0 0.50078125 0.4828125 0.01875 0.025
0 0.44609375 0.48984375 0.0203125 0.02109375
0 0.41796875 0.54375 0.025 0.03359375
0 0.4625 0.546875 0.0203125 0.01875
0 0.4953125 0.52265625 0.0140625 0.02265625
0 0.62890625 0.44453125 0.02109375 0.02109375
0 0.5796875 0.4859375 0.02109375 0.02265625
0 0.625 0.5203125 0.0109375 0.0140625
0 0.625 0.55234375 0.0109375 0.0125
0 0.6390625 0.5921875 0.0125 0.0171875
0 0.65 0.5546875 0.0140625 0.01875
0 0.609375 0.62265625 0.0125 0.01484375
0 0.6109375 0.56875 0.0125 0.0234375
0 0.590625 0.56953125 0.0125 0.01875
0 0.62734375 0.3609375 0.0140625 0.03125
0 0.7140625 0.4015625 0.01875 0.01875
0 0.41875 0.4671875 0.0234375 0.0171875
0 0.45703125 0.43359375 0.0140625 0.01484375
0 0.4953125 0.4375 0.0125 0.0203125
0 0.46328125 0.6421875 0.0203125 0.0234375
0 0.47265625 0.5015625 0.01484375 0.0171875