4 0.46875 0.40078125 0.0484375 0.0546875
4 0.74140625 0.28359375 0.028125 0.0296875
4 0.46015625 0.23359375 0.0375 0.0390625
4 0.5703125 0.21640625 0.0453125 0.0453125
4 0.2421875 0.225 0.03125 0.0359375
4 0.3171875 0.27578125 0.03125 0.0296875
4 0.44453125 0.465625 0.034375 0.0359375
4 0.77265625 0.2171875 0.028125 0.040625
4 0.68671875 0.52109375 0.04375 0.040625
4 0.6203125 0.59609375 0.0359375 0.0296875
4 0.5734375 0.5546875 0.03125 0.0328125
4 0.7296875 0.6734375 0.028125 0.0328125
4 0.5578125 0.67734375 0.028125 0.028125
4 0.58515625 0.5078125 0.034375 0.034375
4 0.71796875 0.36484375 0.0328125 0.0359375
4 0.60625 0.4703125 0.0390625 0.03125
4 0.71171875 0.4296875 0.0234375 0.0265625