4 0.6375 0.44140625 0.0484375 0.0375
4 0.775 0.53046875 0.03125 0.0265625
4 0.6 0.54296875 0.028125 0.0265625
4 0.6390625 0.47109375 0.03125 0.0296875
4 0.27265625 0.45703125 0.03125 0.028125
4 0.46640625 0.63046875 0.03125 0.03125
4 0.49921875 0.49453125 0.0265625 0.025
4 0.20078125 0.66953125 0.0328125 0.0328125
4 0.39765625 0.60390625 0.028125 0.028125
4 0.2875 0.559375 0.0359375 0.046875
4 0.26875 0.5140625 0.03125 0.028125
4 0.365625 0.59921875 0.03125 0.0359375
4 0.31875 0.60234375 0.0234375 0.025
4 0.44765625 0.5078125 0.0390625 0.0578125
4 0.30234375 0.52265625 0.025 0.025