0 0.496875 0.64296875 0.02109375 0.0203125
0 0.4265625 0.30078125 0.015625 0.02109375
0 0.60546875 0.334375 0.01640625 0.0203125
0 0.4140625 0.653125 0.01640625 0.021875
0 0.315625 0.56015625 0.0125 0.015625
0 0.6921875 0.74140625 0.01328125 0.01796875
0 0.3859375 0.57734375 0.01328125 0.0171875
0 0.6765625 0.7765625 0.015625 0.02109375
0 0.6046875 0.790625 0.01328125 0.01796875
0 0.47421875 0.584375 0.01953125 0.02265625
0 0.61875 0.7203125 0.01484375 0.02265625
0 0.475 0.5078125 0.0171875 0.0203125
0 0.33125 0.5921875 0.01640625 0.02265625
0 0.37265625 0.4390625 0.01640625 0.01875
0 0.465625 0.61484375 0.02265625 0.028125
0 0.4296875 0.3921875 0.01640625 0.01953125
0 0.6359375 0.6234375 0.0234375 0.03125
0 0.36796875 0.48203125 0.0140625 0.0171875
0 0.3609375 0.38046875 0.0171875 0.0203125
0 0.2703125 0.5671875 0.01328125 0.0171875
0 0.353125 0.515625 0.01640625 0.01875
0 0.3375 0.61484375 0.01484375 0.01875
0 0.3765625 0.51953125 0.0203125 0.02421875
0 0.41953125 0.41953125 0.01640625 0.01953125
0 0.38046875 0.3765625 0.02109375 0.021875
0 0.525 0.17265625 0.0140625 0.0171875
0 0.3578125 0.56171875 0.0171875 0.02421875
0 0.6640625 0.8203125 0.0140625 0.01953125
0 0.35703125 0.43984375 0.02109375 0.02265625
0 0.4515625 0.30546875 0.01328125 0.01953125
0 0.4296875 0.37109375 0.01796875 0.025
0 0.721875 0.46015625 0.01328125 0.01640625
0 0.64140625 0.32578125 0.02734375 0.03203125
0 0.33828125 0.4921875 0.01484375 0.0203125
0 0.490625 0.1921875 0.0171875 0.02109375
0 0.48125 0.21953125 0.02109375 0.028125
0 0.5375 0.36015625 0.028125 0.03203125
0 0.41796875 0.47578125 0.02578125 0.0296875