0 0.4359375 0.3234375 0.03203125 0.03515625
0 0.6046875 0.4890625 0.01953125 0.03046875
0 0.67421875 0.48125 0.015625 0.02265625
0 0.47109375 0.940625 0.01484375 0.01953125
0 0.52578125 0.83203125 0.02109375 0.02265625
0 0.4078125 0.68515625 0.0171875 0.015625
0 0.159375 0.4953125 0.01640625 0.01953125
0 0.24609375 0.665625 0.01796875 0.01953125
0 0.15234375 0.1 0.0203125 0.0296875
0 0.40078125 0.5546875 0.015625 0.0171875
0 0.42890625 0.76015625 0.028125 0.040625
0 0.3125 0.43984375 0.025 0.03203125
0 0.0703125 0.83359375 0.01796875 0.01953125
0 0.42109375 0.54453125 0.01953125 0.01953125
0 0.28125 0.52890625 0.05390625 0.04453125