0 0.28203125 0.53359375 0.06796875 0.053125
0 0.315625 0.4390625 0.07734375 0.071875
0 0.1625 0.496875 0.034375 0.03984375
0 0.03671875 0.446875 0.028125 0.03828125
0 0.075 0.48125 0.0265625 0.02734375
0 0.41328125 0.5671875 0.07109375 0.053125
0 0.678125 0.4765625 0.040625 0.046875
0 0.771875 0.384375 0.05625 0.0671875
0 0.46953125 0.940625 0.0390625 0.04140625
0 0.54609375 0.92578125 0.046875 0.04453125
0 0.73125 0.9796875 0.0453125 0.040625
0 0.2484375 0.678125 0.04453125 0.0625
0 0.4234375 0.76328125 0.0390625 0.0453125
0 0.5375 0.82890625 0.04453125 0.07421875
0 0.603125 0.48671875 0.0484375 0.0609375
0 0.89140625 0.1890625 0.0484375 0.040625
0 0.07109375 0.83046875 0.03828125 0.0640625
0 0.67890625 0.25546875 0.0703125 0.06484375