4 0.64140625 0.28203125 0.0265625 0.0234375
4 0.371875 0.45078125 0.03125 0.0296875
4 0.40078125 0.434375 0.0359375 0.0296875
4 0.36640625 0.39765625 0.0296875 0.025
4 0.41328125 0.39453125 0.03125 0.0328125
4 0.47265625 0.38828125 0.0453125 0.040625
4 0.54140625 0.375 0.0296875 0.03125
4 0.54296875 0.2875 0.0296875 0.03125
4 0.51171875 0.25546875 0.0265625 0.025
4 0.3109375 0.5359375 0.03125 0.03125
4 0.44453125 0.534375 0.0265625 0.028125
4 0.553125 0.51875 0.028125 0.0234375
4 0.4796875 0.446875 0.028125 0.0265625
4 0.51796875 0.4546875 0.028125 0.0234375
4 0.565625 0.4328125 0.04375 0.028125
4 0.609375 0.49765625 0.040625 0.0265625
4 0.609375 0.45546875 0.028125 0.0265625
4 0.665625 0.4234375 0.0328125 0.03125
4 0.68125 0.4390625 0.0203125 0.028125
4 0.69609375 0.5078125 0.025 0.028125
4 0.7375 0.49921875 0.0453125 0.0546875
4 0.77109375 0.478125 0.025 0.025
4 0.71953125 0.396875 0.0390625 0.0390625
4 0.68359375 0.38125 0.0265625 0.028125
4 0.6828125 0.29609375 0.021875 0.0234375
4 0.72578125 0.32734375 0.0265625 0.046875
4 0.7375 0.30078125 0.0234375 0.025
4 0.7734375 0.32734375 0.0203125 0.0234375
4 0.7859375 0.30625 0.028125 0.0328125
4 0.77890625 0.359375 0.0265625 0.028125
4 0.75390625 0.4 0.0375 0.0453125
4 0.740625 0.43515625 0.046875 0.034375
4 0.71640625 0.45234375 0.0265625 0.0265625
4 0.65234375 0.25078125 0.028125 0.021875