4 0.35859375 0.71796875 0.025 0.0234375
4 0.628125 0.54921875 0.03125 0.028125
4 0.59921875 0.565625 0.0359375 0.0296875
4 0.63359375 0.60234375 0.0296875 0.025
4 0.58671875 0.60546875 0.03125 0.03125
4 0.52734375 0.61171875 0.04375 0.040625
4 0.45859375 0.625 0.0296875 0.03125
4 0.45703125 0.7125 0.028125 0.03125
4 0.48828125 0.74453125 0.0265625 0.025
4 0.6890625 0.4640625 0.03125 0.03125
4 0.55546875 0.465625 0.025 0.028125
4 0.446875 0.48125 0.028125 0.021875
4 0.5203125 0.553125 0.028125 0.0265625
4 0.48203125 0.5453125 0.028125 0.0234375
4 0.434375 0.5671875 0.04375 0.028125
4 0.390625 0.50234375 0.040625 0.025
4 0.390625 0.54453125 0.028125 0.025
4 0.334375 0.5765625 0.03125 0.03125
4 0.31875 0.5609375 0.0203125 0.028125
4 0.30390625 0.4921875 0.025 0.028125
4 0.2625 0.50078125 0.0453125 0.0546875
4 0.22890625 0.521875 0.025 0.025
4 0.28046875 0.603125 0.040625 0.0375
4 0.31640625 0.61875 0.025 0.028125
4 0.3171875 0.70390625 0.021875 0.025
4 0.27421875 0.67265625 0.025 0.046875
4 0.2625 0.69921875 0.0234375 0.025
4 0.2265625 0.67265625 0.01875 0.025
4 0.2140625 0.69375 0.028125 0.0328125
4 0.22109375 0.640625 0.025 0.028125
4 0.24609375 0.6 0.0375 0.0453125
4 0.259375 0.56484375 0.046875 0.034375
4 0.28359375 0.54765625 0.0265625 0.025
4 0.34765625 0.74921875 0.028125 0.021875