0 0.425 0.40078125 0.01484375 0.025
0 0.71171875 0.45234375 0.0140625 0.03359375
0 0.46640625 0.3359375 0.01875 0.02734375
0 0.4203125 0.5359375 0.0203125 0.02890625
0 0.4640625 0.63984375 0.01484375 0.01875
0 0.46484375 0.5421875 0.01484375 0.0203125
0 0.44765625 0.4890625 0.0171875 0.0203125
0 0.6328125 0.4421875 0.0234375 0.0265625
0 0.49765625 0.48203125 0.025 0.0171875
0 0.59375 0.57109375 0.01484375 0.01875
0 0.77265625 0.15859375 0.0109375 0.02734375
0 0.58203125 0.48828125 0.01640625 0.02734375
0 0.58671875 0.65703125 0.01484375 0.02265625
0 0.509375 0.6640625 0.0234375 0.0296875
0 0.515625 0.60390625 0.02265625 0.0265625
0 0.6265625 0.5203125 0.0328125 0.0359375
0 0.659375 0.5484375 0.01640625 0.03515625