1 0.46796875 0.1171875 0.075 0.0640625
1 0.35234375 0.3734375 0.06796875 0.09609375
1 0.6734375 0.21171875 0.0984375 0.05078125
1 0.87734375 0.21875 0.05234375 0.07578125
1 0.8140625 0.51796875 0.05234375 0.09609375
1 0.58515625 0.70859375 0.04140625 0.02578125
1 0.809375 0.8078125 0.04296875 0.03984375
1 0.571875 0.97734375 0.03203125 0.04296875
1 0.51171875 0.8046875 0.046875 0.04375
1 0.446875 0.69609375 0.05234375 0.05703125
1 0.35546875 0.1796875 0.0421875 0.0453125
1 0.95390625 0.2359375 0.04375 0.0640625
3 0.42578125 0.45390625 0.03828125 0.0609375
3 0.2671875 0.209375 0.053125 0.05859375
3 0.953125 0.859375 0.0390625 0.06640625
3 0.884375 0.8265625 0.03984375 0.040625
3 0.846875 0.64609375 0.06953125 0.05234375
1 0.7046875 0.51640625 0.078125 0.0734375
1 0.49765625 0.61796875 0.03984375 0.04765625
1 0.56796875 0.33515625 0.03046875 0.0984375
1 0.63125 0.38046875 0.0453125 0.08828125