1 0.53359375 0.45 0.05546875 0.0359375
4 0.55703125 0.22109375 0.02890625 0.021875
1 0.2546875 0.58125 0.05078125 0.0359375
4 0.26953125 0.51796875 0.0234375 0.009375
4 0.6171875 0.51328125 0.01328125 0.02265625
4 0.56328125 0.59296875 0.021875 0.0203125
4 0.3125 0.30546875 0.01953125 0.0109375
4 0.46796875 0.2875 0.01953125 0.01875
2 0.3953125 0.68828125 0.02890625 0.015625
1 0.41328125 0.46484375 0.025 0.0265625
2 0.33984375 0.21875 0.03359375 0.0171875
3 0.43515625 0.240625 0.03203125 0.0203125
3 0.40703125 0.1359375 0.02109375 0.02109375
3 0.61875 0.45078125 0.0234375 0.02578125
2 0.26796875 0.4390625 0.0265625 0.00859375
4 0.6671875 0.45625 0.01640625 0.0140625
3 0.3140625 0.62578125 0.025 0.01953125
2 0.46796875 0.6203125 0.0171875 0.0125
3 0.57109375 0.4171875 0.02265625 0.02109375
4 0.509375 0.21328125 0.0234375 0.015625
1 0.12890625 0.41953125 0.015625 0.009375
3 0.41953125 0.284375 0.01640625 0.01640625
3 0.44609375 0.303125 0.0140625 0.0171875
4 0.3640625 0.29140625 0.01171875 0.009375
4 0.578125 0.19140625 0.01171875 0.00703125
4 0.575 0.18125 0.01171875 0.003125
4 0.48046875 0.14375 0.015625 0.0046875
4 0.43828125 0.1625 0.01015625 0.0078125
3 0.3703125 0.1421875 0.0375 0.01796875
3 0.2578125 0.19296875 0.01796875 0.0078125
3 0.47421875 0.1953125 0.03984375 0.0125
3 0.3609375 0.2640625 0.0328125 0.02734375
4 0.42578125 0.33828125 0.01796875 0.01328125
3 0.234375 0.4421875 0.01953125 0.00546875
3 0.190625 0.43984375 0.01875 0.009375
4 0.584375 0.51015625 0.01328125 0.009375
4 0.47578125 0.4640625 0.0140625 0.009375
3 0.40078125 0.54375 0.0078125 0.00546875
3 0.58359375 0.459375 0.01484375 0.0015625
3 0.36171875 0.615625 0.0140625 0.01015625
3 0.359375 0.62578125 0.01328125 0.0046875
3 0.48125 0.6203125 0.0109375 0.00859375
3 0.528125 0.6328125 0.00859375 0.003125
3 0.4859375 0.6328125 0.01328125 0.0078125
3 0.49765625 0.6375 0.01328125 0.009375
3 0.4875 0.6640625 0.01484375 0.00703125
3 0.5796875 0.5515625 0.0078125 0.00859375
3 0.58671875 0.5 0.01328125 0.0046875
4 0.5921875 0.3015625 0.01015625 0.0046875
4 0.57890625 0.21953125 0.009375 0.0046875
4 0.59140625 0.24453125 0.0078125 0.00390625
3 0.4890625 0.22734375 0.0078125 0.003125
4 0.58125 0.20546875 0.0109375 0.00625
4 0.56015625 0.1625 0.00546875 0.0046875
3 0.2234375 0.15 0.06171875 0.02421875
1 0.53828125 0.1359375 0.0265625 0.025