0 0.51484375 0.4796875 0.03359375 0.03671875
0 0.496875 0.68671875 0.03203125 0.03671875
0 0.29140625 0.43046875 0.0296875 0.025
0 0.18984375 0.96015625 0.03359375 0.0328125
0 0.30234375 0.821875 0.02578125 0.0296875
0 0.43125 0.22421875 0.03203125 0.0328125
0 0.7546875 0.10546875 0.0421875 0.0390625
0 0.22578125 0.128125 0.02734375 0.03046875
0 0.01328125 0.34140625 0.0265625 0.04453125
0 0.91484375 0.4984375 0.03984375 0.040625
0 0.6515625 0.3 0.02421875 0.0265625
0 0.77578125 0.70390625 0.03046875 0.040625
0 0.83984375 0.2703125 0.03125 0.0375
0 0.428125 0.81484375 0.02421875 0.03125
0 0.37109375 0.5953125 0.02109375 0.025
0 0.37265625 0.52890625 0.01953125 0.02578125
0 0.4359375 0.27578125 0.0140625 0.01796875
0 0.8390625 0.5359375 0.02421875 0.03125
0 0.565625 0.3046875 0.0140625 0.0203125
0 0.1640625 0.78984375 0.02578125 0.03515625
0 0.925 0.56953125 0.01953125 0.02890625
0 0.3578125 0.55546875 0.01953125 0.025
0 0.1046875 0.69140625 0.01953125 0.028125
0 0.865625 0.825 0.0125 0.01875
0 0.81171875 0.90859375 0.01171875 0.01796875
0 0.0125 0.28828125 0.021875 0.02734375
0 0.5296875 0.96015625 0.01484375 0.0203125
0 0.84765625 0.1015625 0.0171875 0.025
0 0.61484375 0.86796875 0.0109375 0.01875
0 0.03203125 0.54609375 0.02890625 0.0359375
0 0.29921875 0.3515625 0.01484375 0.0203125
0 0.240625 0.34140625 0.02109375 0.02890625
0 0.6265625 0.53984375 0.01484375 0.02109375
0 0.5328125 0.08828125 0.01640625 0.02109375
0 0.240625 0.5984375 0.0125 0.01640625
0 0.0703125 0.89296875 0.02734375 0.02734375
0 0.934375 0.17578125 0.05625 0.06171875
0 0.471875 0.18515625 0.015625 0.0203125
0 0.846875 0.3859375 0.0296875 0.0375
0 0.9625 0.76328125 0.01953125 0.0265625
0 0.90703125 0.87890625 0.01484375 0.0171875
0 0.6375 0.7921875 0.0234375 0.05
0 0.3875 0.490625 0.01171875 0.01875
0 0.18046875 0.37890625 0.01796875 0.02421875
0 0.0109375 0.23046875 0.01953125 0.02578125
0 0.7984375 0.8234375 0.02109375 0.028125
0 0.4015625 0.37578125 0.0265625 0.03203125
0 0.98046875 0.29140625 0.01875 0.040625
0 0.0234375 0.0765625 0.01640625 0.02578125
0 0.74765625 0.96484375 0.03125 0.034375
0 0.5953125 0.67265625 0.01640625 0.025