0 0.02734375 0.27890625 0.0546875 0.08359375
0 0.303125 0.41875 0.0609375 0.0421875
0 0.365625 0.54453125 0.06015625 0.1015625
0 0.5203125 0.48125 0.065625 0.0640625
0 0.48359375 0.69453125 0.0421875 0.05859375
0 0.14921875 0.76484375 0.0390625 0.05078125
0 0.28359375 0.80625 0.0390625 0.02734375
0 0.4109375 0.81015625 0.040625 0.03828125
0 0.76015625 0.72421875 0.028125 0.04609375
0 0.83203125 0.55859375 0.0421875 0.0671875
0 0.921875 0.6015625 0.034375 0.03359375
0 0.9109375 0.525 0.034375 0.040625
0 0.45859375 0.265625 0.04140625 0.0484375
0 0.45234375 0.22109375 0.03359375 0.0390625
0 0.25390625 0.10859375 0.03359375 0.0421875
0 0.57578125 0.3015625 0.021875 0.03125
0 0.66796875 0.31015625 0.04453125 0.03125
0 0.7796875 0.12265625 0.03203125 0.0390625
0 0.8578125 0.29140625 0.040625 0.0328125
0 0.1578125 0.9421875 0.0375 0.03515625
0 0.1890625 0.35234375 0.028125 0.0296875