0 0.4515625 0.26953125 0.02421875 0.03046875
0 0.4828125 0.68515625 0.025 0.03125
0 0.29609375 0.4125 0.03515625 0.0359375
0 0.1578125 0.93359375 0.02421875 0.0296875
0 0.2796875 0.80625 0.01796875 0.025
0 0.45 0.21796875 0.0296875 0.02890625
0 0.7796875 0.11953125 0.02109375 0.028125
0 0.2515625 0.10703125 0.03046875 0.03359375
0 0.0234375 0.3015625 0.03984375 0.05546875
0 0.9140625 0.521875 0.03125 0.02890625
0 0.5796875 0.30703125 0.0265625 0.0328125
0 0.76015625 0.72265625 0.025 0.03125
0 0.853125 0.2890625 0.01875 0.02734375
0 0.3703125 0.51796875 0.0203125 0.02265625
0 0.390625 0.5765625 0.0140625 0.0171875
0 0.43984375 0.6015625 0.01640625 0.021875
0 0.36328125 0.58515625 0.0125 0.01875
0 0.234375 0.578125 0.01171875 0.01796875
0 0.4359375 0.421875 0.01640625 0.0203125
0 0.4921875 0.1828125 0.01796875 0.02109375
0 0.665625 0.3109375 0.01953125 0.02265625
0 0.85 0.60625 0.015625 0.01953125
0 0.6015625 0.39453125 0.0171875 0.02734375