0 0.5125 0.47578125 0.03125 0.0328125
0 0.50859375 0.68671875 0.025 0.040625
0 0.28515625 0.4453125 0.03046875 0.03203125
0 0.40078125 0.7609375 0.01953125 0.02265625
0 0.32578125 0.834375 0.01953125 0.025
0 0.41328125 0.228125 0.02734375 0.03046875
0 0.72421875 0.0859375 0.03359375 0.03984375
0 0.20078125 0.14609375 0.02421875 0.0265625
0 0.24296875 0.41796875 0.01953125 0.025
0 0.9125 0.46796875 0.03125 0.034375
0 0.6375 0.28671875 0.03125 0.03515625
0 0.78984375 0.684375 0.02734375 0.03125
0 0.8234375 0.24453125 0.03046875 0.0328125
0 0.38671875 0.49765625 0.021875 0.02734375
0 0.55234375 0.3 0.0140625 0.01953125
0 0.8390625 0.5109375 0.01953125 0.02578125
0 0.41953125 0.28046875 0.0140625 0.01796875
0 0.92734375 0.53828125 0.01796875 0.028125
0 0.221875 0.97890625 0.01640625 0.01875
0 0.375 0.603125 0.01328125 0.01875
0 0.11875 0.71796875 0.0203125 0.02890625
0 0.36171875 0.5625 0.02265625 0.02890625
0 0.4515625 0.81796875 0.01953125 0.02578125
0 0.2890625 0.36484375 0.01484375 0.01953125
0 0.371875 0.53984375 0.021875 0.02578125
0 0.228125 0.359375 0.02109375 0.03046875
0 0.18203125 0.8140625 0.02734375 0.034375
0 0.1734375 0.40078125 0.01640625 0.02265625
0 0.8875 0.796875 0.01171875 0.01640625
0 0.83828125 0.884375 0.0109375 0.01640625
0 0.628125 0.53046875 0.01484375 0.01953125
0 0.0078125 0.375 0.015625 0.03125
0 0.8171875 0.078125 0.0171875 0.025
0 0.76640625 0.81640625 0.02734375 0.0375
0 0.5046875 0.0859375 0.01640625 0.0203125
0 0.096875 0.921875 0.02578125 0.02734375
0 0.39375 0.37890625 0.0296875 0.03359375
0 0.83671875 0.36171875 0.02734375 0.03203125
0 0.6390625 0.859375 0.01171875 0.01875
0 0.1375 0.50703125 0.02421875 0.02890625
0 0.24765625 0.61640625 0.0140625 0.0203125
0 0.56015625 0.95390625 0.01484375 0.0234375
0 0.23671875 0.56953125 0.0125 0.01484375
0 0.74453125 0.05625 0.015625 0.03203125
0 0.67734375 0.07265625 0.02421875 0.0296875
0 0.97890625 0.72734375 0.01875 0.0296875
0 0.63828125 0.75546875 0.02109375 0.0265625