4 0.59453125 0.05703125 0.0671875 0.0671875
4 0.2890625 0.7703125 0.0375 0.04375
4 0.2 0.7546875 0.034375 0.03125
4 0.28828125 0.65 0.0375 0.040625
4 0.2484375 0.57890625 0.034375 0.0390625
4 0.26640625 0.5015625 0.0296875 0.03125
4 0.29296875 0.4875 0.0421875 0.0375
4 0.0953125 0.54921875 0.03125 0.03125
4 0.134375 0.534375 0.028125 0.034375
4 0.14765625 0.47890625 0.034375 0.0328125
4 0.1734375 0.4625 0.03125 0.028125
4 0.20625 0.45546875 0.034375 0.03125
4 0.1296875 0.3984375 0.03125 0.03125
4 0.18828125 0.378125 0.0328125 0.034375
4 0.35546875 0.7625 0.0390625 0.040625
4 0.3671875 0.71328125 0.034375 0.040625
4 0.44453125 0.88984375 0.0578125 0.059375
4 0.49453125 0.95 0.034375 0.0375
4 0.47265625 0.83984375 0.04375 0.0359375
4 0.52890625 0.83203125 0.0421875 0.0375
4 0.51484375 0.7578125 0.0390625 0.03125
4 0.52109375 0.721875 0.0359375 0.0375
4 0.49296875 0.678125 0.0484375 0.053125
4 0.453125 0.6578125 0.0375 0.03125
4 0.53046875 0.659375 0.0328125 0.034375
4 0.5625 0.6875 0.0375 0.034375
4 0.6015625 0.7890625 0.04375 0.0375
4 0.5359375 0.615625 0.0375 0.034375
4 0.57578125 0.60390625 0.0296875 0.0296875
4 0.58203125 0.64140625 0.04375 0.0453125
4 0.52578125 0.5671875 0.03125 0.028125
4 0.54140625 0.50859375 0.0421875 0.040625
4 0.5859375 0.51328125 0.040625 0.040625
4 0.4828125 0.48203125 0.04375 0.0359375
4 0.41015625 0.4875 0.0578125 0.0625
4 0.34921875 0.534375 0.046875 0.05625
4 0.30859375 0.33515625 0.053125 0.040625
4 0.2765625 0.30546875 0.040625 0.04375
4 0.3078125 0.28125 0.04375 0.053125
4 0.55546875 0.3125 0.0484375 0.046875
4 0.4359375 0.39609375 0.046875 0.04375
4 0.60078125 0.453125 0.0375 0.04375
4 0.6578125 0.40859375 0.040625 0.0421875
4 0.7046875 0.36640625 0.040625 0.0390625
4 0.73359375 0.26953125 0.0640625 0.0375
4 0.77890625 0.31171875 0.0359375 0.0359375
4 0.81328125 0.4 0.0328125 0.040625
4 0.8640625 0.36640625 0.0375 0.04375
4 0.875 0.31640625 0.040625 0.059375
4 0.80390625 0.21796875 0.065625 0.059375
4 0.83359375 0.15625 0.0421875 0.040625
4 0.67421875 0.19453125 0.04375 0.040625
4 0.6890625 0.096875 0.046875 0.03125
4 0.684375 0.065625 0.0375 0.040625
4 0.64609375 0.06484375 0.040625 0.0515625
4 0.7671875 0.0578125 0.046875 0.046875
4 0.8046875 0.0265625 0.04375 0.040625
4 0.8796875 0.06484375 0.0375 0.034375
4 0.96875 0.16875 0.040625 0.0375
4 0.9171875 0.11328125 0.040625 0.0375
4 0.91015625 0.03046875 0.0671875 0.0546875
4 0.9125 0.07421875 0.034375 0.0328125
4 0.94375 0.08203125 0.0375 0.0453125
4 0.63203125 0.25078125 0.040625 0.0390625
4 0.6609375 0.365625 0.040625 0.040625
4 0.71484375 0.4671875 0.0359375 0.0375
4 0.69375 0.428125 0.034375 0.034375
4 0.4984375 0.1140625 0.0375 0.04375
4 0.490625 0.06953125 0.04375 0.0359375
4 0.3765625 0.046875 0.034375 0.053125
4 0.26484375 0.18046875 0.0453125 0.071875
4 0.33203125 0.15546875 0.04375 0.04375
4 0.3 0.1890625 0.0375 0.03125
4 0.34140625 0.11328125 0.0484375 0.0484375
4 0.19921875 0.0546875 0.0390625 0.040625
4 0.4703125 0.2078125 0.03125 0.03125