0 0.1078125 0.2421875 0.05 0.0671875
0 0.31640625 0.540625 0.18828125 0.11015625
0 0.31171875 0.4109375 0.00078125 0.00859375
0 0.3390625 0.440625 0.02578125 0.071875
0 0.54375 0.60703125 0.053125 0.13359375
0 0.66875 0.79453125 0.0515625 0.1046875
0 0.38046875 0.81171875 0.0703125 0.12578125
0 0.2265625 0.94453125 0.04375 0.06015625
0 0.1625 0.92109375 0.0296875 0.046875
0 0.0734375 0.91953125 0.009375 0.05625
0 0.0203125 0.81796875 0.01796875 0.0484375
0 0.06484375 0.8078125 0.04140625 0.0546875
0 0.128125 0.75 0.01640625 0.0484375
0 0.1046875 0.6484375 0.01953125 0.075
0 0.1515625 0.434375 0.01328125 0.08125
0 0.07109375 0.49453125 0.03828125 0.03515625
0 0.19609375 0.75078125 0.0234375 0.05078125
0 0.159375 0.59609375 0.0203125 0.03515625
0 0.20625 0.32734375 0.0125 0.02890625
0 0.321875 0.721875 0.01875 0.0359375
0 0.27890625 0.853125 0.02734375 0.0390625
0 0.3375 0.98046875 0.01953125 0.0390625