0 0.2203125 0.95859375 0.04140625 0.053125
0 0.071875 0.5015625 0.03984375 0.053125
0 0.55859375 0.621875 0.0578125 0.0796875
0 0.65078125 0.7859375 0.05 0.06875
0 0.4625 0.5734375 0.0359375 0.053125
0 0.3171875 0.3546875 0.0515625 0.05
0 0.24296875 0.67265625 0.0390625 0.04609375
0 0.071875 0.91484375 0.04296875 0.05078125
0 0.10625 0.65078125 0.0421875 0.0453125
0 0.24140625 0.52109375 0.0421875 0.046875
0 0.14921875 0.41328125 0.046875 0.059375
0 0.2015625 0.328125 0.0390625 0.0578125
0 0.11015625 0.24375 0.0390625 0.0671875
0 0.12265625 0.74609375 0.0390625 0.04453125
0 0.19453125 0.759375 0.021875 0.040625
0 0.16328125 0.59921875 0.03515625 0.04453125
0 0.21953125 0.58671875 0.0328125 0.0375
0 0.28046875 0.85703125 0.03515625 0.03671875
0 0.33828125 0.97734375 0.03359375 0.0375