4 0.44453125 0.60078125 0.0609375 0.0578125
4 0.47109375 0.50234375 0.0328125 0.0546875
4 0.43671875 0.4984375 0.0203125 0.0296875
4 0.4125 0.5046875 0.0359375 0.034375
4 0.3296875 0.57421875 0.0453125 0.0375
4 0.415625 0.55 0.0640625 0.04375
4 0.53046875 0.5328125 0.0484375 0.0546875
4 0.48046875 0.53671875 0.0265625 0.0296875
4 0.53125 0.63203125 0.028125 0.028125
4 0.60390625 0.6953125 0.028125 0.03125
4 0.5921875 0.49453125 0.0546875 0.04375
4 0.603125 0.42578125 0.071875 0.06875
4 0.64609375 0.41328125 0.0375 0.034375
4 0.64296875 0.378125 0.0453125 0.040625
4 0.59140625 0.3703125 0.059375 0.0546875
4 0.60390625 0.31875 0.034375 0.046875
4 0.559375 0.284375 0.0359375 0.0328125
4 0.51875 0.29375 0.0375 0.0375
4 0.503125 0.35859375 0.028125 0.0296875
4 0.48203125 0.42265625 0.05 0.040625
4 0.51328125 0.46640625 0.0421875 0.034375
4 0.53203125 0.42734375 0.0390625 0.0296875
4 0.51015625 0.4953125 0.028125 0.025
4 0.4265625 0.46875 0.040625 0.0390625
4 0.43515625 0.31484375 0.0390625 0.0390625
4 0.5078125 0.2546875 0.04375 0.0375
4 0.53671875 0.2171875 0.04375 0.03125
4 0.58984375 0.228125 0.0390625 0.0421875
4 0.625 0.24296875 0.0328125 0.034375
4 0.63125 0.19140625 0.0234375 0.028125
4 0.509375 0.19921875 0.028125 0.0203125
4 0.56484375 0.18515625 0.028125 0.025
4 0.69140625 0.18828125 0.0265625 0.028125
4 0.7125 0.15703125 0.025 0.0296875
4 0.68125 0.2875 0.0390625 0.046875
4 0.67578125 0.2453125 0.0328125 0.03125
4 0.678125 0.36796875 0.028125 0.0328125
4 0.6953125 0.39765625 0.0484375 0.040625
4 0.7296875 0.31796875 0.0203125 0.03125
4 0.725 0.271875 0.028125 0.028125
4 0.7671875 0.23046875 0.028125 0.0296875
4 0.7828125 0.2703125 0.028125 0.028125
4 0.71796875 0.3625 0.028125 0.034375
4 0.7546875 0.34453125 0.05 0.040625
4 0.76484375 0.4046875 0.034375 0.0390625
4 0.78515625 0.44453125 0.046875 0.0484375
4 0.709375 0.4828125 0.0484375 0.034375
4 0.6703125 0.503125 0.034375 0.0375
4 0.7609375 0.49375 0.0390625 0.0375
4 0.7953125 0.49375 0.034375 0.028125
4 0.83984375 0.4484375 0.0359375 0.0671875
4 0.853125 0.346875 0.025 0.0265625
4 0.80703125 0.30703125 0.034375 0.03125
4 0.91953125 0.18359375 0.03125 0.028125
4 0.975 0.275 0.0296875 0.0296875
4 0.890625 0.159375 0.0359375 0.040625
4 0.8265625 0.18203125 0.065625 0.0484375
4 0.7328125 0.725 0.0234375 0.028125
4 0.7171875 0.7953125 0.03125 0.028125
4 0.7203125 0.84765625 0.0328125 0.0375
4 0.7359375 0.91328125 0.0359375 0.034375
4 0.68203125 0.86953125 0.0359375 0.03125