4 0.44375 0.43203125 0.0375 0.0390625
4 0.665625 0.72109375 0.0375 0.034375
4 0.7265625 0.73984375 0.0375 0.04375
4 0.790625 0.703125 0.0359375 0.046875
4 0.83046875 0.7890625 0.034375 0.03125
4 0.5578125 0.56875 0.0765625 0.04375
4 0.50625 0.47421875 0.03125 0.05625
4 0.6234375 0.4640625 0.0421875 0.034375
4 0.6359375 0.35703125 0.040625 0.040625
4 0.290625 0.49296875 0.0390625 0.0359375
4 0.3390625 0.49921875 0.0375 0.05625
4 0.20703125 0.43828125 0.040625 0.0453125
4 0.41015625 0.28671875 0.0390625 0.040625
4 0.4875 0.34296875 0.03125 0.0328125
4 0.546875 0.31640625 0.0375 0.034375
4 0.4703125 0.25703125 0.028125 0.0328125