4 0.55625 0.43203125 0.0359375 0.0390625
4 0.334375 0.72109375 0.0375 0.034375
4 0.2734375 0.73984375 0.0390625 0.04375
4 0.209375 0.703125 0.0359375 0.0484375
4 0.16953125 0.7890625 0.034375 0.0328125
4 0.4421875 0.56875 0.0765625 0.04375
4 0.49375 0.47421875 0.03125 0.0578125
4 0.3765625 0.4640625 0.0421875 0.034375
4 0.3640625 0.35703125 0.0421875 0.0390625
4 0.709375 0.49296875 0.0390625 0.0359375
4 0.6609375 0.49921875 0.0390625 0.05625
4 0.79296875 0.43828125 0.0421875 0.0453125
4 0.58984375 0.28671875 0.0390625 0.040625
4 0.5125 0.34296875 0.03125 0.0328125
4 0.453125 0.31640625 0.0375 0.034375
4 0.5296875 0.25703125 0.028125 0.0328125