4 0.328125 0.17734375 0.01953125 0.03671875
2 0.37265625 0.1328125 0.0203125 0.0421875
2 0.4203125 0.0484375 0.02890625 0.04296875
4 0.6796875 0.37421875 0.01875 0.053125
2 0.4984375 0.5640625 0.03125 0.03203125
2 0.70390625 0.8359375 0.0421875 0.0640625
2 0.6515625 0.82265625 0.0421875 0.05703125
2 0.5953125 0.78515625 0.0578125 0.0671875
2 0.540625 0.64140625 0.0375 0.04609375
2 0.5859375 0.7046875 0.0421875 0.07109375
2 0.69609375 0.5703125 0.0390625 0.07578125
2 0.74296875 0.33671875 0.03515625 0.11328125
2 0.78671875 0.33984375 0.0421875 0.13046875
2 0.8140625 0.6046875 0.02109375 0.05390625
2 0.79765625 0.6875 0.02421875 0.06015625
2 0.74921875 0.7640625 0.0234375 0.04140625
4 0.66796875 0.1484375 0.0234375 0.034375
4 0.70703125 0.13359375 0.01953125 0.0265625
4 0.77421875 0.2234375 0.01171875 0.0296875
4 0.42109375 0.80859375 0.0171875 0.03125
4 0.496875 0.77421875 0.01015625 0.01484375
4 0.63984375 0.95390625 0.01484375 0.01875
4 0.64375 0.5859375 0.01875 0.03515625
4 0.61640625 0.59453125 0.01953125 0.021875
4 0.60703125 0.625 0.015625 0.021875
4 0.69375 0.43359375 0.01875 0.04140625
4 0.73671875 0.4875 0.01875 0.034375
4 0.73515625 0.63359375 0.01875 0.034375
4 0.69609375 0.6765625 0.02578125 0.04453125
4 0.540625 0.05390625 0.0109375 0.01640625
4 0.475 0.06171875 0.0125 0.01796875
4 0.30390625 0.2109375 0.0109375 0.0203125
4 0.35546875 0.078125 0.021875 0.0203125
4 0.50234375 0.08515625 0.0109375 0.02890625
4 0.52890625 0.09140625 0.01171875 0.0296875
4 0.58125 0.0875 0.01015625 0.01484375
4 0.3765625 0.5265625 0.01484375 0.01328125
2 0.55625 0.53046875 0.021875 0.02421875
2 0.3765625 0.065625 0.01015625 0.0140625
3 0.46640625 0.5109375 0.0109375 0.021875
3 0.5984375 0.46484375 0.01015625 0.021875
3 0.6203125 0.43515625 0.01953125 0.040625
3 0.70703125 0.721875 0.0125 0.01484375
3 0.459375 0.6171875 0.0109375 0.03046875
3 0.52734375 0.56796875 0.01328125 0.02421875
3 0.4796875 0.66328125 0.009375 0.02265625