2 0.2953125 0.8359375 0.03203125 0.09609375
2 0.20546875 0.340625 0.03046875 0.1125
2 0.25859375 0.34140625 0.03359375 0.11015625
2 0.346875 0.82421875 0.0328125 0.09609375
2 0.41796875 0.7765625 0.0921875 0.0578125
2 0.57421875 0.0421875 0.0203125 0.034375
2 0.63203125 0.11796875 0.02265625 0.04921875
2 0.67421875 0.1875 0.01484375 0.0453125
2 0.50625 0.5671875 0.040625 0.03125
2 0.45390625 0.64140625 0.04765625 0.065625
2 0.29765625 0.55625 0.04765625 0.08203125
2 0.371875 0.56328125 0.059375 0.1
2 0.321875 0.37421875 0.04140625 0.059375
2 0.1921875 0.59609375 0.04375 0.03828125
2 0.20546875 0.67734375 0.0359375 0.06171875