0 0.36796875 0.4015625 0.02109375 0.0296875
0 0.64375 0.25 0.028125 0.0171875
0 0.5734375 0.3140625 0.01875 0.0171875
0 0.57578125 0.284375 0.0125 0.0140625
0 0.521875 0.4375 0.015625 0.0171875
0 0.55625 0.41640625 0.015625 0.028125
0 0.50625 0.2703125 0.02578125 0.015625
0 0.4875 0.30390625 0.02421875 0.02109375
0 0.41875 0.575 0.028125 0.02109375
0 0.4515625 0.46328125 0.028125 0.02109375
0 0.44296875 0.63984375 0.028125 0.02265625
0 0.50625 0.634375 0.0296875 0.0328125
0 0.5109375 0.3984375 0.02578125 0.0296875
0 0.47890625 0.36796875 0.028125 0.028125
0 0.4390625 0.36953125 0.028125 0.02421875
0 0.440625 0.34140625 0.02421875 0.015625
0 0.4046875 0.3796875 0.03125 0.01875
0 0.57265625 0.465625 0.02109375 0.02109375
0 0.52578125 0.5015625 0.03125 0.0140625
0 0.6328125 0.35703125 0.0328125 0.02578125
0 0.6640625 0.35234375 0.03671875 0.02421875
0 0.609375 0.28359375 0.034375 0.01875
0 0.5796875 0.221875 0.02109375 0.028125
0 0.5703125 0.18984375 0.01875 0.015625
0 0.5171875 0.24140625 0.02421875 0.02421875
0 0.53671875 0.2890625 0.03125 0.02578125
0 0.37421875 0.46875 0.02265625 0.0140625
0 0.40625 0.4796875 0.02421875 0.02578125
0 0.38125 0.528125 0.02265625 0.0171875
0 0.39375 0.50859375 0.02421875 0.02109375
0 0.6421875 0.51640625 0.03125 0.0296875
0 0.67890625 0.2359375 0.028125 0.028125
0 0.63828125 0.20546875 0.03671875 0.015625
0 0.8078125 0.28359375 0.03984375 0.03984375
0 0.53359375 0.3578125 0.0296875 0.02421875