0 0.453125 0.5375 0.02734375 0.02421875
0 0.7921875 0.66171875 0.015625 0.015625
0 0.8015625 0.70234375 0.0140625 0.0140625
0 0.3765625 0.615625 0.0171875 0.0140625
0 0.51171875 0.59921875 0.03046875 0.028125
0 0.82265625 0.909375 0.0171875 0.015625
0 0.56328125 0.66875 0.02421875 0.021875
0 0.6 0.5046875 0.0359375 0.02890625
0 0.465625 0.16640625 0.0328125 0.0265625
0 0.83515625 0.80546875 0.0171875 0.01640625
0 0.5203125 0.56171875 0.01796875 0.01640625
0 0.09765625 0.6140625 0.01953125 0.0171875
0 0.6765625 0.478125 0.021875 0.01953125
0 0.8265625 0.0578125 0.0265625 0.02265625
0 0.728125 0.65 0.01640625 0.01796875
0 0.5234375 0.7359375 0.01640625 0.01640625
0 0.525 0.50078125 0.02734375 0.02265625
0 0.365625 0.5125 0.02578125 0.01953125
0 0.59296875 0.6 0.02109375 0.0203125
0 0.7625 0.62421875 0.01875 0.0171875
0 0.7953125 0.884375 0.01640625 0.0171875
0 0.375 0.48203125 0.04765625 0.0390625
0 0.45703125 0.66875 0.015625 0.01484375
0 0.58125 0.4546875 0.03046875 0.0234375
0 0.425 0.3796875 0.01796875 0.015625
0 0.8578125 0.8625 0.01640625 0.0171875
0 0.82421875 0.68671875 0.01953125 0.01953125
0 0.19140625 0.45234375 0.01953125 0.01484375
0 0.075 0.68671875 0.0203125 0.0171875
0 0.88203125 0.35625 0.0359375 0.0359375
0 0.65703125 0.14375 0.04921875 0.04140625
0 0.30546875 0.36171875 0.02734375 0.0234375
0 0.28359375 0.24609375 0.0171875 0.015625
0 0.75546875 0.6375 0.03828125 0.04609375
0 0.2765625 0.4421875 0.0203125 0.02578125
0 0.51484375 0.4390625 0.0171875 0.02109375
0 0.3765625 0.35078125 0.0203125 0.02265625
0 0.24765625 0.3734375 0.02265625 0.0203125
0 0.14921875 0.46640625 0.0203125 0.025