0 0.3390625 0.08203125 0.0296875 0.0328125
0 0.06328125 0.2046875 0.03984375 0.0328125
0 0.1859375 0.1859375 0.0328125 0.04375
0 0.7640625 0.440625 0.01875 0.021875
0 0.2859375 0.20234375 0.0375 0.040625
0 0.3203125 0.31796875 0.03984375 0.02890625
0 0.3046875 0.384375 0.02578125 0.034375
0 0.47890625 0.265625 0.021875 0.02890625
0 0.53359375 0.15390625 0.034375 0.02578125
0 0.59765625 0.40078125 0.01875 0.0203125
0 0.66484375 0.378125 0.03046875 0.03984375
0 0.8296875 0.746875 0.034375 0.046875
0 0.4421875 0.31796875 0.0234375 0.03203125
0 0.93125 0.40078125 0.03125 0.03828125
0 0.809375 0.31484375 0.01640625 0.01640625
0 0.13359375 0.42265625 0.0140625 0.0171875
0 0.621875 0.3390625 0.03125 0.02578125
0 0.50078125 0.290625 0.01171875 0.01171875
0 0.2359375 0.28203125 0.01328125 0.01328125
0 0.8046875 0.25625 0.0140625 0.01640625
0 0.421875 0.3 0.01171875 0.0125
0 0.06484375 0.37265625 0.015625 0.0203125
0 0.528125 0.1859375 0.01328125 0.0125
0 0.115625 0.4140625 0.0109375 0.0140625
0 0.3390625 0.11796875 0.01328125 0.01328125
0 0.19296875 0.753125 0.0109375 0.01328125
0 0.7234375 0.07890625 0.0125 0.01484375
0 0.67890625 0.07890625 0.0140625 0.015625
0 0.1828125 0.665625 0.01015625 0.0125
0 0.9796875 0.4625 0.01484375 0.0171875
0 0.2984375 0.71484375 0.0109375 0.0125
0 0.946875 0.55 0.01484375 0.01953125
0 0.74375 0.3953125 0.0203125 0.02265625
0 0.66484375 0.7859375 0.0109375 0.01171875
0 0.22890625 0.7953125 0.01015625 0.01328125
0 0.3875 0.421875 0.03515625 0.0265625
0 0.82890625 0.6125 0.01796875 0.0234375
0 0.02421875 0.07890625 0.015625 0.01953125
0 0.12265625 0.75625 0.03671875 0.053125
0 0.921875 0.02265625 0.02265625 0.0296875
0 0.13984375 0.8296875 0.0296875 0.046875