0 0.37578125 0.93203125 0.0421875 0.02890625
0 0.0921875 0.83125 0.0421875 0.04609375
0 0.2125 0.83828125 0.04296875 0.046875
0 0.25859375 0.734375 0.0390625 0.04375
0 0.3125 0.81484375 0.0421875 0.0453125
0 0.31484375 0.63046875 0.03515625 0.0453125
0 0.43828125 0.7046875 0.02890625 0.021875
0 0.51953125 0.709375 0.0375 0.03515625
0 0.55546875 0.81171875 0.02734375 0.0390625
0 0.60390625 0.59453125 0.034375 0.0546875
0 0.675 0.609375 0.03671875 0.040625
0 0.80703125 0.225 0.0375 0.05
0 0.0765625 0.6671875 0.03203125 0.03125
0 0.9390625 0.409375 0.0375 0.04296875
0 0.77109375 0.534375 0.02890625 0.02734375