0 0.0734375 0.20546875 0.0625 0.06328125
0 0.23671875 0.29140625 0.03828125 0.06875
0 0.28828125 0.20546875 0.0328125 0.059375
0 0.30234375 0.38984375 0.040625 0.02578125
0 0.3171875 0.3171875 0.03984375 0.04765625
0 0.1265625 0.421875 0.0671875 0.0734375
0 0.34140625 0.10390625 0.034375 0.07265625
0 0.4921875 0.27421875 0.03828125 0.0765625
0 0.53359375 0.1796875 0.028125 0.06328125
0 0.43671875 0.31953125 0.04609375 0.05234375
0 0.64296875 0.35703125 0.06484375 0.084375
0 0.30078125 0.7109375 0.01640625 0.05078125