0 0.23671875 0.28203125 0.0171875 0.0203125
0 0.32265625 0.3234375 0.0140625 0.02734375
0 0.28828125 0.19921875 0.0109375 0.02109375
0 0.53125 0.1578125 0.0140625 0.02265625
0 0.3421875 0.11875 0.01484375 0.0171875
0 0.421875 0.30078125 0.0171875 0.02109375
0 0.49921875 0.2921875 0.01640625 0.0171875
0 0.1375 0.425 0.01875 0.0140625
0 0.6203125 0.33984375 0.01640625 0.0203125
0 0.6578125 0.37890625 0.0265625 0.02265625
0 0.5984375 0.4078125 0.01640625 0.01875
0 0.83046875 0.74609375 0.01875 0.0125
0 0.68203125 0.0828125 0.0203125 0.02265625
0 0.725 0.0765625 0.01640625 0.01484375
0 0.33828125 0.08359375 0.0234375 0.0140625
0 0.18046875 0.18671875 0.02734375 0.01875
0 0.06640625 0.2046875 0.025 0.0171875
0 0.44765625 0.33046875 0.01875 0.0171875
0 0.3046875 0.3859375 0.02265625 0.025