0 0.359375 0.56015625 0.03125 0.03359375
0 0.44140625 0.52421875 0.0234375 0.01953125
0 0.49375 0.5796875 0.02265625 0.0203125
0 0.54375 0.53828125 0.02109375 0.03359375
0 0.571875 0.528125 0.015625 0.0203125
0 0.58203125 0.57578125 0.0171875 0.01640625
0 0.6046875 0.5703125 0.025 0.0125
0 0.62578125 0.7015625 0.0359375 0.03046875
0 0.428125 0.75234375 0.01328125 0.0203125
0 0.34921875 0.7203125 0.025 0.02109375
0 0.2125 0.6765625 0.02421875 0.01953125
0 0.2640625 0.6953125 0.02421875 0.0203125
0 0.29296875 0.6578125 0.0203125 0.0171875
0 0.653125 0.85625 0.025 0.03203125
0 0.7421875 0.7703125 0.01953125 0.02890625