0 0.64140625 0.4375 0.02890625 0.03671875
0 0.78203125 0.31328125 0.0296875 0.034375
0 0.63828125 0.2703125 0.03046875 0.0359375
0 0.5578125 0.240625 0.0359375 0.0328125
0 0.3703125 0.3109375 0.034375 0.0578125
0 0.33046875 0.15546875 0.028125 0.0484375
0 0.55546875 0.47109375 0.034375 0.0375
0 0.43125 0.475 0.034375 0.03125
0 0.24609375 0.24765625 0.034375 0.05625
0 0.553125 0.3796875 0.02734375 0.0265625
0 0.415625 0.10625 0.03203125 0.03515625
0 0.415625 0.3015625 0.03203125 0.03125
0 0.20234375 0.46875 0.02109375 0.02734375
0 0.37265625 0.6421875 0.02734375 0.03125
0 0.3171875 0.65859375 0.02421875 0.02734375
0 0.4140625 0.42578125 0.015625 0.01953125
0 0.65703125 0.1984375 0.0421875 0.04296875
0 0.5859375 0.18984375 0.04296875 0.040625
0 0.84296875 0.4328125 0.02265625 0.025
0 0.959375 0.51171875 0.021875 0.02109375
0 0.128125 0.21484375 0.03125 0.0453125
0 0.29453125 0.56484375 0.028125 0.0296875
0 0.5328125 0.11953125 0.05390625 0.0484375
0 0.07578125 0.05625 0.025 0.03125
0 0.95 0.4203125 0.01953125 0.02109375
0 0.64140625 0.3546875 0.034375 0.040625
0 0.10859375 0.6859375 0.02578125 0.0328125
0 0.52265625 0.4625 0.0328125 0.04609375
0 0.1734375 0.58515625 0.03046875 0.0375
0 0.1109375 0.9078125 0.02578125 0.02578125
0 0.08359375 0.4109375 0.0203125 0.025
0 0.27890625 0.396875 0.04140625 0.046875
0 0.178125 0.91484375 0.04375 0.05390625
0 0.03984375 0.903125 0.01640625 0.025
0 0.7578125 0.50859375 0.03125 0.03046875
0 0.43515625 0.73984375 0.0265625 0.02734375
0 0.865625 0.503125 0.021875 0.0234375
0 0.7875 0.63671875 0.04921875 0.04140625