4 0.375 0.55625 0.04375 0.046875
4 0.4328125 0.66484375 0.059375 0.065625
4 0.49296875 0.47109375 0.040625 0.0453125
4 0.65625 0.359375 0.028125 0.0265625
4 0.7078125 0.2984375 0.028125 0.025
4 0.5984375 0.184375 0.025 0.025
4 0.38671875 0.25390625 0.021875 0.0203125
4 0.31015625 0.30859375 0.0375 0.034375
4 0.26640625 0.45234375 0.03125 0.03125
4 0.29140625 0.42109375 0.03125 0.03125
4 0.196875 0.41640625 0.028125 0.028125
4 0.18515625 0.51640625 0.028125 0.0296875
4 0.21171875 0.5234375 0.025 0.0265625
4 0.24921875 0.57109375 0.028125 0.028125
4 0.253125 0.6328125 0.0265625 0.025
4 0.34609375 0.4671875 0.03125 0.0265625
4 0.29140625 0.515625 0.025 0.028125
4 0.40546875 0.50859375 0.040625 0.028125
4 0.40625 0.4546875 0.0296875 0.034375
4 0.40234375 0.39296875 0.028125 0.021875
4 0.665625 0.47109375 0.05 0.028125
4 0.578125 0.52421875 0.0296875 0.0234375
4 0.540625 0.5734375 0.0203125 0.021875
4 0.56484375 0.6078125 0.028125 0.0234375
4 0.73359375 0.68671875 0.03125 0.028125
4 0.7171875 0.70703125 0.028125 0.028125
4 0.80703125 0.48125 0.025 0.025
4 0.8453125 0.49140625 0.021875 0.025
4 0.79921875 0.32578125 0.025 0.021875
4 0.75078125 0.3828125 0.028125 0.025
4 0.31953125 0.37421875 0.028125 0.025
4 0.4234375 0.1328125 0.0296875 0.03125
4 0.671875 0.23984375 0.025 0.0265625
4 0.4640625 0.5609375 0.03125 0.0265625
4 0.43046875 0.54296875 0.0234375 0.025
4 0.35078125 0.60546875 0.025 0.021875
4 0.34296875 0.62890625 0.0375 0.028125
4 0.284375 0.60234375 0.025 0.021875
4 0.34296875 0.54375 0.0265625 0.028125
4 0.3046875 0.63671875 0.021875 0.0265625
4 0.4 0.70859375 0.03125 0.025
4 0.14140625 0.5140625 0.0296875 0.028125
4 0.2109375 0.46640625 0.028125 0.021875
4 0.22421875 0.43125 0.034375 0.03125