4 0.55625 0.375 0.0484375 0.04375
4 0.66484375 0.4328125 0.065625 0.0609375
4 0.47109375 0.49296875 0.0453125 0.040625
4 0.359375 0.65625 0.0265625 0.028125
4 0.2984375 0.7078125 0.025 0.028125
4 0.184375 0.5984375 0.025 0.025
4 0.25390625 0.38671875 0.0203125 0.021875
4 0.30859375 0.31015625 0.034375 0.0375
4 0.45234375 0.26640625 0.03125 0.03125
4 0.42109375 0.29140625 0.0328125 0.03125
4 0.41640625 0.196875 0.028125 0.028125
4 0.51640625 0.18515625 0.0296875 0.028125
4 0.5234375 0.21171875 0.0265625 0.025
4 0.57109375 0.24921875 0.028125 0.028125
4 0.6328125 0.253125 0.0265625 0.0265625
4 0.4671875 0.34609375 0.0265625 0.03125
4 0.515625 0.29140625 0.028125 0.025
4 0.50859375 0.40546875 0.028125 0.040625
4 0.4546875 0.40625 0.034375 0.0296875
4 0.39296875 0.40234375 0.0234375 0.028125
4 0.47109375 0.665625 0.028125 0.05
4 0.52421875 0.578125 0.0234375 0.0296875
4 0.5734375 0.540625 0.0203125 0.0203125
4 0.6078125 0.56484375 0.0234375 0.028125
4 0.68671875 0.73359375 0.028125 0.03125
4 0.70703125 0.7171875 0.0296875 0.028125
4 0.48125 0.80703125 0.025 0.0265625
4 0.49140625 0.8453125 0.025 0.021875
4 0.32578125 0.79921875 0.021875 0.025
4 0.3828125 0.75078125 0.0265625 0.028125
4 0.37421875 0.31953125 0.0234375 0.0296875
4 0.1328125 0.4234375 0.03125 0.0296875
4 0.23984375 0.671875 0.0265625 0.025
4 0.5609375 0.4640625 0.0265625 0.03125
4 0.54296875 0.43046875 0.025 0.0234375
4 0.60546875 0.35078125 0.021875 0.0234375
4 0.62890625 0.34296875 0.028125 0.0375
4 0.60234375 0.284375 0.0234375 0.0234375
4 0.54375 0.34296875 0.028125 0.0265625
4 0.63671875 0.3046875 0.0265625 0.021875
4 0.70859375 0.4 0.0265625 0.03125
4 0.5140625 0.14140625 0.028125 0.0296875
4 0.46640625 0.2109375 0.021875 0.0296875
4 0.43125 0.22421875 0.0328125 0.034375