4 0.44375 0.625 0.046875 0.04375
4 0.33515625 0.5671875 0.065625 0.059375
4 0.52890625 0.50703125 0.0453125 0.040625
4 0.640625 0.34375 0.0265625 0.028125
4 0.7015625 0.2921875 0.025 0.028125
4 0.815625 0.4015625 0.025 0.025
4 0.74609375 0.61328125 0.0203125 0.021875
4 0.69140625 0.68984375 0.034375 0.0375
4 0.54765625 0.73359375 0.03125 0.03125
4 0.57890625 0.70859375 0.03125 0.03125
4 0.58359375 0.803125 0.028125 0.028125
4 0.48359375 0.81484375 0.0296875 0.028125
4 0.4765625 0.78828125 0.0265625 0.025
4 0.42890625 0.75078125 0.028125 0.028125
4 0.3671875 0.746875 0.025 0.0265625
4 0.5328125 0.65390625 0.0265625 0.03125
4 0.484375 0.70859375 0.028125 0.025
4 0.49140625 0.59453125 0.028125 0.040625
4 0.5453125 0.59375 0.034375 0.0296875
4 0.60703125 0.59765625 0.021875 0.028125
4 0.52890625 0.334375 0.028125 0.05
4 0.47578125 0.421875 0.0234375 0.0296875
4 0.4265625 0.459375 0.021875 0.0203125
4 0.3921875 0.43515625 0.0234375 0.028125
4 0.31328125 0.26640625 0.028125 0.03125
4 0.29296875 0.2828125 0.028125 0.028125
4 0.51875 0.19296875 0.025 0.025
4 0.50859375 0.1546875 0.025 0.021875
4 0.67421875 0.20078125 0.021875 0.025
4 0.6171875 0.24921875 0.025 0.028125
4 0.62578125 0.68046875 0.025 0.028125
4 0.8671875 0.5765625 0.03125 0.0296875
4 0.76015625 0.328125 0.0265625 0.025
4 0.4390625 0.5359375 0.0265625 0.03125
4 0.45703125 0.56953125 0.025 0.0234375
4 0.39453125 0.64921875 0.021875 0.025
4 0.37109375 0.65703125 0.028125 0.0375
4 0.39765625 0.715625 0.021875 0.025
4 0.45625 0.65703125 0.028125 0.0265625
4 0.36328125 0.6953125 0.0265625 0.021875
4 0.29140625 0.6 0.025 0.03125
4 0.4859375 0.85859375 0.028125 0.0296875
4 0.53359375 0.7890625 0.021875 0.028125
4 0.56875 0.77578125 0.03125 0.034375