3 0.45625 0.15234375 0.04375 0.053125
1 0.17109375 0.55234375 0.03828125 0.0484375
1 0.15703125 0.71796875 0.03203125 0.03984375
1 0.38671875 0.64375 0.0578125 0.0609375
1 0.57421875 0.58515625 0.03828125 0.04609375
1 0.4734375 0.60703125 0.01953125 0.025
4 0.67109375 0.6765625 0.0203125 0.028125
4 0.72578125 0.87265625 0.03515625 0.05625
4 0.54140625 0.73828125 0.0234375 0.0328125
3 0.565625 0.68984375 0.021875 0.03515625
3 0.8140625 0.71875 0.03203125 0.03359375
5 0.525 0.4578125 0.015625 0.02734375
3 0.2234375 0.45703125 0.0234375 0.0421875