0 0.62734375 0.27421875 0.04375 0.0484375
0 0.6125 0.36953125 0.034375 0.03125
0 0.5921875 0.51328125 0.028125 0.02578125
0 0.68515625 0.55546875 0.0296875 0.028125
0 0.68984375 0.5984375 0.01796875 0.0203125
0 0.6515625 0.3953125 0.01796875 0.021875
0 0.73359375 0.49609375 0.0171875 0.0203125
0 0.746875 0.62421875 0.0203125 0.02421875
0 0.7265625 0.7640625 0.0234375 0.03125
0 0.6984375 0.73359375 0.01796875 0.02265625
0 0.8734375 0.33515625 0.02421875 0.0265625
0 0.66875 0.2015625 0.01640625 0.01796875
0 0.559375 0.2875 0.0171875 0.02109375
0 0.63984375 0.72890625 0.01640625 0.02109375
0 0.340625 0.19609375 0.0203125 0.02265625
0 0.56875 0.425 0.01640625 0.021875
0 0.4328125 0.2328125 0.01875 0.0234375
0 0.3375 0.2453125 0.01796875 0.02265625
0 0.82734375 0.57109375 0.02734375 0.034375
0 0.4625 0.12265625 0.02421875 0.03203125
0 0.66015625 0.965625 0.01953125 0.025
0 0.8359375 0.6984375 0.02890625 0.03203125
0 0.80703125 0.875 0.0234375 0.0328125
0 0.85703125 0.425 0.0265625 0.03046875
0 0.7796875 0.81015625 0.02421875 0.03125
0 0.490625 0.40859375 0.01640625 0.01953125
0 0.38828125 0.08359375 0.02421875 0.03046875
0 0.22265625 0.17421875 0.025 0.02578125
0 0.93984375 0.753125 0.03125 0.04140625
0 0.35703125 0.08671875 0.0296875 0.03359375
0 0.29765625 0.1515625 0.028125 0.02890625
0 0.5828125 0.9640625 0.01953125 0.02421875
0 0.89453125 0.82578125 0.03359375 0.05390625
0 0.528125 0.7921875 0.0125 0.01875
0 0.415625 0.7453125 0.0140625 0.01640625
0 0.96796875 0.51328125 0.03203125 0.04453125
0 0.296875 0.05390625 0.0296875 0.03046875
0 0.11484375 0.3875 0.01484375 0.0140625
0 0.446875 0.71015625 0.01796875 0.01875
0 0.93046875 0.921875 0.03203125 0.0453125
0 0.828125 0.9734375 0.028125 0.03125