0 0.628125 0.2703125 0.01875 0.02265625
0 0.58671875 0.50625 0.01484375 0.0296875
0 0.6140625 0.37109375 0.0125 0.0328125
0 0.6546875 0.39765625 0.01015625 0.0328125
0 0.67734375 0.55546875 0.0171875 0.0203125
0 0.61015625 0.53828125 0.0171875 0.0234375
0 0.7046875 0.4203125 0.01640625 0.0171875
0 0.7328125 0.49453125 0.01640625 0.025
0 0.5890625 0.3015625 0.01875 0.0296875
0 0.6703125 0.2015625 0.0171875 0.02265625
0 0.5671875 0.4234375 0.01640625 0.0203125
0 0.61015625 0.44453125 0.0140625 0.0203125
0 0.6484375 0.4984375 0.01640625 0.0203125
0 0.61015625 0.56875 0.01484375 0.01640625
0 0.6484375 0.575 0.0109375 0.01640625
0 0.690625 0.60078125 0.0203125 0.0234375
0 0.6671875 0.66796875 0.0171875 0.0265625
0 0.8546875 0.4296875 0.02265625 0.02265625
0 0.4953125 0.4078125 0.02265625 0.0171875
0 0.46484375 0.11796875 0.0234375 0.03515625
0 0.27890625 0.5171875 0.0109375 0.01640625
0 0.33671875 0.5546875 0.02890625 0.0265625
0 0.10078125 0.55703125 0.0125 0.01875
0 0.11640625 0.5609375 0.0078125 0.01640625
0 0.21171875 0.47421875 0.01015625 0.0125
0 0.2234375 0.4734375 0.0125 0.01015625
0 0.1984375 0.4734375 0.00859375 0.01015625
0 0.228125 0.36953125 0.0109375 0.01015625
0 0.2125 0.37578125 0.0125 0.0140625
0 0.24609375 0.36328125 0.0078125 0.01640625
0 0.26640625 0.3671875 0.00859375 0.0140625
0 0.3375 0.25 0.00859375 0.02109375
0 0.54453125 0.53671875 0.00859375 0.0171875
0 0.5796875 0.58125 0.0109375 0.01640625
0 0.59453125 0.59296875 0.01015625 0.01640625
0 0.6359375 0.62109375 0.0078125 0.01640625
0 0.6421875 0.7296875 0.0109375 0.01875
0 0.6203125 0.7140625 0.0140625 0.01484375
0 0.61015625 0.6515625 0.0171875 0.02265625
0 0.6796875 0.6390625 0.01484375 0.01640625
0 0.7015625 0.73515625 0.0140625 0.01484375
0 0.6125 0.746875 0.00859375 0.0109375
0 0.58984375 0.70390625 0.01015625 0.01484375
0 0.36875 0.74296875 0.01484375 0.01640625
0 0.36171875 0.71484375 0.0125 0.01875
0 0.53046875 0.79453125 0.0078125 0.02265625
0 0.66015625 0.77734375 0.0125 0.01484375
0 0.3328125 0.3984375 0.0140625 0.01484375
0 0.3484375 0.4109375 0.0109375 0.0203125
0 0.3453125 0.44140625 0.01015625 0.02109375
0 0.27890625 0.3265625 0.01015625 0.01015625
0 0.2984375 0.3328125 0.0109375 0.0203125
0 0.30703125 0.30625 0.0109375 0.01640625
0 0.31484375 0.3609375 0.00859375 0.0125
0 0.6625 0.96640625 0.0109375 0.0234375
0 0.72734375 0.8140625 0.0140625 0.0234375
0 0.74453125 0.6296875 0.01015625 0.02265625
0 0.7546875 0.66875 0.01640625 0.02265625
0 0.7671875 0.7 0.01484375 0.0234375
0 0.7078125 0.7015625 0.0203125 0.0265625
0 0.70234375 0.6578125 0.01875 0.01875
0 0.759375 0.5796875 0.01875 0.02265625
0 0.721875 0.58984375 0.01640625 0.0265625
0 0.6671875 0.51796875 0.0109375 0.01640625
0 0.653125 0.54140625 0.00859375 0.01015625
0 0.296875 0.15390625 0.0203125 0.0234375
0 0.42890625 0.228125 0.01484375 0.01875
0 0.4375 0.2703125 0.0140625 0.01640625
0 0.3671875 0.3515625 0.0171875 0.0171875
0 0.459375 0.3640625 0.01015625 0.0234375
0 0.34140625 0.196875 0.01953125 0.02265625
0 0.5828125 0.9640625 0.01953125 0.025
0 0.5578125 0.475 0.01484375 0.01953125
0 0.7265625 0.76328125 0.02421875 0.03046875
0 0.8734375 0.33515625 0.0234375 0.0265625
0 0.559375 0.28671875 0.0171875 0.02109375
0 0.8265625 0.5703125 0.0265625 0.034375
0 0.8125 0.4 0.01875 0.02109375
0 0.83671875 0.69765625 0.03046875 0.0328125
0 0.77890625 0.81015625 0.02578125 0.0359375
0 0.29609375 0.053125 0.03046875 0.03046875
0 0.24453125 0.153125 0.02109375 0.021875
0 0.2234375 0.175 0.025 0.025
0 0.80703125 0.8734375 0.02578125 0.034375
0 0.68125 0.925 0.01640625 0.021875
0 0.940625 0.7515625 0.03046875 0.0390625
0 0.06015625 0.5125 0.0203125 0.0203125
0 0.8953125 0.8296875 0.0359375 0.06015625
0 0.96875 0.5109375 0.03203125 0.03984375
0 0.415625 0.7453125 0.01328125 0.01640625
0 0.35703125 0.0875 0.028125 0.03125
0 0.446875 0.71015625 0.0171875 0.01875
0 0.115625 0.38828125 0.0140625 0.01328125
0 0.38828125 0.084375 0.021875 0.028125
0 0.9734375 0.4046875 0.03515625 0.040625
0 0.50078125 0.92109375 0.01171875 0.0140625
0 0.93046875 0.93046875 0.034375 0.05
0 0.4453125 0.825 0.01171875 0.0171875
0 0.77109375 0.9796875 0.021875 0.02734375
0 0.87421875 0.70703125 0.05234375 0.09453125
0 0.03671875 0.42421875 0.02421875 0.03125
0 0.83046875 0.97265625 0.03125 0.03125
0 0.9734375 0.72421875 0.0453125 0.0609375
0 0.85 0.0109375 0.03125 0.021875
0 0.57109375 0.634375 0.02734375 0.03828125