0 0.628125 0.2703125 0.01875 0.02265625
0 0.58671875 0.50625 0.01484375 0.0296875
0 0.6140625 0.37109375 0.0125 0.0328125
0 0.6546875 0.39765625 0.01015625 0.0328125
0 0.67734375 0.55546875 0.0171875 0.0203125
0 0.61015625 0.53828125 0.0171875 0.0234375
0 0.7046875 0.4203125 0.01640625 0.0171875
0 0.7328125 0.49453125 0.01640625 0.025
0 0.5890625 0.3015625 0.01875 0.0296875
0 0.6703125 0.2015625 0.0171875 0.02265625
0 0.5671875 0.4234375 0.01640625 0.0203125
0 0.61015625 0.44453125 0.0140625 0.0203125
0 0.6484375 0.4984375 0.01640625 0.0203125
0 0.61015625 0.56875 0.01484375 0.01640625
0 0.6484375 0.575 0.0109375 0.01640625
0 0.690625 0.60078125 0.0203125 0.0234375
0 0.6671875 0.66796875 0.0171875 0.0265625
0 0.8546875 0.4296875 0.02265625 0.02265625
0 0.4953125 0.4078125 0.02265625 0.0171875
0 0.46484375 0.11796875 0.0234375 0.03515625
0 0.27890625 0.5171875 0.0109375 0.01640625
0 0.33671875 0.5546875 0.02890625 0.0265625
0 0.10078125 0.55703125 0.0125 0.01875
0 0.11640625 0.5609375 0.0078125 0.01640625
0 0.21171875 0.47421875 0.01015625 0.0125
0 0.2234375 0.4734375 0.0125 0.01015625
0 0.1984375 0.4734375 0.00859375 0.01015625
0 0.228125 0.36953125 0.0109375 0.01015625
0 0.2125 0.37578125 0.0125 0.0140625
0 0.24609375 0.36328125 0.0078125 0.01640625
0 0.26640625 0.3671875 0.00859375 0.0140625
0 0.3375 0.25 0.00859375 0.02109375
0 0.54453125 0.53671875 0.00859375 0.0171875
0 0.5796875 0.58125 0.0109375 0.01640625
0 0.59453125 0.59296875 0.01015625 0.01640625
0 0.6359375 0.62109375 0.0078125 0.01640625
0 0.6421875 0.7296875 0.0109375 0.01875
0 0.6203125 0.7140625 0.0140625 0.01484375
0 0.61015625 0.6515625 0.0171875 0.02265625
0 0.6796875 0.6390625 0.01484375 0.01640625
0 0.7015625 0.73515625 0.0140625 0.01484375
0 0.6125 0.746875 0.00859375 0.0109375
0 0.58984375 0.70390625 0.01015625 0.01484375
0 0.36875 0.74296875 0.01484375 0.01640625
0 0.36171875 0.71484375 0.0125 0.01875
0 0.53046875 0.79453125 0.0078125 0.02265625
0 0.66015625 0.77734375 0.0125 0.01484375
0 0.3328125 0.3984375 0.0140625 0.01484375
0 0.3484375 0.4109375 0.0109375 0.0203125
0 0.3453125 0.44140625 0.01015625 0.02109375
0 0.27890625 0.3265625 0.01015625 0.01015625
0 0.2984375 0.3328125 0.0109375 0.0203125
0 0.30703125 0.30625 0.0109375 0.01640625
0 0.31484375 0.3609375 0.00859375 0.0125
0 0.6625 0.96640625 0.0109375 0.0234375
0 0.72734375 0.8140625 0.0140625 0.0234375
0 0.74453125 0.6296875 0.01015625 0.02265625
0 0.7546875 0.66875 0.01640625 0.02265625
0 0.7671875 0.7 0.01484375 0.0234375
0 0.7078125 0.7015625 0.0203125 0.0265625
0 0.70234375 0.6578125 0.01875 0.01875
0 0.759375 0.5796875 0.01875 0.02265625
0 0.721875 0.58984375 0.01640625 0.0265625
0 0.6671875 0.51796875 0.0109375 0.01640625
0 0.653125 0.54140625 0.00859375 0.01015625
0 0.296875 0.15390625 0.0203125 0.0234375
0 0.42890625 0.228125 0.01484375 0.01875
0 0.4375 0.2703125 0.0140625 0.01640625
0 0.3671875 0.3515625 0.0171875 0.0171875
0 0.459375 0.3640625 0.01015625 0.0234375