4 0.78515625 0.16171875 0.0296875 0.028125
4 0.97421875 0.184375 0.034375 0.034375
4 0.853125 0.159375 0.03125 0.028125
4 0.903125 0.196875 0.046875 0.053125
4 0.9421875 0.2734375 0.0359375 0.0328125
4 0.9859375 0.27578125 0.028125 0.0328125
4 0.88515625 0.31875 0.034375 0.059375
4 0.90546875 0.36171875 0.040625 0.040625
4 0.96328125 0.440625 0.0359375 0.0375
4 0.9671875 0.47265625 0.025 0.0296875
4 0.88359375 0.3984375 0.0328125 0.04375
4 0.84453125 0.38984375 0.0421875 0.0390625
4 0.75390625 0.37265625 0.040625 0.0375
4 0.740625 0.31796875 0.0359375 0.0375
4 0.7453125 0.2671875 0.028125 0.025
4 0.7640625 0.11015625 0.03125 0.03125
4 0.6359375 0.13515625 0.0265625 0.025
4 0.6609375 0.16015625 0.0234375 0.025
4 0.6296875 0.2171875 0.03125 0.025
4 0.68125 0.2671875 0.021875 0.0265625
4 0.59765625 0.35546875 0.0328125 0.0359375
4 0.653125 0.3140625 0.0296875 0.028125
4 0.96875 0.57421875 0.040625 0.0640625
4 0.97265625 0.678125 0.0296875 0.034375
4 0.87734375 0.7609375 0.040625 0.0625
4 0.90390625 0.53125 0.028125 0.03125
4 0.8 0.5390625 0.034375 0.0328125
4 0.62109375 0.48828125 0.03125 0.03125
4 0.6125 0.44921875 0.028125 0.025
4 0.540625 0.51015625 0.0234375 0.0265625
4 0.496875 0.5625 0.03125 0.034375
4 0.4359375 0.5734375 0.040625 0.03125
4 0.475 0.5484375 0.0203125 0.0203125
4 0.36015625 0.60078125 0.028125 0.040625
4 0.4015625 0.59375 0.034375 0.040625
4 0.459375 0.40234375 0.025 0.03125
4 0.48828125 0.43515625 0.025 0.028125
4 0.54375 0.40546875 0.03125 0.0296875
4 0.528125 0.26171875 0.03125 0.03125
4 0.55859375 0.11015625 0.03125 0.025
4 0.553125 0.13359375 0.0203125 0.0234375
4 0.5203125 0.15078125 0.03125 0.03125
4 0.48046875 0.20234375 0.0265625 0.028125
4 0.4578125 0.2703125 0.03125 0.03125
4 0.4265625 0.25703125 0.025 0.025
4 0.40078125 0.33828125 0.03125 0.025
4 0.39921875 0.3890625 0.03125 0.034375
4 0.3953125 0.4203125 0.03125 0.034375
4 0.41328125 0.43984375 0.028125 0.0328125
4 0.38125 0.453125 0.028125 0.028125
4 0.1140625 0.4234375 0.0359375 0.034375
4 0.17734375 0.4734375 0.0453125 0.0375
4 0.12578125 0.54296875 0.025 0.028125
4 0.11171875 0.490625 0.025 0.025
4 0.27265625 0.47734375 0.03125 0.0328125
4 0.3390625 0.4234375 0.034375 0.034375
4 0.36875 0.4984375 0.0421875 0.034375
4 0.29453125 0.2765625 0.028125 0.0265625
4 0.3171875 0.2140625 0.021875 0.021875
4 0.3796875 0.17890625 0.028125 0.0359375
4 0.4015625 0.12109375 0.0265625 0.03125
4 0.16953125 0.5984375 0.0390625 0.0296875
4 0.1296875 0.3125 0.025 0.0296875
4 0.11171875 0.35703125 0.021875 0.0203125
4 0.796875 0.2859375 0.0390625 0.0375
4 0.2125 0.71484375 0.04375 0.059375