4 0.01328125 0.6375 0.0265625 0.0375
4 0.6203125 0.80546875 0.05625 0.04375
4 0.76328125 0.44453125 0.05 0.0453125
4 0.259375 0.41796875 0.034375 0.0296875
4 0.23359375 0.3671875 0.025 0.03125
4 0.221875 0.34453125 0.021875 0.0296875
4 0.13984375 0.27734375 0.0421875 0.0484375
4 0.27578125 0.26796875 0.0328125 0.0328125
4 0.02578125 0.403125 0.0359375 0.040625
4 0.0828125 0.5125 0.034375 0.0375
4 0.10625 0.46484375 0.0453125 0.0546875
4 0.1875 0.453125 0.040625 0.040625
4 0.14375 0.4125 0.03125 0.040625
4 0.0265625 0.53203125 0.053125 0.053125