4 0.3625 0.01328125 0.0375 0.0265625
4 0.19453125 0.6203125 0.04375 0.05625
4 0.55546875 0.76328125 0.0453125 0.05
4 0.58203125 0.259375 0.0296875 0.034375
4 0.6328125 0.23359375 0.03125 0.025
4 0.65546875 0.221875 0.0296875 0.021875
4 0.72265625 0.13984375 0.046875 0.0421875
4 0.73203125 0.27578125 0.0328125 0.0328125
4 0.596875 0.02578125 0.040625 0.0359375
4 0.4875 0.0828125 0.0375 0.034375
4 0.53515625 0.10625 0.0546875 0.04375
4 0.546875 0.1875 0.040625 0.040625
4 0.5875 0.14375 0.040625 0.03125
4 0.46796875 0.0265625 0.053125 0.053125