4 0.46328125 0.65234375 0.028125 0.025
4 0.353125 0.4953125 0.040625 0.028125
4 0.3203125 0.5171875 0.025 0.0203125
4 0.3375 0.546875 0.025 0.0265625
4 0.33671875 0.52421875 0.0265625 0.03125
4 0.40234375 0.49765625 0.0265625 0.028125
4 0.4265625 0.475 0.0359375 0.034375
4 0.38984375 0.446875 0.03125 0.0296875
4 0.36796875 0.45703125 0.0265625 0.0265625
4 0.35546875 0.3765625 0.0390625 0.028125
4 0.31484375 0.39140625 0.0375 0.0453125
4 0.3859375 0.3859375 0.028125 0.0359375
4 0.19375 0.43125 0.034375 0.0296875
4 0.2296875 0.50859375 0.028125 0.03125
4 0.30078125 0.68984375 0.0375 0.0515625
4 0.0984375 0.7765625 0.0359375 0.0328125
4 0.090625 0.79296875 0.0296875 0.025
4 0.153125 0.7796875 0.021875 0.0328125
4 0.18046875 0.76796875 0.025 0.028125
4 0.20625 0.74296875 0.028125 0.0359375
4 0.2859375 0.759375 0.028125 0.0296875
4 0.375 0.7 0.0265625 0.028125
4 0.4078125 0.61484375 0.0296875 0.0265625
4 0.4203125 0.6328125 0.028125 0.0296875
4 0.3921875 0.63984375 0.0265625 0.0296875
4 0.40078125 0.68828125 0.025 0.0234375
4 0.40625 0.72109375 0.03125 0.03125
4 0.440625 0.753125 0.0296875 0.03125
4 0.45234375 0.725 0.0296875 0.03125
4 0.54765625 0.29765625 0.0296875 0.0296875
4 0.56015625 0.353125 0.0265625 0.025
4 0.7125 0.49921875 0.0203125 0.0265625
4 0.70859375 0.434375 0.0265625 0.028125
4 0.66640625 0.37890625 0.028125 0.03125
4 0.64375 0.34921875 0.03125 0.03125
4 0.6390625 0.39140625 0.03125 0.03125
4 0.6484375 0.56953125 0.0359375 0.04375
4 0.71015625 0.5859375 0.0203125 0.0265625