4 0.46328125 0.34765625 0.028125 0.025
4 0.353125 0.5046875 0.040625 0.028125
4 0.3203125 0.4828125 0.025 0.021875
4 0.3375 0.453125 0.025 0.025
4 0.33671875 0.47578125 0.0265625 0.03125
4 0.40234375 0.50234375 0.025 0.028125
4 0.4265625 0.525 0.034375 0.034375
4 0.38984375 0.553125 0.03125 0.0296875
4 0.36796875 0.54296875 0.0265625 0.025
4 0.35546875 0.6234375 0.0390625 0.028125
4 0.31484375 0.60859375 0.0375 0.0453125
4 0.3859375 0.6140625 0.028125 0.0359375
4 0.19375 0.56875 0.034375 0.028125
4 0.2296875 0.49140625 0.028125 0.03125
4 0.30078125 0.31015625 0.0375 0.0515625
4 0.0984375 0.2234375 0.034375 0.0328125
4 0.090625 0.20703125 0.028125 0.025
4 0.153125 0.2203125 0.021875 0.03125
4 0.18046875 0.23203125 0.025 0.028125
4 0.20625 0.25703125 0.028125 0.034375
4 0.2859375 0.240625 0.028125 0.0296875
4 0.375 0.3 0.0265625 0.028125
4 0.4078125 0.38515625 0.028125 0.0265625
4 0.4203125 0.3671875 0.028125 0.0296875
4 0.3921875 0.36015625 0.0265625 0.0296875
4 0.40078125 0.31171875 0.025 0.0234375
4 0.40625 0.27890625 0.03125 0.03125
4 0.440625 0.246875 0.028125 0.03125
4 0.45234375 0.275 0.028125 0.03125
4 0.54765625 0.70234375 0.0296875 0.028125
4 0.56015625 0.646875 0.0265625 0.025
4 0.7125 0.50078125 0.021875 0.025
4 0.70859375 0.565625 0.025 0.028125
4 0.66640625 0.62109375 0.028125 0.03125
4 0.64375 0.65078125 0.03125 0.03125
4 0.6390625 0.60859375 0.03125 0.03125
4 0.6484375 0.43046875 0.0359375 0.04375
4 0.71015625 0.4140625 0.0203125 0.025