4 0.61953125 0.46640625 0.0546875 0.05625
4 0.45859375 0.48046875 0.08125 0.05625
4 0.46875 0.575 0.03125 0.034375
4 0.52421875 0.7171875 0.03125 0.028125
4 0.51328125 0.5140625 0.059375 0.028125
4 0.33671875 0.459375 0.028125 0.028125
4 0.2796875 0.54296875 0.028125 0.0234375
4 0.25 0.41328125 0.028125 0.0265625
4 0.43984375 0.42578125 0.025 0.021875
4 0.51484375 0.378125 0.04375 0.040625
4 0.5390625 0.6890625 0.0390625 0.034375
4 0.371875 0.53125 0.03125 0.028125
4 0.37421875 0.5578125 0.028125 0.028125
4 0.45546875 0.7890625 0.0328125 0.034375
4 0.4875 0.7453125 0.034375 0.028125
4 0.56875 0.35546875 0.028125 0.040625
4 0.4953125 0.19375 0.025 0.028125
4 0.5328125 0.19921875 0.028125 0.021875
4 0.7921875 0.321875 0.028125 0.03125
4 0.80390625 0.54609375 0.025 0.01875
4 0.88046875 0.50234375 0.028125 0.028125
4 0.85546875 0.4234375 0.025 0.021875
4 0.83359375 0.4515625 0.0375 0.0328125
4 0.31953125 0.66953125 0.034375 0.03125
4 0.3578125 0.62421875 0.0375 0.034375
4 0.44296875 0.6328125 0.028125 0.028125