4 0.5296875 0.20859375 0.0265625 0.028125
4 0.509375 0.2375 0.034375 0.0296875
4 0.50390625 0.3390625 0.03125 0.0265625
4 0.41875 0.2890625 0.040625 0.040625
4 0.6140625 0.196875 0.0359375 0.034375
4 0.6578125 0.18984375 0.028125 0.025
4 0.62890625 0.10546875 0.0296875 0.028125
4 0.58671875 0.14375 0.025 0.0234375
4 0.5640625 0.1421875 0.0265625 0.025
4 0.53515625 0.14140625 0.025 0.021875
4 0.5359375 0.16640625 0.0265625 0.0234375
4 0.475 0.18515625 0.0328125 0.0296875
4 0.55234375 0.39375 0.021875 0.0234375
4 0.63671875 0.278125 0.028125 0.028125
4 0.62265625 0.89453125 0.03125 0.028125
4 0.54453125 0.821875 0.025 0.028125
4 0.77109375 0.178125 0.0484375 0.0859375
4 0.6875 0.1640625 0.04375 0.0375
4 0.73828125 0.171875 0.0265625 0.0265625
4 0.44296875 0.09140625 0.034375 0.0265625
4 0.29140625 0.9265625 0.0296875 0.03125
4 0.6015625 0.9625 0.034375 0.0515625
4 0.69921875 0.95234375 0.025 0.0328125
4 0.53984375 0.9484375 0.0203125 0.028125
4 0.2703125 0.828125 0.025 0.028125
4 0.36796875 0.27578125 0.028125 0.0296875
4 0.58046875 0.03203125 0.0234375 0.0296875
4 0.52421875 0.01328125 0.0296875 0.0265625