4 0.79140625 0.5296875 0.028125 0.0265625
4 0.7625 0.509375 0.028125 0.034375
4 0.6609375 0.50390625 0.0265625 0.03125
4 0.7109375 0.41875 0.040625 0.040625
4 0.803125 0.6140625 0.034375 0.0375
4 0.81015625 0.6578125 0.025 0.028125
4 0.89453125 0.62890625 0.028125 0.028125
4 0.85625 0.58671875 0.0234375 0.025
4 0.8578125 0.5640625 0.025 0.025
4 0.85859375 0.53515625 0.021875 0.025
4 0.83359375 0.5359375 0.0234375 0.0265625
4 0.81484375 0.475 0.028125 0.03125
4 0.60625 0.55234375 0.021875 0.021875
4 0.721875 0.63671875 0.028125 0.028125
4 0.10546875 0.62265625 0.028125 0.03125
4 0.178125 0.54453125 0.028125 0.025
4 0.821875 0.77109375 0.084375 0.0484375
4 0.8359375 0.6875 0.0375 0.04375
4 0.828125 0.73828125 0.025 0.0265625
4 0.90859375 0.44296875 0.0265625 0.034375
4 0.0734375 0.29140625 0.03125 0.028125
4 0.0375 0.6015625 0.05 0.034375
4 0.04765625 0.69921875 0.03125 0.025
4 0.0515625 0.53984375 0.028125 0.021875
4 0.171875 0.2703125 0.028125 0.025
4 0.72421875 0.36796875 0.0296875 0.028125
4 0.96796875 0.58046875 0.028125 0.0234375
4 0.98671875 0.52421875 0.0265625 0.0296875