0 0.31640625 0.703125 0.02109375 0.0359375
0 0.5765625 0.34609375 0.0265625 0.0375
0 0.5890625 0.46796875 0.01484375 0.025
0 0.5890625 0.628125 0.02734375 0.0328125
0 0.39296875 0.25703125 0.0265625 0.04140625
0 0.3390625 0.4328125 0.01640625 0.03515625
0 0.37578125 0.5046875 0.0109375 0.0171875
0 0.49921875 0.69140625 0.0296875 0.0328125
0 0.4171875 0.7 0.02265625 0.02109375
0 0.50546875 0.5671875 0.0296875 0.0296875
0 0.62578125 0.1984375 0.01640625 0.025
0 0.459375 0.2171875 0.02734375 0.03359375
0 0.29765625 0.27578125 0.02890625 0.0390625