1 0.5265625 0.38515625 0.15390625 0.20546875
1 0.34921875 0.3375 0.04453125 0.06328125
1 0.37421875 0.6453125 0.19296875 0.1703125
3 0.10078125 0.60859375 0.05390625 0.078125
3 0.17109375 0.5828125 0.078125 0.09921875
3 0.24296875 0.61796875 0.04921875 0.07265625
3 0.659375 0.94140625 0.10390625 0.1078125
3 0.53828125 0.7296875 0.05859375 0.06953125
3 0.25 0.48515625 0.04296875 0.128125
4 0.63359375 0.440625 0.0453125 0.1359375
3 0.63515625 0.6890625 0.3125 0.29921875
3 0.28984375 0.2875 0.046875 0.053125