4 0.78046875 0.01796875 0.03125 0.0359375
4 0.515625 0.1453125 0.034375 0.03125
4 0.70078125 0.125 0.0421875 0.04375
4 0.8609375 0.27265625 0.03125 0.0265625
4 0.6640625 0.265625 0.028125 0.034375
4 0.5671875 0.26484375 0.034375 0.0390625
4 0.52734375 0.2359375 0.0234375 0.03125
4 0.4921875 0.23046875 0.021875 0.028125
4 0.3671875 0.35 0.025 0.03125
4 0.38125 0.3125 0.025 0.034375
4 0.51015625 0.315625 0.0234375 0.025
4 0.5484375 0.3234375 0.025 0.0375
4 0.45859375 0.421875 0.0328125 0.034375
4 0.33828125 0.534375 0.0296875 0.034375
4 0.44453125 0.49921875 0.0375 0.0390625
4 0.496875 0.45703125 0.025 0.0296875
4 0.53984375 0.3671875 0.0296875 0.034375
4 0.6265625 0.425 0.03125 0.034375
4 0.74453125 0.3390625 0.0234375 0.028125
4 0.78515625 0.20859375 0.0296875 0.0265625
4 0.66484375 0.20859375 0.034375 0.0328125
4 0.909375 0.1765625 0.028125 0.028125
4 0.8234375 0.36015625 0.028125 0.0296875
4 0.8 0.3890625 0.028125 0.03125
4 0.8375 0.4421875 0.04375 0.065625
4 0.79296875 0.4359375 0.028125 0.03125
4 0.8484375 0.3875 0.025 0.028125
4 0.909375 0.49765625 0.03125 0.028125
4 0.54296875 0.540625 0.03125 0.05
4 0.47734375 0.61796875 0.0546875 0.034375
4 0.28515625 0.49453125 0.0328125 0.03125
4 0.759375 0.52578125 0.028125 0.028125
4 0.7859375 0.54375 0.021875 0.021875
4 0.63125 0.78046875 0.028125 0.0296875
4 0.878125 0.4734375 0.028125 0.025
4 0.80234375 0.265625 0.0265625 0.03125
4 0.90390625 0.56171875 0.034375 0.0359375