4 0.36796875 0.45703125 0.07890625 0.07421875
4 0.34453125 0.49921875 0.05 0.065625
4 0.509375 0.63125 0.04140625 0.05703125
4 0.46328125 0.6625 0.0328125 0.04609375
4 0.45546875 0.5703125 0.0578125 0.05
4 0.32421875 0.653125 0.05390625 0.0703125
4 0.08671875 0.22421875 0.03046875 0.053125
4 0.13046875 0.28515625 0.03125 0.06015625
4 0.0828125 0.3671875 0.0265625 0.0796875
4 0.07109375 0.115625 0.0671875 0.0640625
4 0.38515625 0.1453125 0.07578125 0.1015625
4 0.56796875 0.18125 0.040625 0.05234375
4 0.6734375 0.2265625 0.03515625 0.05234375
4 0.56875 0.3015625 0.03125 0.0390625
4 0.746875 0.6125 0.0328125 0.04375
4 0.490625 0.79765625 0.03046875 0.05
1 0.53203125 0.75859375 0.10546875 0.075
4 0.434375 0.81328125 0.04453125 0.0609375
4 0.396875 0.8625 0.02734375 0.0234375
4 0.3046875 0.834375 0.03125 0.05703125
3 0.52265625 0.90859375 0.08125 0.1359375
3 0.67890625 0.31875 0.2390625 0.1640625
3 0.43984375 0.3875 0.1484375 0.240625
3 0.44765625 0.6015625 0.38515625 0.215625
3 0.6828125 0.72578125 0.05703125 0.23359375
3 0.38828125 0.7953125 0.165625 0.1609375
3 0.2265625 0.53515625 0.18125 0.28203125
3 0.8265625 0.4328125 0.2140625 0.25390625
3 0.21953125 0.16796875 0.23203125 0.2109375