1 0.70703125 0.12421875 0.08515625 0.06796875
4 0.446875 0.2359375 0.071875 0.0484375
4 0.203125 0.43984375 0.0609375 0.0859375
4 0.29140625 0.45859375 0.10625 0.07890625
3 0.24375 0.66484375 0.06171875 0.0703125
3 0.24296875 0.7984375 0.078125 0.0796875
3 0.1359375 0.84765625 0.11015625 0.215625
3 0.11484375 0.63828125 0.1234375 0.06640625
3 0.38203125 0.73046875 0.1625 0.30234375
3 0.071875 0.50859375 0.04609375 0.06640625
3 0.33984375 0.390625 0.246875 0.253125
3 0.5 0.55 0.225 0.16328125
4 0.721875 0.58984375 0.06640625 0.153125
0 0.81015625 0.6890625 0.06953125 0.078125
3 0.67578125 0.3296875 0.31015625 0.15234375
3 0.621875 0.09375 0.334375 0.159375
4 0.49296875 0.37578125 0.11953125 0.10859375
3 0.434375 0.94296875 0.1046875 0.0609375
3 0.64140625 0.68359375 0.1578125 0.203125
3 0.8515625 0.67734375 0.1546875 0.18359375