4 0.26953125 0.28515625 0.0453125 0.040625
4 0.64765625 0.5546875 0.03125 0.0390625
4 0.56796875 0.5953125 0.0359375 0.0375
4 0.115625 0.5328125 0.0328125 0.03125
4 0.12734375 0.48984375 0.0296875 0.0296875
4 0.534375 0.63125 0.01875 0.0234375
4 0.52890625 0.72578125 0.0203125 0.025
4 0.58515625 0.7609375 0.0203125 0.0234375
4 0.74921875 0.63515625 0.0234375 0.028125
4 0.7421875 0.609375 0.025 0.0265625
4 0.76328125 0.47734375 0.025 0.0296875
4 0.69453125 0.46875 0.0265625 0.03125
4 0.73828125 0.50390625 0.0265625 0.025
4 0.78046875 0.51015625 0.0265625 0.028125
4 0.75859375 0.509375 0.0203125 0.025
4 0.88984375 0.56015625 0.028125 0.0296875
4 0.4515625 0.61015625 0.0203125 0.021875
4 0.321875 0.72890625 0.021875 0.0203125