4 0.73046875 0.71484375 0.04375 0.040625
4 0.35234375 0.4453125 0.03125 0.0390625
4 0.43203125 0.4046875 0.0375 0.0375
4 0.884375 0.4671875 0.03125 0.03125
4 0.87265625 0.51015625 0.028125 0.0296875
4 0.465625 0.36875 0.01875 0.0234375
4 0.47109375 0.27421875 0.021875 0.025
4 0.41484375 0.2390625 0.021875 0.025
4 0.25078125 0.36484375 0.021875 0.028125
4 0.2578125 0.390625 0.025 0.025
4 0.23671875 0.52265625 0.025 0.028125
4 0.30546875 0.53125 0.025 0.03125
4 0.26171875 0.49609375 0.0265625 0.025
4 0.21953125 0.48984375 0.0265625 0.028125
4 0.24140625 0.490625 0.01875 0.025
4 0.11015625 0.43984375 0.028125 0.0296875
4 0.5484375 0.38984375 0.01875 0.021875
4 0.678125 0.27109375 0.021875 0.021875