4 0.4140625 0.2140625 0.028125 0.025
4 0.5125 0.3546875 0.0328125 0.03125
4 0.44765625 0.3046875 0.0328125 0.03125
4 0.43828125 0.39296875 0.0234375 0.0265625
4 0.80625 0.14921875 0.028125 0.0265625
4 0.36171875 0.24140625 0.025 0.0234375
4 0.31171875 0.2375 0.0234375 0.025
4 0.2765625 0.21484375 0.025 0.0265625
4 0.23046875 0.3875 0.0203125 0.0265625
4 0.3421875 0.39921875 0.028125 0.03125
4 0.3203125 0.36484375 0.028125 0.0296875
4 0.2546875 0.42265625 0.0328125 0.0328125
4 0.33515625 0.33984375 0.021875 0.025
4 0.17109375 0.26875 0.025 0.021875
4 0.40625 0.16875 0.0296875 0.0328125