4 0.7859375 0.5859375 0.025 0.028125
4 0.6453125 0.4875 0.03125 0.0328125
4 0.6953125 0.55234375 0.03125 0.0328125
4 0.60703125 0.56171875 0.025 0.0234375
4 0.85078125 0.19375 0.0265625 0.028125
4 0.75859375 0.63828125 0.021875 0.025
4 0.7625 0.68828125 0.025 0.021875
4 0.78515625 0.7234375 0.025 0.025
4 0.6125 0.76953125 0.0265625 0.0203125
4 0.60078125 0.6578125 0.03125 0.028125
4 0.63515625 0.6796875 0.0296875 0.028125
4 0.57734375 0.7453125 0.0328125 0.03125
4 0.66015625 0.66484375 0.025 0.021875
4 0.73125 0.82890625 0.021875 0.025
4 0.83125 0.59375 0.03125 0.0296875