4 0.2140625 0.5859375 0.025 0.028125
4 0.3546875 0.4875 0.03125 0.0328125
4 0.3046875 0.55234375 0.03125 0.0328125
4 0.39296875 0.56171875 0.025 0.0234375
4 0.14921875 0.19375 0.0265625 0.028125
4 0.24140625 0.63828125 0.021875 0.025
4 0.2375 0.68828125 0.025 0.021875
4 0.21484375 0.7234375 0.025 0.025
4 0.3875 0.76953125 0.0265625 0.0203125
4 0.39921875 0.6578125 0.03125 0.028125
4 0.36484375 0.6796875 0.0296875 0.028125
4 0.42265625 0.7453125 0.0328125 0.03125
4 0.33984375 0.66484375 0.025 0.021875
4 0.26875 0.82890625 0.021875 0.025
4 0.16875 0.59375 0.03125 0.0296875