4 0.35859375 0.22890625 0.03671875 0.05078125
4 0.1984375 0.25703125 0.0359375 0.0296875
3 0.2375 0.3203125 0.04609375 0.04375
4 0.31953125 0.290625 0.028125 0.02421875
4 0.42890625 0.2796875 0.03828125 0.0328125
4 0.4828125 0.3640625 0.025 0.02421875
4 0.56328125 0.3984375 0.0296875 0.02890625
4 0.3875 0.35703125 0.05078125 0.06484375
3 0.24609375 0.4484375 0.0390625 0.04921875
3 0.34453125 0.49921875 0.028125 0.021875
4 0.4046875 0.6078125 0.040625 0.02265625
3 0.34296875 0.6140625 0.03984375 0.0296875
4 0.55546875 0.65859375 0.0234375 0.02734375
3 0.55 0.73828125 0.0625 0.0421875
3 0.65625 0.70625 0.04375 0.028125
3 0.515625 0.75390625 0.04140625 0.03359375