4 0.5125 0.1734375 0.03515625 0.0421875
4 0.32734375 0.446875 0.040625 0.046875
3 0.4953125 0.29921875 0.0203125 0.03046875
3 0.41015625 0.425 0.034375 0.03671875
3 0.546875 0.403125 0.0234375 0.02890625
4 0.7609375 0.2703125 0.01875 0.0359375
2 0.4984375 0.659375 0.0390625 0.05234375
3 0.628125 0.85625 0.01875 0.0296875
4 0.69140625 0.8609375 0.02421875 0.0234375
4 0.57109375 0.64609375 0.009375 0.0265625
4 0.565625 0.75234375 0.01875 0.025
4 0.4140625 0.61484375 0.01328125 0.01875
3 0.653125 0.20234375 0.015625 0.028125
3 0.4 0.9703125 0.01640625 0.0328125
3 0.575 0.2640625 0.02578125 0.03203125
3 0.39296875 0.3140625 0.02265625 0.0734375