4 0.31484375 0.53046875 0.03125 0.0359375
4 0.5125 0.47578125 0.04375 0.040625
4 0.4015625 0.08828125 0.0375 0.0375
4 0.2984375 0.653125 0.025 0.025
4 0.2765625 0.60859375 0.021875 0.025
4 0.4421875 0.7 0.03125 0.028125
4 0.42421875 0.671875 0.028125 0.03125
4 0.48984375 0.69296875 0.0296875 0.028125
4 0.56875 0.4671875 0.025 0.028125
4 0.67265625 0.5265625 0.03125 0.028125
4 0.6765625 0.60703125 0.021875 0.021875
4 0.62890625 0.41171875 0.0265625 0.028125
4 0.796875 0.34296875 0.021875 0.03125
4 0.53828125 0.71875 0.015625 0.015625
4 0.68125 0.8234375 0.0421875 0.0359375
4 0.4296875 0.82109375 0.028125 0.025