4 0.94140625 0.06171875 0.0453125 0.0328125
4 0.940625 0.0890625 0.01875 0.0171875
4 0.97578125 0.1015625 0.0359375 0.034375
4 0.7390625 0.0234375 0.0203125 0.025
4 0.77890625 0.06328125 0.0234375 0.021875
4 0.75 0.06796875 0.0203125 0.0234375
4 0.7140625 0.07734375 0.0203125 0.021875
4 0.69140625 0.0609375 0.025 0.025
4 0.61015625 0.04140625 0.0203125 0.0203125
4 0.72421875 0.09765625 0.01875 0.0234375
4 0.8640625 0.10703125 0.028125 0.03125
4 0.8453125 0.1375 0.0234375 0.021875
4 0.89140625 0.1234375 0.03125 0.03125
4 0.89765625 0.16484375 0.0234375 0.021875
4 0.71796875 0.1609375 0.0265625 0.01875
4 0.7296875 0.18046875 0.0203125 0.015625
4 0.6421875 0.16875 0.025 0.021875
4 0.60234375 0.2203125 0.0390625 0.0390625
4 0.44453125 0.00859375 0.0296875 0.0171875
4 0.41015625 0.06640625 0.05625 0.03125
4 0.353125 0.19609375 0.021875 0.021875
4 0.4765625 0.184375 0.0234375 0.03125
4 0.50234375 0.25625 0.0234375 0.0265625
4 0.3328125 0.28671875 0.0234375 0.025
4 0.31171875 0.2359375 0.021875 0.028125
4 0.2796875 0.228125 0.0234375 0.025
4 0.16640625 0.29140625 0.025 0.028125
4 0.20390625 0.32890625 0.028125 0.0265625
4 0.37734375 0.4125 0.0234375 0.0234375
4 0.39609375 0.39765625 0.021875 0.0234375
4 0.43203125 0.41640625 0.040625 0.0421875
4 0.37890625 0.478125 0.0375 0.0296875
4 0.534375 0.303125 0.0234375 0.0234375
4 0.63984375 0.37734375 0.03125 0.0359375
4 0.65234375 0.33671875 0.0234375 0.03125
4 0.67265625 0.3984375 0.028125 0.025
4 0.65078125 0.4265625 0.0203125 0.0234375
4 0.6 0.4734375 0.025 0.0265625
4 0.6796875 0.503125 0.0203125 0.0234375
4 0.5890625 0.53671875 0.021875 0.0265625
4 0.5484375 0.5296875 0.0234375 0.0203125
4 0.50078125 0.51875 0.025 0.025
4 0.70390625 0.38828125 0.021875 0.0234375
4 0.6796875 0.43984375 0.0234375 0.021875
4 0.2875 0.50703125 0.0390625 0.034375
4 0.9234375 0.3125 0.0234375 0.0296875
4 0.7796875 0.26328125 0.0203125 0.0203125
4 0.740625 0.3671875 0.0234375 0.025
4 0.79375 0.31015625 0.025 0.028125
4 0.8796875 0.415625 0.0234375 0.028125
4 0.91484375 0.42734375 0.028125 0.025
4 0.91015625 0.39765625 0.021875 0.0234375
4 0.978125 0.33828125 0.028125 0.0265625
4 0.9859375 0.4203125 0.028125 0.0296875
4 0.9625 0.51875 0.0171875 0.0203125
4 0.853125 0.46171875 0.0234375 0.0265625
4 0.8375 0.384375 0.0265625 0.025
4 0.36796875 0.5765625 0.0234375 0.028125
4 0.42734375 0.24296875 0.02734375 0.02265625
4 0.41015625 0.2828125 0.03046875 0.028125
4 0.41015625 0.31953125 0.01484375 0.01796875
4 0.47109375 0.52265625 0.0296875 0.02265625
4 0.26015625 0.53984375 0.025 0.028125
4 0.5484375 0.1578125 0.0265625 0.0234375
4 0.9453125 0.203125 0.034375 0.02578125
4 0.6453125 0.62578125 0.02421875 0.01796875
4 0.73125 0.653125 0.0296875 0.02734375
4 0.640625 0.5546875 0.02109375 0.03359375
4 0.52734375 0.4484375 0.021875 0.0265625
4 0.5 0.41328125 0.0234375 0.01796875
4 0.46953125 0.4875 0.02890625 0.01953125
4 0.46796875 0.5625 0.03515625 0.01796875
4 0.85859375 0.640625 0.0328125 0.03125
4 0.78203125 0.4875 0.03125 0.025
4 0.71796875 0.22734375 0.03203125 0.0421875
4 0.4984375 0.0921875 0.0203125 0.028125