4 0.06171875 0.05859375 0.0328125 0.0453125
4 0.0890625 0.059375 0.0171875 0.01875
4 0.1015625 0.02421875 0.034375 0.034375
4 0.0234375 0.2609375 0.025 0.021875
4 0.06328125 0.22109375 0.021875 0.021875
4 0.06796875 0.25 0.021875 0.0203125
4 0.07734375 0.2859375 0.021875 0.021875
4 0.0609375 0.30859375 0.025 0.025
4 0.04140625 0.38984375 0.0203125 0.0203125
4 0.09765625 0.27578125 0.021875 0.01875
4 0.10703125 0.1359375 0.03125 0.028125
4 0.1375 0.1546875 0.021875 0.0234375
4 0.1234375 0.10859375 0.03125 0.03125
4 0.16484375 0.10234375 0.021875 0.021875
4 0.1609375 0.28203125 0.01875 0.025
4 0.18046875 0.2703125 0.015625 0.01875
4 0.16875 0.3578125 0.021875 0.025
4 0.2203125 0.39765625 0.0390625 0.0375
4 0.00859375 0.55546875 0.0171875 0.0296875
4 0.06640625 0.58984375 0.03125 0.05625
4 0.19609375 0.646875 0.021875 0.021875
4 0.184375 0.5234375 0.03125 0.021875
4 0.25625 0.49765625 0.0265625 0.0234375
4 0.28671875 0.6671875 0.025 0.025
4 0.2359375 0.68828125 0.028125 0.021875
4 0.228125 0.7203125 0.025 0.025
4 0.29140625 0.83359375 0.028125 0.025
4 0.32890625 0.79609375 0.025 0.028125
4 0.4125 0.62265625 0.0234375 0.021875
4 0.39765625 0.60390625 0.021875 0.021875
4 0.41640625 0.56796875 0.0421875 0.040625
4 0.478125 0.62109375 0.0296875 0.0375
4 0.303125 0.465625 0.0234375 0.025
4 0.37734375 0.36015625 0.0359375 0.03125
4 0.33671875 0.34765625 0.03125 0.0234375
4 0.3984375 0.32734375 0.025 0.028125
4 0.4265625 0.34921875 0.021875 0.0203125
4 0.4734375 0.4 0.0265625 0.025
4 0.503125 0.3203125 0.021875 0.0203125
4 0.53671875 0.4109375 0.025 0.021875
4 0.5296875 0.4515625 0.0203125 0.021875
4 0.51875 0.49921875 0.025 0.025
4 0.38828125 0.29609375 0.021875 0.021875
4 0.43984375 0.3203125 0.021875 0.021875
4 0.50703125 0.7125 0.034375 0.0390625
4 0.3125 0.0765625 0.0296875 0.0234375
4 0.26328125 0.2203125 0.01875 0.01875
4 0.3671875 0.259375 0.025 0.0234375
4 0.31015625 0.20625 0.028125 0.025
4 0.415625 0.1203125 0.028125 0.0234375
4 0.42734375 0.08515625 0.025 0.028125
4 0.39765625 0.08984375 0.021875 0.021875
4 0.33828125 0.021875 0.0265625 0.028125
4 0.4203125 0.0140625 0.028125 0.028125
4 0.51875 0.0375 0.01875 0.0171875
4 0.46171875 0.146875 0.025 0.021875
4 0.384375 0.1625 0.025 0.0265625
4 0.5765625 0.63203125 0.028125 0.025