0 0.7078125 0.35625 0.090625 0.0640625
0 0.73359375 0.578125 0.04296875 0.0703125
0 0.3453125 0.4046875 0.0546875 0.0625
0 0.5109375 0.42734375 0.04296875 0.03828125
0 0.5078125 0.125 0.0421875 0.04453125
0 0.8640625 0.1015625 0.0625 0.065625
0 0.46171875 0.8171875 0.05390625 0.04921875
0 0.2296875 0.84375 0.053125 0.04921875
0 0.1578125 0.134375 0.053125 0.05
0 0.3046875 0.60703125 0.03671875 0.046875
0 0.52890625 0.178125 0.0546875 0.040625
0 0.73984375 0.15 0.04921875 0.0453125
0 0.4828125 0.48671875 0.0578125 0.0609375
0 0.87890625 0.5171875 0.0203125 0.02109375
0 0.74296875 0.6 0.0765625 0.08828125
0 0.2671875 0.39609375 0.01875 0.01875
0 0.33359375 0.31953125 0.028125 0.02265625
0 0.51640625 0.70234375 0.02734375 0.02109375
0 0.23359375 0.33828125 0.0390625 0.03828125
0 0.1140625 0.76875 0.03125 0.0328125
0 0.5734375 0.703125 0.0234375 0.0234375
0 0.82578125 0.7765625 0.0359375 0.03046875
0 0.51015625 0.54140625 0.01953125 0.01953125
0 0.91171875 0.56953125 0.01953125 0.01875
0 0.55703125 0.06875 0.02578125 0.021875
0 0.896875 0.36171875 0.021875 0.01953125
0 0.54375 0.825 0.04140625 0.0296875
0 0.50234375 0.6484375 0.02734375 0.0234375
0 0.66796875 0.759375 0.05234375 0.0515625
0 0.20078125 0.6546875 0.0296875 0.02578125
0 0.49609375 0.4734375 0.025 0.0234375
0 0.3890625 0.27890625 0.0265625 0.0328125
0 0.15 0.4 0.04296875 0.03828125
0 0.94375 0.134375 0.08984375 0.0703125
0 0.55546875 0.50625 0.03515625 0.03046875
0 0.0359375 0.134375 0.0296875 0.03125