3 0.35 0.515625 0.05625 0.0234375
3 0.3546875 0.5875 0.03984375 0.01484375
3 0.503125 0.540625 0.03671875 0.0140625
3 0.58046875 0.55390625 0.03125 0.0140625
3 0.6140625 0.6171875 0.04375 0.01640625
4 0.5 0.68359375 0.0296875 0.01171875
3 0.35625 0.66328125 0.06875 0.0296875
3 0.40234375 0.62421875 0.07421875 0.03046875
3 0.628125 0.490625 0.03671875 0.0203125
3 0.63671875 0.540625 0.03828125 0.0140625
3 0.5453125 0.6875 0.04609375 0.0109375
3 0.4296875 0.66953125 0.04296875 0.0140625
3 0.4625 0.6359375 0.03125 0.01171875
4 0.83515625 0.74375 0.03203125 0.01484375
4 0.540625 0.5203125 0.02734375 0.01328125
3 0.1890625 0.52734375 0.02890625 0.01171875
3 0.28125 0.58671875 0.04609375 0.01328125
3 0.44453125 0.58359375 0.12421875 0.03984375
3 0.3390625 0.6390625 0.0390625 0.01796875
3 0.44375 0.69921875 0.0734375 0.02265625
3 0.54765625 0.71640625 0.09375 0.028125
3 0.3109375 0.56171875 0.0328125 0.01328125
3 0.65234375 0.725 0.05 0.02109375