4 0.7296875 0.609375 0.021875 0.025
4 0.26484375 0.43671875 0.03125 0.021875
4 0.21171875 0.565625 0.03125 0.03125
4 0.3515625 0.46171875 0.028125 0.0234375
4 0.49921875 0.3921875 0.025 0.021875
4 0.5609375 0.60703125 0.025 0.028125
4 0.4515625 0.56875 0.025 0.025
4 0.42421875 0.60234375 0.025 0.021875
4 0.321875 0.6640625 0.0390625 0.034375
4 0.3 0.734375 0.021875 0.021875
4 0.2609375 0.80546875 0.021875 0.01875
4 0.43515625 0.725 0.025 0.025
4 0.6234375 0.653125 0.0375 0.034375
4 0.5625 0.8625 0.028125 0.028125
4 0.540625 0.66328125 0.0421875 0.01875
4 0.67578125 0.71015625 0.015625 0.021875
4 0.69296875 0.7625 0.01875 0.0171875
4 0.6765625 0.78125 0.028125 0.025
4 0.22734375 0.72421875 0.0375 0.01875
4 0.10546875 0.728125 0.021875 0.01875