4 0.23203125 0.40625 0.046875 0.053125
4 0.38046875 0.48203125 0.0421875 0.0453125
4 0.28984375 0.528125 0.034375 0.040625
4 0.25 0.56640625 0.0265625 0.0296875
4 0.215625 0.52265625 0.0265625 0.028125
4 0.16796875 0.6125 0.025 0.025
4 0.24140625 0.67890625 0.01875 0.021875
4 0.309375 0.7171875 0.021875 0.021875
4 0.49140625 0.54375 0.021875 0.03125
4 0.50390625 0.57578125 0.01875 0.021875
4 0.65546875 0.48125 0.03125 0.028125
4 0.51171875 0.38828125 0.0265625 0.025
4 0.48125 0.41953125 0.03125 0.0296875
4 0.51015625 0.4296875 0.021875 0.028125
4 0.5140625 0.41171875 0.021875 0.025
4 0.534375 0.42734375 0.0203125 0.021875
4 0.3203125 0.4875 0.034375 0.03125
4 0.3625 0.58671875 0.028125 0.028125
4 0.46953125 0.6109375 0.021875 0.028125
4 0.43671875 0.37890625 0.0375 0.0453125