0 0.19453125 0.26875 0.02890625 0.02890625
0 0.09765625 0.11953125 0.03125 0.03203125
0 0.10625 0.31875 0.021875 0.02578125
0 0.490625 0.509375 0.0234375 0.02890625
0 0.2609375 0.2859375 0.01796875 0.02421875
0 0.23984375 0.32421875 0.02421875 0.0265625
0 0.4953125 0.646875 0.02265625 0.02734375
0 0.10234375 0.5953125 0.0234375 0.02890625
0 0.4984375 0.5515625 0.02265625 0.03359375
0 0.18046875 0.37890625 0.02421875 0.0296875
0 0.23671875 0.146875 0.0265625 0.02734375
0 0.171875 0.52109375 0.021875 0.025
0 0.021875 0.45546875 0.02265625 0.03125
0 0.4 0.63515625 0.02109375 0.0234375
0 0.5703125 0.73515625 0.01953125 0.02421875
0 0.55546875 0.7703125 0.02109375 0.0265625
0 0.1515625 0.61796875 0.02109375 0.0234375
0 0.553125 0.6625 0.0203125 0.02421875
0 0.45078125 0.6390625 0.02265625 0.02578125
0 0.39765625 0.69609375 0.021875 0.0234375
0 0.26171875 0.61640625 0.021875 0.025
0 0.16953125 0.43671875 0.0296875 0.03828125
0 0.0734375 0.540625 0.02265625 0.02734375
0 0.44609375 0.72578125 0.0234375 0.02578125
0 0.48984375 0.7625 0.021875 0.02421875
0 0.3515625 0.5328125 0.01953125 0.0234375
0 0.5921875 0.75390625 0.0203125 0.025
0 0.21484375 0.55546875 0.03125 0.03515625
0 0.35859375 0.26171875 0.02890625 0.03828125
0 0.615625 0.66953125 0.01875 0.025
0 0.54375 0.57109375 0.0203125 0.02421875
0 0.18828125 0.48359375 0.03125 0.03515625
0 0.33671875 0.66875 0.01875 0.02265625
0 0.4390625 0.59140625 0.02578125 0.02734375
0 0.40390625 0.79453125 0.02578125 0.02734375
0 0.425 0.703125 0.02734375 0.02890625
0 0.2734375 0.51640625 0.02734375 0.02890625
0 0.61640625 0.753125 0.01875 0.02421875
0 0.5890625 0.85078125 0.0203125 0.02265625
0 0.0078125 0.23984375 0.015625 0.0265625
0 0.50625 0.05 0.01796875 0.02265625
0 0.77734375 0.903125 0.025 0.03203125
0 0.59765625 0.42109375 0.02265625 0.02265625
0 0.3515625 0.6609375 0.025 0.0265625
0 0.63828125 0.81328125 0.01796875 0.02421875
0 0.6140625 0.49921875 0.01640625 0.025
0 0.5125 0.846875 0.021875 0.0234375
0 0.575 0.92890625 0.028125 0.03125
0 0.98125 0.6828125 0.0375 0.0609375
0 0.0859375 0.70234375 0.01796875 0.0265625
0 0.846875 0.6859375 0.05078125 0.0640625
0 0.584375 0.43359375 0.021875 0.02578125
0 0.571875 0.621875 0.0140625 0.01875
0 0.2921875 0.46796875 0.028125 0.03203125
0 0.6078125 0.553125 0.01796875 0.01875
0 0.36015625 0.39921875 0.0515625 0.04140625
0 0.53515625 0.73125 0.01875 0.02734375