3 0.53046875 0.3625 0.09921875 0.0875
3 0.61875 0.47421875 0.06640625 0.1671875
3 0.72265625 0.4125 0.10625 0.0953125
3 0.825 0.81484375 0.08203125 0.1671875
3 0.95078125 0.91484375 0.0515625 0.084375
3 0.53984375 0.93984375 0.05234375 0.0796875
3 0.38359375 0.53046875 0.1515625 0.13984375
0 0.41015625 0.7890625 0.0328125 0.05703125
3 0.32578125 0.09453125 0.0953125 0.1640625
3 0.740625 0.11953125 0.13984375 0.19921875
3 0.071875 0.7640625 0.06171875 0.0890625
3 0.28046875 0.79609375 0.18046875 0.4078125
4 0.23515625 0.51796875 0.08125 0.09453125
4 0.159375 0.39296875 0.09453125 0.14453125
4 0.4734375 0.2484375 0.08984375 0.07109375
3 0.3546875 0.28359375 0.0484375 0.065625