1 0.66171875 0.684375 0.0421875 0.0265625
1 0.703125 0.67109375 0.0203125 0.0296875
1 0.63359375 0.83203125 0.046875 0.03203125
1 0.6609375 0.90546875 0.0515625 0.03828125
1 0.46953125 0.6640625 0.04921875 0.040625
1 0.46171875 0.3984375 0.04375 0.0421875
1 0.32734375 0.3609375 0.05 0.0296875
1 0.33125 0.4703125 0.0453125 0.025
1 0.20625 0.5453125 0.0421875 0.02265625
1 0.38125 0.47578125 0.034375 0.0375
1 0.60390625 0.5375 0.05390625 0.03046875
1 0.29765625 0.80546875 0.0375 0.0234375
1 0.3171875 0.96484375 0.0421875 0.021875
1 0.3453125 0.93671875 0.0453125 0.01953125
1 0.44375 0.96640625 0.03671875 0.01640625
1 0.39609375 0.865625 0.0296875 0.0203125
1 0.37265625 0.903125 0.03359375 0.0140625
1 0.40546875 0.93203125 0.0328125 0.0125
1 0.65703125 0.959375 0.0359375 0.01796875
1 0.56796875 0.83203125 0.02421875 0.01953125
1 0.2515625 0.821875 0.021875 0.015625
1 0.2625 0.7921875 0.0171875 0.01953125
1 0.37734375 0.8140625 0.02109375 0.01171875
1 0.33671875 0.825 0.02265625 0.01484375
1 0.465625 0.8078125 0.028125 0.0140625
1 0.30390625 0.7453125 0.02265625 0.01640625
1 0.4078125 0.72734375 0.03203125 0.01875
1 0.459375 0.74140625 0.03125 0.02109375
1 0.35625 0.62734375 0.02890625 0.015625
1 0.29609375 0.63515625 0.02734375 0.01875
1 0.22890625 0.659375 0.03203125 0.01484375
1 0.29453125 0.56953125 0.0296875 0.01796875
1 0.4046875 0.54453125 0.025 0.01796875
1 0.6703125 0.615625 0.02734375 0.0234375
1 0.27421875 0.47578125 0.01953125 0.02734375
1 0.30390625 0.3265625 0.0421875 0.0140625
1 0.396875 0.265625 0.0328125 0.02421875
1 0.3328125 0.27265625 0.02265625 0.021875
1 0.240625 0.2453125 0.0234375 0.028125
1 0.2859375 0.2609375 0.03125 0.0296875
1 0.58515625 0.1171875 0.03671875 0.02265625
1 0.65078125 0.134375 0.03203125 0.0203125
1 0.54921875 0.2875 0.025 0.01953125
1 0.7171875 0.32109375 0.03125 0.0171875
1 0.7546875 0.26640625 0.02890625 0.0234375
1 0.66328125 0.39453125 0.0203125 0.028125
1 0.734375 0.68984375 0.028125 0.0125
1 0.659375 0.73515625 0.01484375 0.01796875
1 0.68984375 0.75 0.01640625 0.01875
1 0.5796875 0.78828125 0.01640625 0.0140625
1 0.678125 0.8640625 0.03203125 0.01484375
1 0.4984375 0.60078125 0.0125 0.0140625
1 0.5328125 0.4640625 0.021875 0.01796875
1 0.46484375 0.4875 0.02578125 0.01640625
1 0.25625 0.36796875 0.01875 0.0109375
1 0.2515625 0.31640625 0.015625 0.0203125
1 0.58515625 0.2421875 0.0171875 0.0140625
1 0.66015625 0.21015625 0.02109375 0.01796875
1 0.6359375 0.3265625 0.0109375 0.0171875
1 0.75546875 0.3140625 0.021875 0.01328125
1 0.83984375 0.36171875 0.02265625 0.025
1 0.8828125 0.34140625 0.01875 0.01875
1 0.9234375 0.34921875 0.02109375 0.01796875
1 0.86640625 0.3046875 0.01875 0.009375
1 0.9 0.24765625 0.02890625 0.01328125
1 0.8984375 0.2859375 0.0140625 0.01953125
1 0.8640625 0.28046875 0.02265625 0.0140625
1 0.9875 0.265625 0.0171875 0.0140625
1 0.91640625 0.26875 0.0203125 0.00859375
1 0.85390625 0.23359375 0.0171875 0.01171875
1 0.828125 0.2421875 0.0171875 0.01328125
1 0.82109375 0.27421875 0.0203125 0.01328125
1 0.79765625 0.16015625 0.01328125 0.01640625
1 0.771875 0.175 0.0171875 0.01796875
1 0.74453125 0.159375 0.01875 0.0109375
1 0.75390625 0.1390625 0.021875 0.0140625
1 0.690625 0.12265625 0.02109375 0.01015625
1 0.6609375 0.0984375 0.01796875 0.01875
1 0.6265625 0.103125 0.01796875 0.00546875
1 0.6171875 0.134375 0.015625 0.015625
1 0.6765625 0.47265625 0.01796875 0.01171875
1 0.790625 0.55703125 0.01875 0.0125
1 0.95625 0.5234375 0.01171875 0.01015625
1 0.77734375 0.57421875 0.0203125 0.01875
1 0.67109375 0.55078125 0.0140625 0.0140625
1 0.67265625 0.59140625 0.01640625 0.01328125
1 0.8359375 0.70703125 0.0234375 0.0171875
1 0.75 0.8546875 0.02890625 0.02109375
1 0.73125 0.9109375 0.01484375 0.015625
1 0.71328125 0.9296875 0.015625 0.0109375
1 0.52421875 0.671875 0.01796875 0.02421875
1 0.6015625 0.69921875 0.0125 0.01796875
1 0.565625 0.70703125 0.01328125 0.0140625
1 0.5625 0.7359375 0.009375 0.01015625
1 0.6296875 0.76328125 0.0109375 0.00625
1 0.6125 0.77890625 0.015625 0.0125
1 0.6296875 0.79609375 0.0140625 0.00703125
1 0.715625 0.60546875 0.01484375 0.00625
1 0.65 0.41875 0.01328125 0.00703125
1 0.7578125 0.35703125 0.0140625 0.00703125
1 0.7359375 0.23359375 0.0171875 0.009375
1 0.7 0.2390625 0.0109375 0.01484375
1 0.671875 0.25625 0.0125 0.015625
1 0.6296875 0.0375 0.01796875 0.015625
1 0.44609375 0.02265625 0.0171875 0.01484375
1 0.54140625 0.11875 0.02109375 0.009375
1 0.63671875 0.153125 0.01015625 0.0109375
1 0.6546875 0.17109375 0.01640625 0.0109375
1 0.31953125 0.203125 0.015625 0.01171875
1 0.2078125 0.22421875 0.0203125 0.01171875
1 0.1890625 0.2890625 0.0171875 0.0109375
1 0.24375 0.1859375 0.01484375 0.01484375
1 0.37265625 0.0984375 0.01328125 0.01015625
1 0.40078125 0.11328125 0.0140625 0.01171875
1 0.3390625 0.14453125 0.021875 0.0125
1 0.29453125 0.140625 0.01640625 0.015625
1 0.25546875 0.153125 0.0125 0.01171875
1 0.26484375 0.165625 0.0234375 0.01015625
1 0.4296875 0.2359375 0.01953125 0.0125
1 0.50078125 0.38671875 0.0171875 0.01953125
1 0.24453125 0.70078125 0.015625 0.01171875
1 0.1484375 0.3484375 0.015625 0.0171875
1 0.1984375 0.35390625 0.01796875 0.01875
1 0.1765625 0.44296875 0.02265625 0.015625
1 0.36171875 0.16640625 0.01953125 0.0140625
1 0.32109375 0.178125 0.01171875 0.01328125
1 0.4359375 0.16796875 0.02265625 0.0140625
1 0.065625 0.3015625 0.00859375 0.0140625
1 0.1953125 0.23984375 0.01640625 0.00546875