3 0.128125 0.2921875 0.0421875 0.04921875
3 0.04296875 0.35234375 0.02734375 0.04453125
3 0.20859375 0.7328125 0.04375 0.07421875
3 0.39453125 0.4921875 0.0265625 0.03671875
3 0.45234375 0.5953125 0.03671875 0.03828125
3 0.53515625 0.6359375 0.0671875 0.11328125
3 0.3796875 0.78125 0.03359375 0.0453125
3 0.60078125 0.70625 0.0390625 0.06875
3 0.84140625 0.3265625 0.04453125 0.05234375
3 0.81171875 0.7484375 0.028125 0.06796875
3 0.77109375 0.47265625 0.0265625 0.04453125
3 0.09765625 0.5546875 0.05625 0.0953125
3 0.84921875 0.53203125 0.03203125 0.05625
3 0.7734375 0.646875 0.02734375 0.06328125