4 0.4328125 0.48359375 0.025 0.028125
4 0.49140625 0.5765625 0.0203125 0.021875
4 0.39921875 0.5296875 0.01875 0.01875
4 0.33671875 0.53125 0.025 0.0265625
4 0.41640625 0.434375 0.01875 0.021875
4 0.45546875 0.44296875 0.01875 0.01875
4 0.34609375 0.35703125 0.021875 0.021875
4 0.2734375 0.22421875 0.0234375 0.021875
4 0.25703125 0.5015625 0.025 0.025
4 0.271875 0.54765625 0.0234375 0.0265625
4 0.3453125 0.45078125 0.025 0.03125
4 0.26171875 0.484375 0.01875 0.01875
4 0.24921875 0.33828125 0.028125 0.028125
4 0.21015625 0.2921875 0.034375 0.0484375