4 0.48359375 0.5671875 0.028125 0.025
4 0.5765625 0.50859375 0.021875 0.0203125
4 0.5296875 0.60078125 0.01875 0.01875
4 0.53125 0.66328125 0.0265625 0.025
4 0.434375 0.58359375 0.021875 0.01875
4 0.44296875 0.54453125 0.01875 0.01875
4 0.35703125 0.65390625 0.021875 0.021875
4 0.22421875 0.7265625 0.021875 0.0234375
4 0.5015625 0.74296875 0.025 0.025
4 0.54765625 0.728125 0.0265625 0.0234375
4 0.45078125 0.6546875 0.03125 0.025
4 0.484375 0.73828125 0.01875 0.01875
4 0.33828125 0.75078125 0.028125 0.028125
4 0.2921875 0.78984375 0.0484375 0.034375