4 0.63046875 0.38984375 0.0546875 0.05625
4 0.58046875 0.2734375 0.0375 0.040625
4 0.53984375 0.1671875 0.03125 0.0359375
4 0.71015625 0.221875 0.0359375 0.0296875
4 0.67890625 0.27890625 0.109375 0.05625
4 0.62421875 0.240625 0.0390625 0.028125
4 0.628125 0.17109375 0.034375 0.040625
4 0.60859375 0.1515625 0.028125 0.025
4 0.80078125 0.53515625 0.0390625 0.04375
4 0.73671875 0.45390625 0.0359375 0.0359375
4 0.64375 0.46484375 0.0265625 0.028125
4 0.68359375 0.45625 0.0375 0.059375
4 0.73203125 0.521875 0.034375 0.0421875
4 0.54921875 0.53046875 0.034375 0.0296875
4 0.5390625 0.5625 0.0265625 0.0296875
4 0.55625 0.41171875 0.04375 0.059375
4 0.58046875 0.34765625 0.0265625 0.0359375
4 0.65078125 0.52734375 0.065625 0.0671875