4 0.36953125 0.61015625 0.0546875 0.05625
4 0.41953125 0.7265625 0.0375 0.040625
4 0.46015625 0.8328125 0.03125 0.034375
4 0.28984375 0.778125 0.034375 0.028125
4 0.32109375 0.72109375 0.109375 0.05625
4 0.37578125 0.759375 0.040625 0.028125
4 0.371875 0.82890625 0.034375 0.040625
4 0.39140625 0.8484375 0.0265625 0.025
4 0.19921875 0.46484375 0.0390625 0.04375
4 0.26328125 0.54609375 0.0375 0.0359375
4 0.35625 0.53515625 0.0265625 0.028125
4 0.31640625 0.54375 0.0375 0.059375
4 0.26796875 0.478125 0.034375 0.040625
4 0.45078125 0.46953125 0.034375 0.0296875
4 0.4609375 0.4375 0.025 0.0296875
4 0.44375 0.58828125 0.04375 0.059375
4 0.41953125 0.65234375 0.0265625 0.0359375
4 0.34921875 0.47265625 0.065625 0.0671875