4 0.4078125 0.553125 0.0296875 0.0359375
4 0.253125 0.5890625 0.0296875 0.0359375
4 0.50703125 0.37578125 0.0453125 0.0453125
4 0.54921875 0.46796875 0.0546875 0.0515625
4 0.62265625 0.4296875 0.03125 0.0265625
4 0.62109375 0.37734375 0.034375 0.03125
4 0.59375 0.403125 0.034375 0.03125
4 0.75859375 0.36171875 0.03125 0.0296875
4 0.7109375 0.41328125 0.0265625 0.03125
4 0.87890625 0.45 0.025 0.021875
4 0.52890625 0.73359375 0.0234375 0.0234375
4 0.55234375 0.78828125 0.025 0.0265625
4 0.3234375 0.57109375 0.0234375 0.0234375
4 0.34140625 0.615625 0.021875 0.0265625
4 0.49765625 0.15 0.0296875 0.028125
4 0.46953125 0.09375 0.0265625 0.028125
4 0.68828125 0.11953125 0.0328125 0.0359375
4 0.65 0.2203125 0.0265625 0.028125
4 0.89921875 0.228125 0.0359375 0.03125
4 0.9359375 0.13984375 0.0234375 0.0296875
4 0.953125 0.11328125 0.0234375 0.0265625
4 0.94296875 0.02734375 0.0375 0.03125
4 0.83203125 0.309375 0.034375 0.0453125
4 0.50546875 0.228125 0.025 0.025