4 0.4078125 0.446875 0.028125 0.0375
4 0.253125 0.4109375 0.0296875 0.034375
4 0.50703125 0.62421875 0.04375 0.0453125
4 0.54921875 0.53203125 0.0546875 0.05
4 0.62265625 0.5703125 0.03125 0.0265625
4 0.62109375 0.62265625 0.034375 0.03125
4 0.59375 0.596875 0.034375 0.03125
4 0.75859375 0.63828125 0.03125 0.0296875
4 0.7109375 0.58671875 0.0265625 0.03125
4 0.87890625 0.55 0.025 0.021875
4 0.52890625 0.26640625 0.0234375 0.025
4 0.55234375 0.21171875 0.025 0.0265625
4 0.3234375 0.42890625 0.025 0.025
4 0.34140625 0.384375 0.021875 0.0265625
4 0.49765625 0.85 0.0296875 0.028125
4 0.46953125 0.90625 0.025 0.028125
4 0.68828125 0.88046875 0.0328125 0.0359375
4 0.65 0.7796875 0.0265625 0.028125
4 0.89921875 0.771875 0.0359375 0.03125
4 0.9359375 0.86015625 0.021875 0.028125
4 0.953125 0.88671875 0.0234375 0.0265625
4 0.94296875 0.97265625 0.0375 0.03125
4 0.83203125 0.690625 0.034375 0.04375
4 0.50546875 0.771875 0.025 0.025