4 0.5921875 0.553125 0.028125 0.0375
4 0.746875 0.5890625 0.0296875 0.034375
4 0.49296875 0.37578125 0.04375 0.0453125
4 0.45078125 0.46796875 0.0546875 0.05
4 0.37734375 0.4296875 0.03125 0.0265625
4 0.37890625 0.37734375 0.034375 0.03125
4 0.40625 0.403125 0.034375 0.03125
4 0.24140625 0.36171875 0.03125 0.0296875
4 0.2890625 0.41328125 0.0265625 0.03125
4 0.12109375 0.45 0.025 0.021875
4 0.47109375 0.73359375 0.0234375 0.025
4 0.44765625 0.78828125 0.025 0.0265625
4 0.6765625 0.57109375 0.025 0.025
4 0.65859375 0.615625 0.021875 0.0265625
4 0.50234375 0.15 0.0296875 0.028125
4 0.53046875 0.09375 0.025 0.028125
4 0.31171875 0.11953125 0.0328125 0.0359375
4 0.35 0.2203125 0.0265625 0.028125
4 0.10078125 0.228125 0.0359375 0.03125
4 0.0640625 0.13984375 0.021875 0.028125
4 0.046875 0.11328125 0.0234375 0.0265625
4 0.05703125 0.02734375 0.0375 0.03125
4 0.16796875 0.309375 0.034375 0.04375
4 0.49453125 0.228125 0.025 0.025