4 0.57109375 0.67734375 0.034375 0.0328125
4 0.4140625 0.40625 0.0390625 0.0359375
4 0.56640625 0.20234375 0.0703125 0.078125
4 0.1859375 0.3296875 0.059375 0.0875
4 0.42734375 0.23359375 0.0453125 0.0484375
4 0.33203125 0.25078125 0.0265625 0.03125
4 0.234375 0.23359375 0.0375 0.0296875
4 0.2484375 0.27421875 0.0234375 0.028125
4 0.1953125 0.259375 0.0265625 0.03125
4 0.23984375 0.11875 0.05 0.040625
4 0.31015625 0.14921875 0.0359375 0.059375
4 0.0921875 0.3578125 0.0265625 0.034375
4 0.6203125 0.33671875 0.0328125 0.0375
4 0.56953125 0.32265625 0.0359375 0.040625
4 0.70859375 0.13203125 0.040625 0.040625
4 0.5640625 0.51484375 0.0359375 0.0375
4 0.6296875 0.490625 0.03125 0.0359375
4 0.55234375 0.3828125 0.0359375 0.034375
4 0.4 0.45625 0.03125 0.0421875
4 0.4125 0.64921875 0.0296875 0.03125
4 0.52109375 0.721875 0.0265625 0.0296875
4 0.615625 0.7765625 0.0234375 0.025
4 0.471875 0.57734375 0.034375 0.046875
4 0.484375 0.70390625 0.040625 0.0734375
4 0.45390625 0.2015625 0.0296875 0.03125
4 0.4890625 0.13046875 0.040625 0.034375
4 0.49453125 0.01875 0.046875 0.0375