4 0.32265625 0.57109375 0.03125 0.034375
4 0.59375 0.4140625 0.0359375 0.0390625
4 0.79765625 0.56640625 0.078125 0.0703125
4 0.6703125 0.1859375 0.0875 0.059375
4 0.76640625 0.42734375 0.0484375 0.04375
4 0.74921875 0.33203125 0.03125 0.0265625
4 0.76640625 0.234375 0.0296875 0.0375
4 0.72578125 0.2484375 0.028125 0.0234375
4 0.740625 0.1953125 0.03125 0.0265625
4 0.88125 0.23984375 0.040625 0.05
4 0.85078125 0.31015625 0.059375 0.034375
4 0.6421875 0.0921875 0.034375 0.025
4 0.66328125 0.6203125 0.0375 0.0328125
4 0.67734375 0.56953125 0.040625 0.0375
4 0.86796875 0.70859375 0.040625 0.040625
4 0.48515625 0.5640625 0.0375 0.034375
4 0.509375 0.6296875 0.0359375 0.03125
4 0.6171875 0.55234375 0.034375 0.0359375
4 0.54375 0.4 0.0421875 0.03125
4 0.35078125 0.4125 0.03125 0.028125
4 0.278125 0.52109375 0.0296875 0.025
4 0.2234375 0.615625 0.025 0.021875
4 0.42265625 0.471875 0.046875 0.034375
4 0.29609375 0.484375 0.0734375 0.040625
4 0.7984375 0.45390625 0.03125 0.028125
4 0.86953125 0.4890625 0.034375 0.040625
4 0.98125 0.49453125 0.0375 0.046875