0 0.634375 0.4734375 0.0234375 0.03125
0 0.07578125 0.17578125 0.03125 0.03984375
0 0.64765625 0.53828125 0.0125 0.01484375
0 0.54375 0.5125 0.01953125 0.02421875
0 0.40859375 0.02734375 0.0359375 0.040625
0 0.17109375 0.24375 0.0265625 0.03203125
0 0.17421875 0.1765625 0.03671875 0.04375
0 0.6078125 0.41328125 0.0140625 0.015625
0 0.50625 0.50234375 0.01484375 0.0171875
0 0.5015625 0.46328125 0.01484375 0.01796875
0 0.5140625 0.5328125 0.0140625 0.0171875
0 0.63828125 0.4328125 0.0125 0.0125
0 0.2640625 0.17265625 0.01875 0.0234375
0 0.9671875 0.3078125 0.01796875 0.0203125
0 0.553125 0.4796875 0.03515625 0.03984375
0 0.07890625 0.3578125 0.0296875 0.05703125
0 0.134375 0.49296875 0.03828125 0.04296875
0 0.24453125 0.32578125 0.02578125 0.03828125
0 0.97265625 0.43046875 0.02578125 0.0265625
0 0.284375 0.21640625 0.03203125 0.0359375
0 0.846875 0.12421875 0.03515625 0.03828125
0 0.51640625 0.4328125 0.015625 0.02109375
0 0.38359375 0.8546875 0.0234375 0.03203125
0 0.50390625 0.44140625 0.01953125 0.0265625
0 0.17109375 0.615625 0.034375 0.0375
0 0.88828125 0.53125 0.02890625 0.03359375
0 0.94765625 0.58671875 0.040625 0.0421875
0 0.996875 0.40546875 0.00625 0.0234375
0 0.3 0.2578125 0.021875 0.02734375