4 0.409375 0.6453125 0.034375 0.0390625
4 0.4515625 0.234375 0.0328125 0.034375
4 0.33671875 0.4671875 0.0265625 0.040625
4 0.38359375 0.45703125 0.0203125 0.0203125
4 0.36796875 0.39140625 0.0265625 0.0296875
4 0.41875 0.44140625 0.0265625 0.0265625
4 0.5203125 0.475 0.03125 0.0328125
4 0.50390625 0.3484375 0.0359375 0.0421875
4 0.63515625 0.2484375 0.034375 0.034375
4 0.62421875 0.1671875 0.0234375 0.0296875
4 0.58203125 0.284375 0.0296875 0.0453125
4 0.70078125 0.3890625 0.0390625 0.065625
4 0.8109375 0.40078125 0.0375 0.0390625
4 0.93828125 0.5140625 0.0359375 0.0484375
4 0.78359375 0.85546875 0.0328125 0.0390625
4 0.3390625 0.746875 0.028125 0.034375
4 0.44296875 0.71640625 0.0359375 0.0359375
4 0.49765625 0.74765625 0.0484375 0.0421875
4 0.3828125 0.56328125 0.028125 0.0359375
4 0.43359375 0.5703125 0.03125 0.0359375
4 0.475 0.5078125 0.034375 0.0359375
4 0.290625 0.5703125 0.028125 0.0296875
4 0.2765625 0.7421875 0.028125 0.0359375
4 0.5171875 0.628125 0.040625 0.05625
4 0.5890625 0.7 0.05625 0.065625
4 0.5734375 0.8109375 0.08125 0.0765625