4 0.3546875 0.409375 0.0375 0.034375
4 0.765625 0.4515625 0.034375 0.03125
4 0.5328125 0.33671875 0.040625 0.0265625
4 0.54296875 0.38359375 0.01875 0.0203125
4 0.60859375 0.36796875 0.0296875 0.0265625
4 0.55859375 0.41875 0.0265625 0.025
4 0.525 0.5203125 0.03125 0.03125
4 0.6515625 0.50390625 0.040625 0.0359375
4 0.7515625 0.63515625 0.034375 0.034375
4 0.8328125 0.62421875 0.028125 0.025
4 0.715625 0.58203125 0.04375 0.0296875
4 0.6109375 0.70078125 0.065625 0.0375
4 0.59921875 0.8109375 0.0375 0.0375
4 0.4859375 0.93828125 0.046875 0.0359375
4 0.14453125 0.78359375 0.0390625 0.0328125
4 0.253125 0.3390625 0.034375 0.028125
4 0.28359375 0.44296875 0.0359375 0.0359375
4 0.25234375 0.49765625 0.0421875 0.0484375
4 0.43671875 0.3828125 0.0359375 0.028125
4 0.4296875 0.43359375 0.034375 0.03125
4 0.4921875 0.475 0.034375 0.034375
4 0.4296875 0.290625 0.028125 0.028125
4 0.2578125 0.2765625 0.034375 0.028125
4 0.371875 0.5171875 0.05625 0.040625
4 0.3 0.5890625 0.065625 0.05625
4 0.1890625 0.5734375 0.075 0.08125