4 0.59453125 0.47109375 0.0515625 0.0859375
4 0.77109375 0.45234375 0.040625 0.0484375
4 0.48046875 0.38671875 0.0390625 0.0390625
4 0.89921875 0.83984375 0.0265625 0.0296875
4 0.89453125 0.73671875 0.0328125 0.0328125
4 0.634375 0.73359375 0.0390625 0.0421875
4 0.49609375 0.91640625 0.03125 0.034375
4 0.49296875 0.81171875 0.028125 0.0328125
4 0.609375 0.8578125 0.0296875 0.03125
4 0.4953125 0.63203125 0.0328125 0.03125
4 0.415625 0.63984375 0.040625 0.0390625
4 0.45390625 0.7125 0.0265625 0.0328125
4 0.45 0.43984375 0.034375 0.04375
4 0.69765625 0.42109375 0.0296875 0.03125
4 0.8890625 0.44453125 0.03125 0.0453125