4 0.40546875 0.47109375 0.053125 0.084375
4 0.22890625 0.45234375 0.040625 0.0484375
4 0.51953125 0.38671875 0.0375 0.0375
4 0.10078125 0.83984375 0.025 0.0296875
4 0.10546875 0.73671875 0.03125 0.03125
4 0.365625 0.73359375 0.0390625 0.0421875
4 0.50390625 0.91640625 0.03125 0.034375
4 0.50703125 0.81171875 0.028125 0.0328125
4 0.390625 0.8578125 0.0296875 0.03125
4 0.5046875 0.63203125 0.0328125 0.03125
4 0.584375 0.63984375 0.040625 0.0375
4 0.54609375 0.7125 0.025 0.0328125
4 0.55 0.43984375 0.034375 0.04375
4 0.30234375 0.42109375 0.0296875 0.03125
4 0.1109375 0.44453125 0.03125 0.0453125