0 0.58203125 0.275 0.0078125 0.01015625
0 0.75234375 0.3828125 0.00859375 0.01015625
0 0.50625 0.9078125 0.00390625 0.0078125
0 0.475 0.9109375 0.00390625 0.0046875
0 0.4828125 0.9171875 0.00390625 0.00390625
0 0.49140625 0.9203125 0.00390625 0.0046875
0 0.50625 0.92890625 0.0046875 0.00390625
0 0.51484375 0.9015625 0.00390625 0.00390625
0 0.5234375 0.90234375 0.00234375 0.00390625
0 0.52890625 0.8984375 0.00390625 0.00390625
0 0.51953125 0.8921875 0.00390625 0.00390625
0 0.5078125 0.89765625 0.00234375 0.00390625
0 0.50078125 0.8828125 0.00390625 0.00390625
0 0.47421875 0.8859375 0.00625 0.00390625
0 0.5046875 0.85546875 0.00390625 0.0046875
0 0.45859375 0.87578125 0.0046875 0.00390625
0 0.52265625 0.87578125 0.0046875 0.0046875
0 0.5328125 0.884375 0.00390625 0.00390625
0 0.51015625 0.8765625 0.0046875 0.00390625
0 0.51796875 0.86015625 0.0046875 0.0046875
0 0.5328125 0.8578125 0.0046875 0.00625
0 0.5453125 0.8609375 0.00390625 0.00234375
0 0.5484375 0.8546875 0.00234375 0.00390625
0 0.5515625 0.8609375 0.00390625 0.00390625
0 0.5515625 0.8921875 0.00390625 0.00625
0 0.51640625 0.9078125 0.00234375 0.00234375
0 0.47421875 0.9046875 0.00234375 0.00390625
0 0.5 0.8890625 0.00390625 0.00390625
0 0.47734375 0.86796875 0.0046875 0.00390625
0 0.5328125 0.9078125 0.00390625 0.0046875
0 0.5640625 0.88359375 0.00390625 0.00390625
0 0.52578125 0.8859375 0.00390625 0.00390625
0 0.52890625 0.871875 0.00390625 0.00390625
0 0.484375 0.8953125 0.00390625 0.00390625
0 0.48125 0.8765625 0.00390625 0.00390625
0 0.4921875 0.871875 0.00390625 0.00390625
0 0.46953125 0.90078125 0.00390625 0.00390625