4 0.446875 0.3515625 0.0640625 0.046875
4 0.32265625 0.4859375 0.0546875 0.03125
4 0.40859375 0.48515625 0.0515625 0.0421875
4 0.453125 0.41953125 0.03125 0.0296875
4 0.5515625 0.52421875 0.0375 0.028125
4 0.6046875 0.5890625 0.0390625 0.0296875
4 0.4375 0.6296875 0.0390625 0.0359375
4 0.2828125 0.5625 0.028125 0.0359375
4 0.3625 0.5328125 0.0234375 0.021875
4 0.20625 0.42890625 0.03125 0.028125
4 0.053125 0.55859375 0.028125 0.028125
4 0.32578125 0.39296875 0.0375 0.0375
4 0.26328125 0.51484375 0.028125 0.025
4 0.0140625 0.39140625 0.028125 0.034375
4 0.0515625 0.3515625 0.0296875 0.03125
4 0.57578125 0.403125 0.025 0.021875
4 0.4890625 0.2 0.025 0.025
4 0.421875 0.2515625 0.03125 0.03125
4 0.58828125 0.01953125 0.028125 0.025
4 0.4515625 0.38671875 0.028125 0.025
4 0.61015625 0.43828125 0.0703125 0.0390625
4 0.1953125 0.4625 0.03125 0.03125