4 0.3515625 0.553125 0.046875 0.0640625
4 0.4859375 0.67734375 0.03125 0.0546875
4 0.48515625 0.59140625 0.0421875 0.0515625
4 0.41953125 0.546875 0.0296875 0.03125
4 0.52421875 0.4484375 0.028125 0.0375
4 0.5890625 0.3953125 0.0296875 0.0390625
4 0.6296875 0.5625 0.0359375 0.0390625
4 0.5625 0.7171875 0.0359375 0.028125
4 0.5328125 0.6375 0.021875 0.0234375
4 0.42890625 0.79375 0.028125 0.03125
4 0.55859375 0.946875 0.028125 0.028125
4 0.39296875 0.67421875 0.0375 0.0375
4 0.51484375 0.73671875 0.025 0.028125
4 0.39140625 0.9859375 0.034375 0.028125
4 0.3515625 0.9484375 0.03125 0.0296875
4 0.403125 0.42421875 0.021875 0.025
4 0.2 0.5109375 0.025 0.025
4 0.2515625 0.578125 0.03125 0.03125
4 0.01953125 0.41171875 0.025 0.028125
4 0.38671875 0.5484375 0.025 0.028125
4 0.43828125 0.38984375 0.0390625 0.0703125
4 0.4625 0.8046875 0.03125 0.03125