4 0.4671875 0.959375 0.01875 0.021875
4 0.41484375 0.88828125 0.025 0.028125
4 0.596875 0.79921875 0.025 0.03125
4 0.35625 0.81875 0.01875 0.015625
4 0.278125 0.80390625 0.034375 0.0375
4 0.25234375 0.77265625 0.021875 0.025
4 0.1515625 0.8359375 0.028125 0.0296875
4 0.178125 0.8359375 0.01875 0.0203125
4 0.22421875 0.84453125 0.0140625 0.021875
4 0.19609375 0.7921875 0.015625 0.021875
4 0.06875 0.7953125 0.03125 0.0375
4 0.51484375 0.71015625 0.028125 0.0296875
4 0.41953125 0.75 0.0234375 0.025
4 0.3625 0.70625 0.025 0.025
4 0.39921875 0.59609375 0.0203125 0.028125
4 0.52265625 0.5765625 0.0234375 0.0265625
4 0.54375 0.53828125 0.021875 0.021875
4 0.66015625 0.621875 0.01875 0.025
4 0.21640625 0.5125 0.021875 0.0234375
4 0.415625 0.3703125 0.03125 0.046875
4 0.3453125 0.3109375 0.025 0.0328125
4 0.43203125 0.45 0.021875 0.025
4 0.48359375 0.4265625 0.01875 0.01875
4 0.26328125 0.33203125 0.0234375 0.025
4 0.2796875 0.3046875 0.0203125 0.021875
4 0.3234375 0.334375 0.01875 0.021875
4 0.246875 0.421875 0.025 0.0265625
4 0.34140625 0.45078125 0.025 0.028125
4 0.3984375 0.41328125 0.0234375 0.021875
4 0.43828125 0.4734375 0.015625 0.01875
4 0.084375 0.4984375 0.021875 0.025
4 0.1234375 0.62421875 0.025 0.03125
4 0.31328125 0.825 0.021875 0.0234375
4 0.43125 0.2296875 0.0234375 0.028125
4 0.4265625 0.53515625 0.0234375 0.028125
4 0.4890625 0.540625 0.021875 0.025
4 0.4921875 0.4984375 0.025 0.028125