4 0.5328125 0.040625 0.01875 0.0234375
4 0.58515625 0.11171875 0.0265625 0.028125
4 0.403125 0.20078125 0.0265625 0.03125
4 0.64375 0.18125 0.0203125 0.015625
4 0.721875 0.19609375 0.034375 0.0375
4 0.74765625 0.22734375 0.0203125 0.0265625
4 0.8484375 0.1640625 0.028125 0.0296875
4 0.821875 0.1640625 0.0203125 0.0203125
4 0.77578125 0.15546875 0.0140625 0.021875
4 0.80390625 0.2078125 0.015625 0.021875
4 0.93125 0.2046875 0.0328125 0.0375
4 0.48515625 0.28984375 0.0296875 0.0296875
4 0.58046875 0.25 0.0234375 0.0265625
4 0.6375 0.29375 0.025 0.025
4 0.60078125 0.40390625 0.0203125 0.0296875
4 0.47734375 0.4234375 0.0234375 0.0265625
4 0.45625 0.46171875 0.021875 0.021875
4 0.33984375 0.378125 0.01875 0.025
4 0.78359375 0.4875 0.0234375 0.0234375
4 0.584375 0.6296875 0.03125 0.046875
4 0.6546875 0.6890625 0.025 0.0328125
4 0.56796875 0.55 0.0203125 0.025
4 0.51640625 0.5734375 0.01875 0.0203125
4 0.73671875 0.66796875 0.0234375 0.025
4 0.7203125 0.6953125 0.0203125 0.0234375
4 0.6765625 0.665625 0.01875 0.021875
4 0.753125 0.578125 0.025 0.0265625
4 0.65859375 0.54921875 0.025 0.028125
4 0.6015625 0.58671875 0.0234375 0.021875
4 0.56171875 0.5265625 0.015625 0.01875
4 0.915625 0.5015625 0.0234375 0.0265625
4 0.8765625 0.37578125 0.0265625 0.03125
4 0.68671875 0.175 0.021875 0.0234375
4 0.56875 0.7703125 0.0234375 0.028125
4 0.5734375 0.46484375 0.0234375 0.028125
4 0.5109375 0.459375 0.0234375 0.025
4 0.5078125 0.5015625 0.0265625 0.028125