4 0.959375 0.5328125 0.021875 0.01875
4 0.88828125 0.58515625 0.028125 0.025
4 0.79921875 0.403125 0.03125 0.025
4 0.81875 0.64375 0.015625 0.01875
4 0.80390625 0.721875 0.0375 0.034375
4 0.77265625 0.74765625 0.025 0.021875
4 0.8359375 0.8484375 0.0296875 0.028125
4 0.8359375 0.821875 0.0203125 0.01875
4 0.84453125 0.77578125 0.021875 0.0140625
4 0.7921875 0.80390625 0.021875 0.015625
4 0.7953125 0.93125 0.0375 0.03125
4 0.71015625 0.48515625 0.0296875 0.028125
4 0.75 0.58046875 0.025 0.0234375
4 0.70625 0.6375 0.025 0.025
4 0.59609375 0.60078125 0.028125 0.0203125
4 0.5765625 0.47734375 0.0265625 0.0234375
4 0.53828125 0.45625 0.021875 0.021875
4 0.621875 0.33984375 0.025 0.01875
4 0.5125 0.78359375 0.0234375 0.021875
4 0.3703125 0.584375 0.046875 0.03125
4 0.3109375 0.6546875 0.0328125 0.025
4 0.45 0.56796875 0.025 0.021875
4 0.4265625 0.51640625 0.01875 0.01875
4 0.33203125 0.73671875 0.025 0.0234375
4 0.3046875 0.7203125 0.021875 0.0203125
4 0.334375 0.6765625 0.021875 0.01875
4 0.421875 0.753125 0.0265625 0.025
4 0.45078125 0.65859375 0.028125 0.025
4 0.41328125 0.6015625 0.021875 0.0234375
4 0.4734375 0.56171875 0.01875 0.015625
4 0.4984375 0.915625 0.025 0.021875
4 0.62421875 0.8765625 0.03125 0.025
4 0.825 0.68671875 0.0234375 0.021875
4 0.2296875 0.56875 0.028125 0.0234375
4 0.53515625 0.5734375 0.028125 0.0234375
4 0.540625 0.5109375 0.025 0.021875
4 0.4984375 0.5078125 0.028125 0.025