4 0.39921875 0.48125 0.05 0.06875
4 0.48671875 0.21171875 0.0390625 0.046875
4 0.4609375 0.33515625 0.040625 0.0390625
4 0.67109375 0.41484375 0.046875 0.0421875
4 0.59453125 0.440625 0.0578125 0.0453125
4 0.51015625 0.503125 0.046875 0.04375
4 0.3140625 0.15625 0.01875 0.0265625
4 0.31171875 0.31328125 0.0265625 0.028125
4 0.34453125 0.5015625 0.028125 0.028125
4 0.34921875 0.709375 0.028125 0.028125
4 0.5125 0.64765625 0.028125 0.0328125
4 0.409375 0.6265625 0.0296875 0.028125
4 0.359375 0.5890625 0.0296875 0.034375
4 0.4 0.57890625 0.0234375 0.025
4 0.66328125 0.315625 0.025 0.0265625
4 0.4609375 0.42890625 0.025 0.021875
4 0.69921875 0.58203125 0.0453125 0.0625
4 0.67578125 0.515625 0.0453125 0.040625
4 0.58359375 0.51796875 0.021875 0.0203125
4 0.409375 0.8671875 0.04375 0.04375
4 0.20703125 0.8546875 0.028125 0.028125
4 0.1546875 0.5328125 0.0234375 0.0265625
4 0.23125 0.68046875 0.03125 0.0328125
4 0.53046875 0.68359375 0.0234375 0.028125
4 0.77578125 0.60234375 0.025 0.021875
4 0.434375 0.89296875 0.021875 0.0234375
4 0.459375 0.88515625 0.0234375 0.0296875
4 0.478125 0.7859375 0.0359375 0.040625
4 0.4015625 0.7265625 0.021875 0.025
4 0.71484375 0.7015625 0.0234375 0.0265625
4 0.66875 0.68671875 0.028125 0.025
4 0.69765625 0.6390625 0.0265625 0.0203125
4 0.7859375 0.653125 0.028125 0.0296875
4 0.5625 0.58515625 0.021875 0.025
4 0.60390625 0.5921875 0.04375 0.03125
4 0.49609375 0.6015625 0.0265625 0.0265625
4 0.33125 0.934375 0.0234375 0.0234375
4 0.35859375 0.93203125 0.01875 0.0234375
4 0.39375 0.234375 0.0265625 0.0265625
4 0.42109375 0.21796875 0.021875 0.021875