4 0.60078125 0.48125 0.05 0.06875
4 0.51328125 0.21171875 0.0375 0.046875
4 0.5390625 0.33515625 0.040625 0.0390625
4 0.32890625 0.41484375 0.046875 0.0421875
4 0.40546875 0.440625 0.05625 0.0453125
4 0.48984375 0.503125 0.046875 0.04375
4 0.6859375 0.15625 0.01875 0.0265625
4 0.68828125 0.31328125 0.0265625 0.028125
4 0.65546875 0.5015625 0.028125 0.028125
4 0.65078125 0.709375 0.028125 0.028125
4 0.4875 0.64765625 0.028125 0.0328125
4 0.590625 0.6265625 0.028125 0.028125
4 0.640625 0.5890625 0.028125 0.034375
4 0.6 0.57890625 0.0234375 0.025
4 0.33671875 0.315625 0.025 0.025
4 0.5390625 0.42890625 0.025 0.021875
4 0.30078125 0.58203125 0.04375 0.0625
4 0.32421875 0.515625 0.0453125 0.040625
4 0.41640625 0.51796875 0.021875 0.0203125
4 0.590625 0.8671875 0.04375 0.04375
4 0.79296875 0.8546875 0.028125 0.028125
4 0.8453125 0.5328125 0.0234375 0.025
4 0.76875 0.68046875 0.03125 0.0328125
4 0.46953125 0.68359375 0.025 0.028125
4 0.22421875 0.60234375 0.025 0.021875
4 0.565625 0.89296875 0.021875 0.0234375
4 0.540625 0.88515625 0.0234375 0.028125
4 0.521875 0.7859375 0.034375 0.040625
4 0.5984375 0.7265625 0.021875 0.025
4 0.28515625 0.7015625 0.0234375 0.025
4 0.33125 0.68671875 0.028125 0.025
4 0.30234375 0.6390625 0.025 0.021875
4 0.2140625 0.653125 0.028125 0.0296875
4 0.4375 0.58515625 0.021875 0.025
4 0.39609375 0.5921875 0.04375 0.03125
4 0.50390625 0.6015625 0.0265625 0.0265625
4 0.66875 0.934375 0.021875 0.021875
4 0.64140625 0.93203125 0.01875 0.0234375
4 0.60625 0.234375 0.025 0.025
4 0.57890625 0.21796875 0.021875 0.021875