4 0.39921875 0.51875 0.05 0.06875
4 0.48671875 0.78828125 0.0375 0.046875
4 0.4609375 0.66484375 0.040625 0.0390625
4 0.67109375 0.58515625 0.046875 0.0421875
4 0.59453125 0.559375 0.05625 0.0453125
4 0.51015625 0.496875 0.046875 0.04375
4 0.3140625 0.84375 0.01875 0.0265625
4 0.31171875 0.68671875 0.0265625 0.028125
4 0.34453125 0.4984375 0.028125 0.028125
4 0.34921875 0.290625 0.028125 0.028125
4 0.5125 0.35234375 0.028125 0.0328125
4 0.409375 0.3734375 0.028125 0.028125
4 0.359375 0.4109375 0.028125 0.034375
4 0.4 0.42109375 0.0234375 0.025
4 0.66328125 0.684375 0.025 0.025
4 0.4609375 0.57109375 0.025 0.021875
4 0.69921875 0.41796875 0.04375 0.0625
4 0.67578125 0.484375 0.0453125 0.040625
4 0.58359375 0.48203125 0.021875 0.0203125
4 0.409375 0.1328125 0.04375 0.04375
4 0.20703125 0.1453125 0.028125 0.028125
4 0.1546875 0.4671875 0.0234375 0.025
4 0.23125 0.31953125 0.03125 0.0328125
4 0.53046875 0.31640625 0.025 0.028125
4 0.77578125 0.39765625 0.025 0.021875
4 0.434375 0.10703125 0.021875 0.0234375
4 0.459375 0.11484375 0.0234375 0.028125
4 0.478125 0.2140625 0.034375 0.040625
4 0.4015625 0.2734375 0.021875 0.025
4 0.71484375 0.2984375 0.0234375 0.025
4 0.66875 0.31328125 0.028125 0.025
4 0.69765625 0.3609375 0.025 0.021875
4 0.7859375 0.346875 0.028125 0.0296875
4 0.5625 0.41484375 0.021875 0.025
4 0.60390625 0.4078125 0.04375 0.03125
4 0.49609375 0.3984375 0.0265625 0.0265625
4 0.33125 0.065625 0.021875 0.021875
4 0.35859375 0.06796875 0.01875 0.0234375
4 0.39375 0.765625 0.025 0.025
4 0.42109375 0.78203125 0.021875 0.021875