3 0.6125 0.18671875 0.06875 0.06484375
4 0.60078125 0.28203125 0.0515625 0.03671875
3 0.59296875 0.37890625 0.1328125 0.071875
3 0.571875 0.446875 0.1484375 0.10234375
3 0.64609375 0.32265625 0.1 0.10234375
3 0.6921875 0.4015625 0.10625 0.040625
3 0.7890625 0.44140625 0.0453125 0.07109375
3 0.70390625 0.5546875 0.065625 0.03984375
4 0.28046875 0.5453125 0.084375 0.03359375
4 0.23125 0.59375 0.12109375 0.0453125
3 0.22578125 0.71171875 0.23515625 0.03984375
3 0.3484375 0.6796875 0.15546875 0.04765625
3 0.375 0.6484375 0.096875 0.0640625
3 0.396875 0.5828125 0.15234375 0.0765625
3 0.540625 0.6078125 0.21171875 0.02890625
3 0.50078125 0.64921875 0.14140625 0.04765625
3 0.15078125 0.48359375 0.09609375 0.03046875
3 0.22890625 0.5125 0.05234375 0.015625
3 0.31328125 0.50390625 0.04375 0.01328125
3 0.1140625 0.5515625 0.12265625 0.04140625
3 0.75859375 0.353125 0.07109375 0.0546875
3 0.7125 0.48125 0.10078125 0.07265625
3 0.4828125 0.0953125 0.04765625 0.0203125
3 0.45234375 0.14765625 0.04921875 0.02421875