0 0.653125 0.71953125 0.01484375 0.0125
0 0.8046875 0.78046875 0.00859375 0.00625
0 0.803125 0.6359375 0.00859375 0.00859375
0 0.9140625 0.67890625 0.00625 0.01015625
0 0.81875 0.74609375 0.01015625 0.0078125
0 0.80703125 0.740625 0.00625 0.0046875
0 0.6296875 0.7515625 0.01015625 0.00859375
0 0.63203125 0.73671875 0.0078125 0.00625
0 0.70390625 0.7828125 0.0078125 0.00625
0 0.7359375 0.68203125 0.00859375 0.0078125
0 0.76640625 0.68671875 0.0078125 0.00625
0 0.7765625 0.7171875 0.01015625 0.00625
0 0.80703125 0.80390625 0.0078125 0.00390625
0 0.77734375 0.875 0.0109375 0.01015625
0 0.7953125 0.7546875 0.00859375 0.0078125
0 0.8046875 0.7140625 0.0140625 0.0078125
0 0.85390625 0.7390625 0.0046875 0.0078125
0 0.6640625 0.7859375 0.0078125 0.00625
0 0.6515625 0.7625 0.00859375 0.00390625
0 0.6609375 0.7671875 0.0078125 0.00625
0 0.6390625 0.76640625 0.00625 0.00625
0 0.73828125 0.70703125 0.0078125 0.00859375
0 0.8640625 0.85859375 0.00859375 0.01015625
0 0.76015625 0.75703125 0.0046875 0.0046875
0 0.7703125 0.7078125 0.0046875 0.0046875
0 0.8046875 0.665625 0.00625 0.0078125
0 0.75234375 0.7765625 0.0078125 0.0046875
0 0.8921875 0.76640625 0.0046875 0.00625
0 0.86484375 0.7640625 0.0046875 0.00625
0 0.82578125 0.85625 0.00859375 0.0109375
0 0.76640625 0.853125 0.00859375 0.00625
0 0.7671875 0.83828125 0.0078125 0.0046875
0 0.7859375 0.7921875 0.0046875 0.00625
0 0.81015625 0.68125 0.0078125 0.00625