4 0.6953125 0.25703125 0.0546875 0.0296875
4 0.7546875 0.48359375 0.0328125 0.028125
4 0.67265625 0.4203125 0.03125 0.034375
4 0.57265625 0.30234375 0.0375 0.0359375
4 0.4984375 0.20703125 0.0796875 0.059375
4 0.4125 0.21171875 0.065625 0.071875
4 0.3578125 0.20234375 0.05 0.05
4 0.553125 0.11796875 0.034375 0.040625
4 0.6078125 0.13515625 0.034375 0.0359375
4 0.590625 0.178125 0.03125 0.034375
4 0.57109375 0.21875 0.03125 0.03125
4 0.63046875 0.2046875 0.034375 0.05625
4 0.38359375 0.125 0.05 0.059375
4 0.48046875 0.0921875 0.075 0.0578125
4 0.73125 0.20625 0.03125 0.03125
4 0.7875 0.33125 0.0375 0.0359375
4 0.74375 0.59140625 0.06875 0.06875
4 0.70859375 0.63828125 0.028125 0.0296875
4 0.71875 0.68671875 0.034375 0.0375
4 0.54140625 0.7640625 0.0265625 0.025
4 0.6265625 0.77109375 0.05 0.05625
4 0.56796875 0.75 0.06875 0.0390625
4 0.54921875 0.675 0.0484375 0.03125
4 0.54453125 0.8359375 0.0578125 0.0484375
4 0.684375 0.853125 0.1359375 0.0671875
4 0.40234375 0.62109375 0.0875 0.0921875
4 0.46171875 0.3453125 0.040625 0.04375
4 0.43359375 0.44296875 0.05 0.0453125
4 0.44609375 0.3984375 0.028125 0.03125
4 0.63125 0.40078125 0.0625 0.09375
4 0.6734375 0.34140625 0.0375 0.071875
4 0.65078125 0.7140625 0.078125 0.053125
4 0.63984375 0.62421875 0.059375 0.0796875
4 0.7703125 0.74453125 0.0421875 0.040625
4 0.77578125 0.77890625 0.06875 0.0359375
4 0.6859375 0.77578125 0.084375 0.0546875
4 0.5953125 0.8328125 0.05625 0.04375
4 0.46796875 0.8890625 0.23125 0.096875
4 0.4203125 0.80625 0.0703125 0.0875
4 0.51015625 0.80390625 0.0921875 0.090625
4 0.46796875 0.71171875 0.109375 0.0953125
4 0.29921875 0.534375 0.075 0.0765625
4 0.3625 0.546875 0.0609375 0.0546875
4 0.33359375 0.65859375 0.03125 0.028125
4 0.3671875 0.68828125 0.034375 0.0375
4 0.32734375 0.753125 0.046875 0.0625
4 0.2765625 0.81015625 0.028125 0.0359375
4 0.24609375 0.7265625 0.028125 0.034375
4 0.26015625 0.31796875 0.078125 0.1
4 0.3359375 0.47265625 0.053125 0.059375
4 0.36953125 0.40546875 0.059375 0.040625
4 0.4046875 0.3609375 0.04375 0.05
4 0.39921875 0.28515625 0.140625 0.0515625
4 0.31484375 0.25625 0.05625 0.03125
4 0.48046875 0.55546875 0.04375 0.125
4 0.43046875 0.49453125 0.034375 0.040625
4 0.51640625 0.0171875 0.05625 0.034375
4 0.81484375 0.66953125 0.09375 0.0953125