4 0.3046875 0.74296875 0.0546875 0.0296875
4 0.2453125 0.51640625 0.0328125 0.028125
4 0.32734375 0.5796875 0.03125 0.034375
4 0.42734375 0.69765625 0.0375 0.0359375
4 0.5015625 0.79296875 0.0796875 0.059375
4 0.5875 0.78828125 0.065625 0.071875
4 0.6421875 0.79765625 0.05 0.05
4 0.446875 0.88203125 0.034375 0.040625
4 0.3921875 0.86484375 0.034375 0.0359375
4 0.409375 0.821875 0.03125 0.034375
4 0.42890625 0.78125 0.03125 0.03125
4 0.36953125 0.7953125 0.034375 0.05625
4 0.61640625 0.875 0.05 0.059375
4 0.51953125 0.9078125 0.075 0.0578125
4 0.26875 0.79375 0.03125 0.0328125
4 0.2125 0.66875 0.0375 0.0359375
4 0.25625 0.40859375 0.06875 0.06875
4 0.29140625 0.36171875 0.028125 0.0296875
4 0.28125 0.31328125 0.034375 0.0375
4 0.45859375 0.2359375 0.0265625 0.025
4 0.3734375 0.22890625 0.05 0.05625
4 0.43203125 0.25 0.06875 0.0390625
4 0.45078125 0.325 0.0484375 0.03125
4 0.45546875 0.1640625 0.0578125 0.0484375
4 0.315625 0.146875 0.1359375 0.065625
4 0.59765625 0.37890625 0.0875 0.0921875
4 0.53828125 0.6546875 0.040625 0.04375
4 0.56640625 0.55703125 0.05 0.0453125
4 0.55390625 0.6015625 0.028125 0.03125
4 0.36875 0.59921875 0.0625 0.09375
4 0.3265625 0.65859375 0.0375 0.071875
4 0.34921875 0.2859375 0.078125 0.053125
4 0.36015625 0.37578125 0.059375 0.0796875
4 0.2296875 0.25546875 0.0421875 0.040625
4 0.22421875 0.22109375 0.06875 0.0359375
4 0.3140625 0.22421875 0.084375 0.0546875
4 0.4046875 0.1671875 0.05625 0.04375
4 0.53203125 0.1109375 0.23125 0.096875
4 0.5796875 0.19375 0.0703125 0.0875
4 0.48984375 0.19609375 0.0921875 0.090625
4 0.53203125 0.28828125 0.109375 0.0953125
4 0.70078125 0.465625 0.075 0.0765625
4 0.6375 0.453125 0.0609375 0.0546875
4 0.66640625 0.34140625 0.03125 0.028125
4 0.6328125 0.31171875 0.034375 0.0375
4 0.67265625 0.246875 0.046875 0.0625
4 0.7234375 0.18984375 0.028125 0.0359375
4 0.75390625 0.2734375 0.028125 0.034375
4 0.73984375 0.68203125 0.078125 0.1
4 0.6640625 0.52734375 0.053125 0.059375
4 0.63046875 0.59453125 0.059375 0.040625
4 0.5953125 0.6390625 0.04375 0.05
4 0.60078125 0.71484375 0.140625 0.0515625
4 0.68515625 0.74375 0.05625 0.03125
4 0.51953125 0.44453125 0.04375 0.125
4 0.56953125 0.50546875 0.034375 0.040625
4 0.48359375 0.9828125 0.05625 0.034375
4 0.18515625 0.33046875 0.09375 0.0953125