4 0.27578125 0.109375 0.0484375 0.0484375
4 0.2703125 0.2640625 0.034375 0.034375
4 0.68359375 0.8703125 0.034375 0.03125
4 0.809375 0.4765625 0.0359375 0.04375
4 0.35078125 0.17109375 0.0515625 0.0609375
4 0.403125 0.1375 0.0296875 0.0375
4 0.35 0.0390625 0.053125 0.0671875
4 0.23125 0.10234375 0.046875 0.0796875
4 0.225 0.3171875 0.025 0.03125
4 0.54375 0.6921875 0.0359375 0.0390625
4 0.78515625 0.784375 0.0359375 0.04375
4 0.3578125 0.28515625 0.053125 0.046875
4 0.63515625 0.55703125 0.0359375 0.0359375
4 0.440625 0.0359375 0.0359375 0.0421875
4 0.19921875 0.046875 0.096875 0.09375
4 0.26796875 0.01953125 0.0234375 0.0328125
4 0.7875 0.640625 0.034375 0.034375
4 0.4796875 0.11796875 0.04375 0.0453125