4 0.27578125 0.890625 0.0484375 0.046875
4 0.2703125 0.7359375 0.034375 0.034375
4 0.68359375 0.1296875 0.034375 0.03125
4 0.809375 0.5234375 0.034375 0.04375
4 0.35078125 0.82890625 0.05 0.059375
4 0.403125 0.8625 0.028125 0.0375
4 0.35 0.9609375 0.053125 0.065625
4 0.23125 0.89765625 0.046875 0.0796875
4 0.225 0.6828125 0.025 0.03125
4 0.54375 0.3078125 0.034375 0.0375
4 0.78515625 0.215625 0.0359375 0.04375
4 0.3578125 0.71484375 0.053125 0.046875
4 0.63515625 0.44296875 0.0375 0.034375
4 0.440625 0.9640625 0.034375 0.040625
4 0.19921875 0.953125 0.096875 0.09375
4 0.26796875 0.98046875 0.025 0.0328125
4 0.7875 0.359375 0.034375 0.034375
4 0.4796875 0.88203125 0.04375 0.0453125