3 0.55625 0.265625 0.059375 0.059375
3 0.4203125 0.23359375 0.040625 0.0328125
3 0.6015625 0.15078125 0.040625 0.03125
3 0.55703125 0.1078125 0.0484375 0.053125
3 0.4390625 0.10546875 0.040625 0.0375
3 0.5703125 0.02265625 0.040625 0.0453125
3 0.09453125 0.428125 0.0359375 0.0375
3 0.48046875 0.434375 0.034375 0.034375
3 0.04453125 0.4421875 0.028125 0.028125
3 0.11640625 0.4921875 0.0296875 0.03125
3 0.0125 0.353125 0.025 0.034375
3 0.028125 0.26796875 0.028125 0.0390625
3 0.4953125 0.4625 0.0375 0.034375
3 0.11953125 0.35390625 0.0328125 0.0421875
3 0.64296875 0.103125 0.028125 0.028125
3 0.725 0.03515625 0.0375 0.0328125