4 0.4015625 0.68125 0.0875 0.078125
4 0.39140625 0.63046875 0.028125 0.0296875
4 0.3234375 0.5734375 0.05625 0.0578125
4 0.30234375 0.64609375 0.109375 0.1109375
4 0.51875 0.88125 0.03125 0.0328125
4 0.60234375 0.81796875 0.0390625 0.034375
4 0.6125 0.9296875 0.0359375 0.034375
4 0.821875 0.97734375 0.0375 0.0359375
4 0.60078125 0.759375 0.0265625 0.0359375
4 0.25390625 0.48046875 0.1015625 0.0703125
4 0.378125 0.4890625 0.09375 0.0875
4 0.296875 0.53203125 0.0265625 0.0296875
4 0.44296875 0.58046875 0.0328125 0.0859375
4 0.51015625 0.5921875 0.0359375 0.03125
4 0.58125 0.634375 0.0703125 0.09375
4 0.64140625 0.6609375 0.028125 0.025
4 0.4796875 0.62421875 0.025 0.0328125
4 0.47578125 0.675 0.0375 0.04375
4 0.48984375 0.74921875 0.0546875 0.046875
4 0.50234375 0.71328125 0.0328125 0.03125
4 0.196875 0.60546875 0.03125 0.0359375
4 0.1171875 0.60703125 0.028125 0.0328125
4 0.08828125 0.71875 0.0265625 0.034375
4 0.1234375 0.69375 0.0328125 0.028125
4 0.19765625 0.68046875 0.0578125 0.0546875
4 0.20703125 0.725 0.0546875 0.03125
4 0.16484375 0.771875 0.0296875 0.0328125
4 0.11328125 0.79140625 0.0359375 0.0359375
4 0.30078125 0.7515625 0.0296875 0.03125
4 0.41875 0.85625 0.0359375 0.040625
4 0.4390625 0.8171875 0.125 0.0328125
4 0.51953125 0.81875 0.0328125 0.071875
4 0.47578125 0.85703125 0.0296875 0.0296875
4 0.071875 0.6234375 0.053125 0.0484375
4 0.21015625 0.53359375 0.0296875 0.0328125
4 0.271875 0.559375 0.028125 0.03125
4 0.14296875 0.5359375 0.0328125 0.03125
4 0.05703125 0.7171875 0.0234375 0.028125
4 0.68671875 0.640625 0.03125 0.034375
4 0.03515625 0.6640625 0.0328125 0.028125
4 0.45 0.47578125 0.046875 0.0375
4 0.15546875 0.6296875 0.028125 0.028125
4 0.24375 0.58359375 0.025 0.0265625
4 0.3578125 0.72890625 0.05 0.0515625
4 0.1703125 0.9234375 0.0296875 0.034375
4 0.54375 0.55703125 0.046875 0.0421875
4 0.42265625 0.52109375 0.028125 0.0296875
4 0.5328125 0.50390625 0.0265625 0.0265625
4 0.584375 0.50234375 0.028125 0.0265625
4 0.76328125 0.7703125 0.028125 0.028125
4 0.7984375 0.7578125 0.0265625 0.0265625
4 0.73359375 0.86015625 0.0359375 0.0328125