4 0.5984375 0.31875 0.0875 0.078125
4 0.60859375 0.36953125 0.028125 0.0296875
4 0.6765625 0.4265625 0.05625 0.05625
4 0.69765625 0.35390625 0.109375 0.1109375
4 0.48125 0.11875 0.03125 0.03125
4 0.39765625 0.18203125 0.040625 0.034375
4 0.3875 0.0703125 0.034375 0.034375
4 0.178125 0.02265625 0.0375 0.034375
4 0.39921875 0.240625 0.0265625 0.0375
4 0.74609375 0.51953125 0.1015625 0.0703125
4 0.621875 0.5109375 0.09375 0.0875
4 0.703125 0.46796875 0.025 0.0296875
4 0.55703125 0.41953125 0.0328125 0.0859375
4 0.48984375 0.4078125 0.0359375 0.03125
4 0.41875 0.365625 0.071875 0.09375
4 0.35859375 0.3390625 0.028125 0.025
4 0.5203125 0.37578125 0.025 0.0328125
4 0.52421875 0.325 0.0375 0.04375
4 0.51015625 0.25078125 0.053125 0.046875
4 0.49765625 0.28671875 0.0328125 0.03125
4 0.803125 0.39453125 0.03125 0.0359375
4 0.8828125 0.39296875 0.028125 0.0328125
4 0.91171875 0.28125 0.0265625 0.034375
4 0.8765625 0.30625 0.03125 0.0296875
4 0.80234375 0.31953125 0.0578125 0.05625
4 0.79296875 0.275 0.0546875 0.03125
4 0.83515625 0.228125 0.0296875 0.03125
4 0.88671875 0.20859375 0.0359375 0.034375
4 0.69921875 0.2484375 0.0296875 0.03125
4 0.58125 0.14375 0.0359375 0.040625
4 0.5609375 0.1828125 0.125 0.03125
4 0.48046875 0.18125 0.0328125 0.071875
4 0.52421875 0.14296875 0.0296875 0.0296875
4 0.928125 0.3765625 0.053125 0.046875
4 0.78984375 0.46640625 0.0296875 0.0328125
4 0.728125 0.440625 0.028125 0.03125
4 0.85703125 0.4640625 0.0328125 0.03125
4 0.94296875 0.2828125 0.0234375 0.028125
4 0.31328125 0.359375 0.03125 0.034375
4 0.96484375 0.3359375 0.0328125 0.028125
4 0.55 0.52421875 0.046875 0.0375
4 0.84453125 0.3703125 0.028125 0.028125
4 0.75625 0.41640625 0.025 0.0265625
4 0.6421875 0.27109375 0.05 0.053125
4 0.8296875 0.0765625 0.028125 0.034375
4 0.45625 0.44296875 0.046875 0.0421875
4 0.57734375 0.47890625 0.028125 0.0296875
4 0.4671875 0.49609375 0.025 0.0265625
4 0.415625 0.49765625 0.028125 0.0265625
4 0.23671875 0.2296875 0.028125 0.028125
4 0.2015625 0.2421875 0.025 0.025
4 0.26640625 0.13984375 0.034375 0.0328125