4 0.77890625 0.21484375 0.0390625 0.0828125
4 0.9640625 0.2546875 0.034375 0.028125
4 0.759375 0.35 0.034375 0.034375
4 0.51484375 0.27890625 0.03125 0.028125
4 0.5109375 0.42890625 0.03125 0.034375
4 0.4296875 0.12421875 0.03125 0.0328125
4 0.2859375 0.36875 0.034375 0.034375
4 0.40703125 0.44453125 0.0390625 0.071875
4 0.63984375 0.67421875 0.03125 0.040625
4 0.64453125 0.52109375 0.03125 0.0296875
4 0.6015625 0.52734375 0.028125 0.028125
4 0.5234375 0.525 0.03125 0.03125
4 0.8796875 0.153125 0.028125 0.0375
4 0.8203125 0.09765625 0.028125 0.0265625
4 0.68046875 0.2609375 0.0296875 0.028125
4 0.61640625 0.31953125 0.0328125 0.03125
4 0.48359375 0.1546875 0.05 0.05625
4 0.44765625 0.2859375 0.0359375 0.0375
4 0.43515625 0.1890625 0.0703125 0.0625
4 0.2875 0.43203125 0.034375 0.0375
4 0.5265625 0.07109375 0.03125 0.0375
4 0.76484375 0.42421875 0.03125 0.0359375
4 0.73046875 0.4875 0.046875 0.05625
4 0.6484375 0.3359375 0.03125 0.028125
4 0.34375 0.4390625 0.046875 0.040625
4 0.33203125 0.3578125 0.03125 0.034375
4 0.38203125 0.22734375 0.0484375 0.0625
4 0.29921875 0.20625 0.028125 0.025
4 0.2640625 0.5171875 0.03125 0.034375
4 0.1859375 0.50390625 0.04375 0.046875
4 0.20390625 0.7515625 0.0359375 0.03125
4 0.459375 0.64765625 0.028125 0.03125
4 0.140625 0.6109375 0.078125 0.1046875
4 0.22421875 0.54765625 0.0265625 0.0296875
4 0.32734375 0.265625 0.05625 0.04375
4 0.11953125 0.7734375 0.0265625 0.053125