4 0.22109375 0.21484375 0.0390625 0.0828125
4 0.0359375 0.2546875 0.034375 0.028125
4 0.240625 0.35 0.034375 0.0359375
4 0.48515625 0.27890625 0.0328125 0.028125
4 0.4890625 0.42890625 0.03125 0.034375
4 0.5703125 0.12421875 0.03125 0.0328125
4 0.7140625 0.36875 0.0359375 0.0359375
4 0.59296875 0.44453125 0.0390625 0.0734375
4 0.36015625 0.67421875 0.03125 0.040625
4 0.35546875 0.52109375 0.03125 0.0296875
4 0.3984375 0.52734375 0.028125 0.028125
4 0.4765625 0.525 0.03125 0.0328125
4 0.1203125 0.153125 0.028125 0.0375
4 0.1796875 0.09765625 0.028125 0.0265625
4 0.31953125 0.2609375 0.0296875 0.0296875
4 0.38359375 0.31953125 0.0328125 0.03125
4 0.51640625 0.1546875 0.05 0.05625
4 0.55234375 0.2859375 0.0359375 0.0390625
4 0.56484375 0.1890625 0.0703125 0.0625
4 0.7125 0.43203125 0.0359375 0.0390625
4 0.4734375 0.07109375 0.03125 0.0375
4 0.23515625 0.42421875 0.0328125 0.0359375
4 0.26953125 0.4875 0.046875 0.05625
4 0.3515625 0.3359375 0.03125 0.0296875
4 0.65625 0.4390625 0.046875 0.0421875
4 0.66796875 0.3578125 0.03125 0.034375
4 0.61796875 0.22734375 0.046875 0.0625
4 0.70078125 0.20625 0.028125 0.025
4 0.7359375 0.5171875 0.03125 0.034375
4 0.8140625 0.50390625 0.04375 0.0484375
4 0.79609375 0.7515625 0.0359375 0.03125
4 0.540625 0.64765625 0.028125 0.03125
4 0.859375 0.6109375 0.078125 0.1046875
4 0.77578125 0.54765625 0.0265625 0.0296875
4 0.67265625 0.265625 0.0546875 0.04375
4 0.88046875 0.7734375 0.0265625 0.053125