2 0.43984375 0.7953125 0.05546875 0.02890625
3 0.5796875 0.2203125 0.0125 0.0078125
3 0.11796875 0.653125 0.0125 0.01484375
3 0.3609375 0.80703125 0.015625 0.00703125
3 0.5390625 0.80078125 0.01875 0.01171875
3 0.625 0.80234375 0.01796875 0.0109375
3 0.6609375 0.8359375 0.02109375 0.009375
2 0.978125 0.67265625 0.02421875 0.0390625
3 0.3390625 0.14765625 0.01328125 0.0078125
3 0.2609375 0.1828125 0.01640625 0.01171875
3 0.1828125 0.6046875 0.01640625 0.0125
3 0.14140625 0.75703125 0.01328125 0.0109375
3 0.2375 0.73671875 0.0125 0.00703125
3 0.89375 0.63125 0.0171875 0.015625
3 0.49609375 0.80859375 0.0140625 0.01171875
3 0.95 0.4984375 0.009375 0.01015625
3 0.3921875 0.8140625 0.01015625 0.00625