2 0.38515625 0.3265625 0.103125 0.06328125
4 0.56796875 0.359375 0.0140625 0.01015625
3 0.30546875 0.228125 0.0390625 0.02421875
3 0.54453125 0.2921875 0.03125 0.0171875
3 0.478125 0.24296875 0.02734375 0.02109375
3 0.49453125 0.1703125 0.02109375 0.01640625
3 0.54375 0.13984375 0.015625 0.009375
3 0.54296875 0.13046875 0.01171875 0.0078125
3 0.7921875 0.1828125 0.02265625 0.0203125
3 0.759375 0.109375 0.015625 0.0078125
3 0.55390625 0.0671875 0.0171875 0.0125
3 0.4203125 0.24921875 0.0140625 0.01015625
4 0.43984375 0.5265625 0.0140625 0.0125
3 0.53515625 0.53671875 0.0125 0.0078125
3 0.54375 0.57265625 0.015625 0.009375
3 0.31015625 0.56171875 0.0140625 0.0109375
4 0.2984375 0.578125 0.01015625 0.00859375
3 0.11953125 0.2140625 0.0109375 0.00703125
3 0.35234375 0.59765625 0.0125 0.00859375
3 0.46640625 0.58359375 0.00859375 0.0046875
3 0.5234375 0.70234375 0.00625 0.00390625
3 0.43046875 0.71328125 0.00859375 0.00703125
3 0.23359375 0.62109375 0.0203125 0.01484375
3 0.1234375 0.72265625 0.01171875 0.01171875
3 0.12890625 0.79375 0.015625 0.0109375
3 0.2234375 0.88828125 0.04140625 0.01953125
4 0.62109375 0.6421875 0.01875 0.0125
4 0.6953125 0.4921875 0.01328125 0.00703125
3 0.06484375 0.71328125 0.015625 0.009375
3 0.09453125 0.7375 0.0171875 0.01015625
3 0.2046875 0.65078125 0.0203125 0.00703125
3 0.23515625 0.73671875 0.015625 0.00859375
3 0.271875 0.8734375 0.01484375 0.00859375
3 0.4015625 0.85859375 0.015625 0.00703125
3 0.7140625 0.8625 0.02890625 0.02734375
3 0.68671875 0.8171875 0.0171875 0.015625
3 0.7109375 0.77578125 0.01875 0.01015625
3 0.8703125 0.77890625 0.0140625 0.015625
4 0.81015625 0.68125 0.02578125 0.015625
3 0.89453125 0.71796875 0.0125 0.0140625
3 0.9671875 0.65390625 0.0140625 0.0265625
4 0.9453125 0.53046875 0.0109375 0.00859375
3 0.46171875 0.21796875 0.0125 0.00703125
4 0.6453125 0.63203125 0.01015625 0.00625
4 0.6734375 0.61171875 0.0109375 0.0078125
3 0.94453125 0.56640625 0.0109375 0.0109375
3 0.9515625 0.5953125 0.0125 0.0125
3 0.57265625 0.8625 0.00859375 0.0078125
3 0.23125 0.91015625 0.01640625 0.0109375
3 0.821875 0.8359375 0.0140625 0.009375
3 0.6765625 0.084375 0.01640625 0.0109375
4 0.4765625 0.315625 0.0078125 0.00625
4 0.15859375 0.853125 0.0140625 0.0109375
2 0.19296875 0.853125 0.05234375 0.04375
3 0.67890625 0.92265625 0.0140625 0.009375
3 0.71640625 0.79921875 0.01171875 0.0078125
4 0.67734375 0.5734375 0.00703125 0.00625
4 0.66640625 0.57265625 0.00703125 0.00546875
3 0.640625 0.1515625 0.01171875 0.0078125
3 0.90859375 0.81328125 0.01015625 0.01015625
3 0.890625 0.81953125 0.01328125 0.0109375
3 0.484375 0.56015625 0.0109375 0.00703125
3 0.04453125 0.75234375 0.01328125 0.0203125
3 0.3734375 0.659375 0.0046875 0.0046875
4 0.30859375 0.54140625 0.0078125 0.0078125
4 0.3203125 0.16015625 0.00703125 0.00703125
3 0.55703125 0.25546875 0.0265625 0.021875
3 0.90390625 0.20546875 0.01328125 0.0109375
4 0.5125 0.69453125 0.0140625 0.0109375
4 0.77421875 0.7765625 0.015625 0.01328125