3 0.66953125 0.6484375 0.028125 0.01875
4 0.1515625 0.63359375 0.01171875 0.00859375
3 0.125 0.80703125 0.0125 0.01328125
4 0.1875 0.759375 0.01328125 0.0078125
3 0.21875 0.6875 0.0078125 0.0078125
4 0.28515625 0.871875 0.0171875 0.0140625
4 0.75 0.86484375 0.01015625 0.00703125
3 0.8171875 0.81328125 0.0078125 0.00859375
4 0.6390625 0.5453125 0.0125 0.01015625
4 0.553125 0.4234375 0.01640625 0.0109375
4 0.55078125 0.43203125 0.01015625 0.00859375
4 0.540625 0.43984375 0.0109375 0.00859375
4 0.296875 0.5765625 0.01640625 0.0125
3 0.23046875 0.60625 0.01015625 0.00703125
4 0.82890625 0.7578125 0.00859375 0.0078125
4 0.58984375 0.47421875 0.009375 0.0125
4 0.57734375 0.4734375 0.0078125 0.00859375
3 0.63828125 0.3421875 0.01484375 0.01484375
4 0.62578125 0.4 0.0125 0.0109375
4 0.4015625 0.12578125 0.009375 0.0078125
4 0.96640625 0.3984375 0.00546875 0.009375
4 0.45546875 0.87734375 0.009375 0.00703125
4 0.4765625 0.87578125 0.00859375 0.00703125
3 0.40234375 0.8859375 0.0109375 0.00859375
4 0.46640625 0.9265625 0.01015625 0.00625
4 0.52890625 0.88984375 0.00703125 0.00625
3 0.55390625 0.44765625 0.0125 0.0109375
4 0.65 0.5359375 0.01015625 0.00859375
4 0.521875 0.73984375 0.00703125 0.0046875
4 0.4703125 0.75 0.01015625 0.00703125
4 0.55625 0.3125 0.01484375 0.01015625
4 0.52109375 0.321875 0.0125 0.01015625
3 0.60703125 0.384375 0.009375 0.00859375
3 0.24140625 0.94140625 0.0109375 0.00703125
3 0.11875 0.63046875 0.0109375 0.0078125
3 0.1421875 0.78359375 0.009375 0.0078125