0 0.30703125 0.55703125 0.0109375 0.03125
0 0.409375 0.4546875 0.0171875 0.01640625
0 0.51953125 0.51796875 0.01640625 0.02265625
0 0.4875 0.5015625 0.0171875 0.01640625
0 0.5578125 0.37109375 0.0125 0.02890625
0 0.546875 0.32109375 0.0109375 0.02734375
0 0.5796875 0.3453125 0.01484375 0.02109375
0 0.50625 0.2609375 0.01015625 0.02265625
0 0.4984375 0.24921875 0.00625 0.01640625
0 0.28203125 0.44140625 0.03125 0.0265625
0 0.309375 0.41796875 0.01484375 0.02109375
0 0.35234375 0.31171875 0.0171875 0.02890625
0 0.328125 0.315625 0.0171875 0.02109375
0 0.2265625 0.45859375 0.01875 0.01875
0 0.33984375 0.69765625 0.02109375 0.02890625
0 0.50703125 0.56640625 0.0140625 0.0265625