4 0.3578125 0.321875 0.0546875 0.0578125
4 0.590625 0.69296875 0.09375 0.1046875
4 0.43671875 0.85625 0.046875 0.04375
4 0.38828125 0.8203125 0.0265625 0.0296875
4 0.43125 0.76953125 0.034375 0.03125
4 0.4546875 0.803125 0.0609375 0.0234375
4 0.5046875 0.58828125 0.05625 0.053125
4 0.6234375 0.57890625 0.040625 0.090625
4 0.5515625 0.59140625 0.040625 0.046875
4 0.3 0.2484375 0.0421875 0.04375
4 0.2625 0.390625 0.0421875 0.065625
4 0.32734375 0.39609375 0.0375 0.0375
4 0.35859375 0.38125 0.040625 0.03125
4 0.396875 0.409375 0.040625 0.0375
4 0.375 0.48046875 0.0765625 0.0703125
4 0.40625 0.61015625 0.0359375 0.028125
4 0.51796875 0.4328125 0.0375 0.040625
4 0.4609375 0.46484375 0.03125 0.03125
4 0.42890625 0.5078125 0.0515625 0.0546875
4 0.46171875 0.30546875 0.0671875 0.059375
4 0.71875 0.328125 0.05 0.04375