4 0.678125 0.6421875 0.0578125 0.0546875
4 0.30703125 0.409375 0.1046875 0.09375
4 0.14375 0.56328125 0.04375 0.046875
4 0.1796875 0.61171875 0.0296875 0.0265625
4 0.23046875 0.56875 0.0328125 0.034375
4 0.196875 0.5453125 0.0234375 0.0609375
4 0.41171875 0.4953125 0.053125 0.05625
4 0.42109375 0.3765625 0.090625 0.040625
4 0.40859375 0.4484375 0.046875 0.040625
4 0.7515625 0.7 0.04375 0.0421875
4 0.609375 0.7375 0.0671875 0.0421875
4 0.60390625 0.67265625 0.0375 0.0390625
4 0.61875 0.64140625 0.0328125 0.0421875
4 0.590625 0.603125 0.0390625 0.0421875
4 0.51953125 0.625 0.0703125 0.0765625
4 0.38984375 0.59375 0.028125 0.0359375
4 0.5671875 0.48203125 0.0421875 0.0375
4 0.53515625 0.5390625 0.03125 0.0328125
4 0.4921875 0.57109375 0.0546875 0.0515625
4 0.69453125 0.53828125 0.059375 0.0671875
4 0.671875 0.28125 0.04375 0.05