4 0.46484375 0.6859375 0.03125 0.03125
4 0.3421875 0.596875 0.0375 0.03125
4 0.40859375 0.70546875 0.03125 0.034375
4 0.37890625 0.68671875 0.028125 0.028125
4 0.365625 0.6515625 0.028125 0.034375
4 0.3609375 0.6265625 0.0265625 0.0328125
4 0.275 0.66953125 0.0265625 0.028125
4 0.3375 0.70859375 0.028125 0.025
4 0.2671875 0.55078125 0.028125 0.0296875
4 0.265625 0.51484375 0.025 0.0328125
4 0.215625 0.67421875 0.046875 0.046875
4 0.34609375 0.753125 0.034375 0.03125
4 0.50859375 0.7421875 0.040625 0.040625
4 0.13984375 0.596875 0.040625 0.0390625