4 0.6859375 0.53515625 0.0328125 0.03125
4 0.596875 0.6578125 0.03125 0.0375
4 0.70546875 0.59140625 0.034375 0.03125
4 0.68671875 0.62109375 0.028125 0.028125
4 0.6515625 0.634375 0.0359375 0.028125
4 0.6265625 0.6390625 0.0328125 0.0265625
4 0.66953125 0.725 0.028125 0.0265625
4 0.70859375 0.6625 0.0265625 0.028125
4 0.55078125 0.7328125 0.0296875 0.028125
4 0.51484375 0.734375 0.0328125 0.0265625
4 0.67421875 0.784375 0.046875 0.046875
4 0.753125 0.65390625 0.03125 0.034375
4 0.7421875 0.49140625 0.040625 0.0421875
4 0.596875 0.86015625 0.0390625 0.0421875