4 0.0421875 0.725 0.0265625 0.025
4 0.14765625 0.45390625 0.065625 0.059375
4 0.17734375 0.39453125 0.01875 0.01875
4 0.16171875 0.65625 0.028125 0.025
4 0.14140625 0.73515625 0.0203125 0.0203125
4 0.2140625 0.78515625 0.06875 0.0390625
4 0.22734375 0.871875 0.0203125 0.0234375
4 0.30859375 0.6 0.03125 0.028125
4 0.15625 0.575 0.046875 0.034375
4 0.13359375 0.54609375 0.025 0.0171875
4 0.08203125 0.5078125 0.0234375 0.0234375
4 0.25859375 0.44296875 0.04375 0.05625
4 0.40703125 0.4890625 0.03125 0.0265625
4 0.2984375 0.4921875 0.040625 0.05
4 0.34453125 0.55234375 0.034375 0.046875
4 0.4625 0.58359375 0.04375 0.03125
4 0.39609375 0.428125 0.028125 0.03125
4 0.3828125 0.29453125 0.0359375 0.025
4 0.33671875 0.284375 0.021875 0.0203125
4 0.24296875 0.1890625 0.028125 0.021875
4 0.04765625 0.32890625 0.0171875 0.0203125
4 0.0734375 0.296875 0.03125 0.025
4 0.0296875 0.28125 0.01875 0.01875
4 0.090625 0.253125 0.03125 0.021875
4 0.0859375 0.66796875 0.0609375 0.0375
4 0.07421875 0.625 0.028125 0.0546875
4 0.02734375 0.61953125 0.021875 0.021875
4 0.1546875 0.771875 0.01875 0.01875
4 0.1875 0.7421875 0.0421875 0.0296875
4 0.2546875 0.7765625 0.0203125 0.01875
4 0.27265625 0.77421875 0.025 0.021875
4 0.34609375 0.821875 0.025 0.025
4 0.44375 0.8265625 0.01875 0.01875
4 0.55625 0.503125 0.03125 0.028125
4 0.58984375 0.5453125 0.025 0.0203125
4 0.57421875 0.575 0.021875 0.0234375
4 0.521875 0.6609375 0.03125 0.0328125
4 0.653125 0.43671875 0.028125 0.028125
4 0.64453125 0.471875 0.021875 0.01875
4 0.87109375 0.68125 0.028125 0.025