4 0.275 0.0421875 0.025 0.0265625
4 0.54609375 0.14765625 0.059375 0.065625
4 0.60546875 0.17734375 0.01875 0.0203125
4 0.34375 0.16171875 0.025 0.028125
4 0.26484375 0.14140625 0.0203125 0.0203125
4 0.21484375 0.2140625 0.040625 0.06875
4 0.128125 0.22734375 0.0234375 0.0203125
4 0.4 0.30859375 0.0296875 0.03125
4 0.425 0.15625 0.034375 0.046875
4 0.45390625 0.13359375 0.0171875 0.025
4 0.4921875 0.08203125 0.0234375 0.0234375
4 0.55703125 0.25859375 0.0578125 0.04375
4 0.5109375 0.40703125 0.0265625 0.03125
4 0.5078125 0.2984375 0.05 0.040625
4 0.44765625 0.34453125 0.046875 0.034375
4 0.41640625 0.4625 0.03125 0.0453125
4 0.571875 0.39609375 0.0328125 0.0296875
4 0.70546875 0.3828125 0.0265625 0.0359375
4 0.715625 0.33671875 0.0203125 0.0234375
4 0.8109375 0.24296875 0.021875 0.0296875
4 0.67109375 0.04765625 0.0203125 0.0171875
4 0.703125 0.0734375 0.025 0.0328125
4 0.71875 0.0296875 0.01875 0.0171875
4 0.746875 0.090625 0.021875 0.03125
4 0.33203125 0.0859375 0.0390625 0.0609375
4 0.375 0.07421875 0.0546875 0.028125
4 0.38046875 0.02734375 0.0234375 0.021875
4 0.228125 0.1546875 0.01875 0.0171875
4 0.2578125 0.1875 0.0296875 0.0421875
4 0.2234375 0.2546875 0.01875 0.0203125
4 0.22578125 0.27265625 0.0234375 0.025
4 0.178125 0.34609375 0.025 0.0234375
4 0.1734375 0.44375 0.0171875 0.0203125
4 0.496875 0.55625 0.028125 0.03125
4 0.4546875 0.58984375 0.0203125 0.0265625
4 0.425 0.57421875 0.0234375 0.0234375
4 0.3390625 0.521875 0.0328125 0.03125
4 0.56328125 0.653125 0.028125 0.028125
4 0.528125 0.64453125 0.01875 0.0234375
4 0.31875 0.87109375 0.0234375 0.028125