3 0.77421875 0.15625 0.01015625 0.00703125
3 0.771875 0.1515625 0.01015625 0.00625
3 0.11796875 0.171875 0.02421875 0.01953125
3 0.184375 0.51875 0.0078125 0.00625
3 0.590625 0.60625 0.015625 0.0140625
3 0.203125 0.7375 0.01015625 0.009375
3 0.484375 0.28515625 0.01015625 0.00625
3 0.44921875 0.26328125 0.0203125 0.01484375
3 0.8578125 0.7375 0.01484375 0.015625
3 0.64921875 0.50859375 0.01875 0.0125
3 0.21796875 0.709375 0.01171875 0.0078125
3 0.6921875 0.21328125 0.00703125 0.00390625
3 0.946875 0.29140625 0.00703125 0.0109375
4 0.21640625 0.51015625 0.0109375 0.00703125