3 0.4296875 0.57734375 0.034375 0.0375
3 0.5203125 0.3734375 0.034375 0.040625
3 0.53984375 0.2453125 0.028125 0.034375
3 0.68125 0.3953125 0.03125 0.0375
3 0.75078125 0.43828125 0.025 0.0296875
3 0.72109375 0.39140625 0.0265625 0.028125
3 0.703125 0.19921875 0.0265625 0.034375
3 0.47734375 0.1765625 0.03125 0.0390625
3 0.5578125 0.4265625 0.01875 0.0234375
3 0.55 0.40625 0.0296875 0.028125
3 0.50859375 0.4375 0.03125 0.028125
3 0.59921875 0.4984375 0.028125 0.0265625
3 0.6359375 0.4796875 0.0265625 0.0546875
3 0.6671875 0.55625 0.034375 0.021875
3 0.54609375 0.58203125 0.025 0.025
3 0.32734375 0.490625 0.028125 0.028125
3 0.2359375 0.4578125 0.025 0.028125
3 0.21171875 0.48125 0.0421875 0.0234375
3 0.3265625 0.3046875 0.021875 0.025
3 0.35 0.5828125 0.028125 0.034375
3 0.38984375 0.55234375 0.0390625 0.046875
3 0.228125 0.6875 0.040625 0.04375
3 0.390625 0.728125 0.0328125 0.0375
3 0.33515625 0.76328125 0.0234375 0.03125
3 0.52265625 0.6640625 0.03125 0.028125
3 0.50390625 0.684375 0.025 0.025
3 0.4375 0.6546875 0.034375 0.0328125
3 0.44375 0.61328125 0.03125 0.0203125
3 0.6171875 0.56953125 0.028125 0.0265625
3 0.7234375 0.67890625 0.025 0.03125
3 0.85546875 0.73046875 0.0875 0.1140625