4 0.33203125 0.1296875 0.034375 0.040625
4 0.3859375 0.17890625 0.028125 0.0296875
4 0.37578125 0.3078125 0.0234375 0.025
4 0.25546875 0.35703125 0.0265625 0.0265625
4 0.296875 0.30234375 0.021875 0.03125
4 0.24375 0.26640625 0.021875 0.0171875
4 0.1890625 0.28515625 0.021875 0.0234375
4 0.35078125 0.18515625 0.0234375 0.028125
4 0.375 0.1515625 0.021875 0.0203125
4 0.3734375 0.053125 0.0234375 0.028125
4 0.42265625 0.0140625 0.025 0.0265625
4 0.4546875 0.03828125 0.01875 0.0234375
4 0.465625 0.06171875 0.01875 0.0234375
4 0.43515625 0.209375 0.028125 0.0390625
4 0.475 0.178125 0.021875 0.028125
4 0.4296875 0.29375 0.0375 0.0421875
4 0.40234375 0.315625 0.01875 0.021875
4 0.35234375 0.33046875 0.021875 0.0265625
4 0.32109375 0.09609375 0.021875 0.0265625
4 0.2359375 0.18125 0.0421875 0.0359375
4 0.2015625 0.1984375 0.01875 0.01875
4 0.175 0.19296875 0.0171875 0.021875
4 0.23828125 0.40703125 0.028125 0.0265625
4 0.26796875 0.4609375 0.0390625 0.0296875
4 0.40859375 0.3453125 0.0234375 0.0234375
4 0.453125 0.40859375 0.025 0.03125
4 0.49296875 0.26171875 0.0203125 0.025
4 0.4578125 0.28125 0.0171875 0.0234375
4 0.65703125 0.21953125 0.021875 0.025
4 0.5109375 0.4609375 0.025 0.028125
4 0.47265625 0.43984375 0.025 0.025
4 0.4109375 0.5109375 0.0296875 0.03125
4 0.4578125 0.53828125 0.028125 0.025
4 0.5421875 0.4828125 0.0265625 0.0328125
4 0.58515625 0.5375 0.0265625 0.03125
4 0.62578125 0.56015625 0.0359375 0.0328125
4 0.33359375 0.44609375 0.0234375 0.0265625
4 0.35546875 0.45625 0.0234375 0.025
4 0.29609375 0.55390625 0.01875 0.0203125
4 0.3390625 0.57578125 0.0203125 0.0203125
4 0.3015625 0.6375 0.04375 0.025
4 0.33671875 0.65078125 0.0203125 0.0234375
4 0.2875 0.58046875 0.0234375 0.0265625
4 0.2046875 0.48125 0.0328125 0.03125
4 0.2328125 0.49296875 0.0265625 0.025
4 0.165625 0.4359375 0.0234375 0.0234375
4 0.15 0.33359375 0.0203125 0.021875
4 0.4421875 0.6625 0.0265625 0.021875
4 0.44765625 0.68671875 0.01875 0.0234375
4 0.38125 0.7078125 0.0171875 0.021875
4 0.35703125 0.75078125 0.0234375 0.0265625
4 0.50859375 0.6828125 0.03125 0.0328125
4 0.5421875 0.6703125 0.01875 0.03125
4 0.56796875 0.6578125 0.0203125 0.046875
4 0.62578125 0.65859375 0.0203125 0.0265625
4 0.63984375 0.7046875 0.0234375 0.0265625
4 0.7125 0.6578125 0.05625 0.05625
4 0.6546875 0.66953125 0.0265625 0.0359375
4 0.57578125 0.82265625 0.028125 0.0265625
4 0.50234375 0.77109375 0.0203125 0.0234375
4 0.50078125 0.80703125 0.021875 0.0234375
4 0.6453125 0.775 0.0234375 0.0203125
4 0.66953125 0.80234375 0.0203125 0.021875
4 0.75703125 0.77109375 0.0203125 0.0265625
4 0.696875 0.74453125 0.03125 0.028125
4 0.84375 0.8359375 0.0265625 0.0234375
4 0.771875 0.83046875 0.0390625 0.025
4 0.7328125 0.8265625 0.0375 0.0390625
4 0.66015625 0.85625 0.0703125 0.0390625
4 0.621875 0.828125 0.0234375 0.0203125
4 0.5515625 0.88046875 0.025 0.025
4 0.41484375 0.6125 0.021875 0.0265625
4 0.3828125 0.5890625 0.025 0.025
4 0.19296875 0.59140625 0.025 0.028125
4 0.3734375 0.50703125 0.03125 0.0234375