4 0.33203125 0.8703125 0.034375 0.040625
4 0.3859375 0.82109375 0.028125 0.0296875
4 0.37578125 0.6921875 0.025 0.025
4 0.25546875 0.64296875 0.0265625 0.0265625
4 0.296875 0.69765625 0.021875 0.03125
4 0.24375 0.73359375 0.021875 0.0171875
4 0.1890625 0.71484375 0.021875 0.0234375
4 0.35078125 0.81484375 0.025 0.028125
4 0.375 0.8484375 0.021875 0.0203125
4 0.3734375 0.946875 0.025 0.028125
4 0.42265625 0.9859375 0.025 0.025
4 0.4546875 0.96171875 0.01875 0.025
4 0.465625 0.93828125 0.01875 0.021875
4 0.43515625 0.790625 0.028125 0.0375
4 0.475 0.821875 0.021875 0.028125
4 0.4296875 0.70625 0.0375 0.0421875
4 0.40234375 0.684375 0.01875 0.021875
4 0.35234375 0.66953125 0.021875 0.0265625
4 0.32109375 0.90390625 0.021875 0.0265625
4 0.2359375 0.81875 0.040625 0.0359375
4 0.2015625 0.8015625 0.01875 0.01875
4 0.175 0.80703125 0.0171875 0.021875
4 0.23828125 0.59296875 0.028125 0.0265625
4 0.26796875 0.5390625 0.0390625 0.028125
4 0.40859375 0.6546875 0.021875 0.021875
4 0.453125 0.59140625 0.025 0.03125
4 0.49296875 0.73828125 0.0203125 0.025
4 0.4578125 0.71875 0.0171875 0.0234375
4 0.65703125 0.78046875 0.021875 0.025
4 0.5109375 0.5390625 0.025 0.028125
4 0.47265625 0.56015625 0.025 0.025
4 0.4109375 0.4890625 0.0296875 0.03125
4 0.4578125 0.46171875 0.028125 0.025
4 0.5421875 0.5171875 0.0265625 0.03125
4 0.58515625 0.4625 0.0265625 0.03125
4 0.62578125 0.43984375 0.034375 0.0328125
4 0.33359375 0.55390625 0.021875 0.025
4 0.35546875 0.54375 0.0234375 0.025
4 0.29609375 0.44609375 0.01875 0.0203125
4 0.3390625 0.42421875 0.0203125 0.01875
4 0.3015625 0.3625 0.04375 0.025
4 0.33671875 0.34921875 0.01875 0.021875
4 0.2875 0.41953125 0.0234375 0.0265625
4 0.2046875 0.51875 0.0328125 0.03125
4 0.2328125 0.50703125 0.025 0.025
4 0.165625 0.5640625 0.0234375 0.021875
4 0.15 0.66640625 0.0203125 0.021875
4 0.4421875 0.3375 0.025 0.021875
4 0.44765625 0.31328125 0.01875 0.0234375
4 0.38125 0.2921875 0.0171875 0.021875
4 0.35703125 0.24921875 0.0234375 0.0265625
4 0.50859375 0.3171875 0.03125 0.0328125
4 0.5421875 0.3296875 0.01875 0.03125
4 0.56796875 0.3421875 0.0203125 0.046875
4 0.62578125 0.34140625 0.0203125 0.025
4 0.63984375 0.2953125 0.0234375 0.0265625
4 0.7125 0.3421875 0.05625 0.05625
4 0.6546875 0.33046875 0.0265625 0.0375
4 0.57578125 0.17734375 0.028125 0.025
4 0.50234375 0.22890625 0.0203125 0.021875
4 0.50078125 0.19296875 0.021875 0.0234375
4 0.6453125 0.225 0.025 0.0203125
4 0.66953125 0.19765625 0.01875 0.021875
4 0.75703125 0.22890625 0.021875 0.0265625
4 0.696875 0.25546875 0.03125 0.028125
4 0.84375 0.1640625 0.025 0.0234375
4 0.771875 0.16953125 0.0375 0.025
4 0.7328125 0.1734375 0.0375 0.0390625
4 0.66015625 0.14375 0.0703125 0.0375
4 0.621875 0.171875 0.021875 0.0203125
4 0.5515625 0.11953125 0.025 0.025
4 0.41484375 0.3875 0.021875 0.025
4 0.3828125 0.4109375 0.025 0.025
4 0.19296875 0.40859375 0.025 0.028125
4 0.3734375 0.49296875 0.03125 0.0234375