2 0.61484375 0.88203125 0.06171875 0.0578125
4 0.4125 0.82890625 0.01484375 0.00859375
4 0.4015625 0.89609375 0.01015625 0.0078125
4 0.1859375 0.8859375 0.00546875 0.0046875
4 0.1921875 0.88046875 0.0078125 0.00625
4 0.20078125 0.9046875 0.0046875 0.003125
4 0.96875 0.3390625 0.0109375 0.01015625
3 0.83671875 0.353125 0.00625 0.00546875
4 0.7390625 0.85859375 0.01015625 0.0078125
4 0.1984375 0.74765625 0.00703125 0.0046875
3 0.25546875 0.0671875 0.0078125 0.0078125
3 0.4671875 0.0234375 0.00703125 0.00390625
3 0.35859375 0.8953125 0.00703125 0.00625
4 0.46875 0.88671875 0.00703125 0.0046875
4 0.49296875 0.8265625 0.00625 0.0046875
4 0.73828125 0.7953125 0.00625 0.0046875
3 0.6921875 0.8578125 0.01484375 0.01015625
3 0.70390625 0.85 0.0125 0.01171875
4 0.27421875 0.79609375 0.00546875 0.00546875
3 0.7234375 0.721875 0.009375 0.00859375
3 0.30625 0.57109375 0.0171875 0.0109375
3 0.35625 0.91484375 0.0078125 0.00546875
3 0.390625 0.8828125 0.0140625 0.009375
3 0.6078125 0.0609375 0.01015625 0.00625
4 0.609375 0.71171875 0.009375 0.00859375
4 0.634375 0.73046875 0.009375 0.00703125
3 0.45390625 0.89765625 0.01015625 0.00703125
2 0.4515625 0.92421875 0.0765625 0.0421875
2 0.9734375 0.34375 0.0484375 0.08046875
3 0.81328125 0.72109375 0.01171875 0.00703125
3 0.1984375 0.80625 0.0125 0.0125
3 0.875 0.13671875 0.0140625 0.009375
3 0.9109375 0.228125 0.01796875 0.01875
4 0.14140625 0.87578125 0.01796875 0.0125
2 0.040625 0.78203125 0.02578125 0.0296875
3 0.084375 0.8453125 0.0234375 0.02734375
3 0.315625 0.3453125 0.0078125 0.00625
2 0.83046875 0.88203125 0.05 0.040625
2 0.921875 0.815625 0.02578125 0.03125
2 0.915625 0.80390625 0.0296875 0.0296875
3 0.13828125 0.1796875 0.015625 0.01640625
3 0.34375 0.9125 0.00859375 0.0078125