4 0.5625 0.4 0.0171875 0.0265625
4 0.5203125 0.4046875 0.046875 0.05
4 0.38203125 0.47578125 0.021875 0.0265625
4 0.4609375 0.44375 0.01875 0.0234375
4 0.3375 0.56328125 0.025 0.028125
4 0.46796875 0.60078125 0.0296875 0.034375
4 0.6390625 0.6421875 0.028125 0.03125
4 0.7296875 0.5640625 0.034375 0.0515625
4 0.675 0.58671875 0.01875 0.01875
4 0.80390625 0.51796875 0.0328125 0.04375
4 0.8203125 0.596875 0.0203125 0.025
4 0.78984375 0.6140625 0.021875 0.021875
4 0.59140625 0.71328125 0.0234375 0.021875
4 0.55 0.51640625 0.021875 0.021875
4 0.50546875 0.5375 0.0171875 0.0234375
4 0.6390625 0.43125 0.01875 0.0234375
4 0.71953125 0.47265625 0.034375 0.046875
4 0.75625 0.4859375 0.0125 0.01875
4 0.67578125 0.33203125 0.028125 0.034375
4 0.596875 0.3359375 0.0203125 0.021875
4 0.56015625 0.3234375 0.015625 0.025
4 0.61171875 0.39140625 0.015625 0.025
4 0.57578125 0.21015625 0.0234375 0.021875
4 0.5171875 0.18359375 0.025 0.025
4 0.696875 0.2734375 0.021875 0.028125