4 0.5625 0.6 0.0171875 0.0265625
4 0.5203125 0.5953125 0.046875 0.0515625
4 0.38203125 0.52421875 0.0234375 0.0265625
4 0.4609375 0.55625 0.0203125 0.0234375
4 0.3375 0.43671875 0.0234375 0.0296875
4 0.46796875 0.39921875 0.0296875 0.0359375
4 0.6390625 0.3578125 0.028125 0.03125
4 0.7296875 0.4359375 0.034375 0.0515625
4 0.675 0.41328125 0.01875 0.0203125
4 0.80390625 0.48203125 0.0328125 0.04375
4 0.8203125 0.403125 0.0203125 0.0234375
4 0.78984375 0.3859375 0.021875 0.021875
4 0.59140625 0.28671875 0.0234375 0.021875
4 0.55 0.48359375 0.021875 0.021875
4 0.50546875 0.4625 0.0171875 0.0234375
4 0.6390625 0.56875 0.01875 0.0234375
4 0.71953125 0.52734375 0.0359375 0.046875
4 0.75625 0.5140625 0.0125 0.01875
4 0.67578125 0.66796875 0.028125 0.0359375
4 0.596875 0.6640625 0.0203125 0.0234375
4 0.56015625 0.6765625 0.0171875 0.0265625
4 0.61171875 0.60859375 0.015625 0.0234375
4 0.57578125 0.78984375 0.0234375 0.021875
4 0.5171875 0.81640625 0.025 0.025
4 0.696875 0.7265625 0.0203125 0.028125