4 0.4859375 0.95 0.0171875 0.0203125
4 0.46796875 0.9171875 0.01875 0.01875
4 0.55 0.66796875 0.0359375 0.053125
4 0.60078125 0.6609375 0.0515625 0.06875
4 0.65078125 0.68984375 0.04375 0.046875
4 0.72265625 0.69140625 0.025 0.01875
4 0.68515625 0.6828125 0.021875 0.01875
4 0.73515625 0.78125 0.025 0.021875
4 0.70390625 0.8734375 0.015625 0.0203125
4 0.60859375 0.90546875 0.0203125 0.01875
4 0.49296875 0.8625 0.021875 0.01875
4 0.8515625 0.6921875 0.021875 0.01875
4 0.7453125 0.6203125 0.040625 0.0375
4 0.8125 0.58125 0.01875 0.01875
4 0.734375 0.44609375 0.021875 0.025
4 0.66875 0.5640625 0.0328125 0.028125
4 0.67109375 0.52265625 0.021875 0.0203125
4 0.5671875 0.58515625 0.01875 0.015625
4 0.53984375 0.61484375 0.021875 0.025
4 0.5078125 0.54609375 0.0453125 0.08125
4 0.6109375 0.4484375 0.028125 0.040625
4 0.6515625 0.4015625 0.028125 0.01875
4 0.94609375 0.52109375 0.015625 0.0140625
4 0.82578125 0.34609375 0.028125 0.021875
4 0.8625 0.24921875 0.1265625 0.1296875
4 0.79140625 0.175 0.003125 0.003125
4 0.7515625 0.3140625 0.053125 0.053125
4 0.7359375 0.378125 0.015625 0.021875
4 0.66953125 0.3703125 0.021875 0.015625
4 0.709375 0.36015625 0.028125 0.01875