4 0.05 0.5140625 0.0203125 0.0171875
4 0.0828125 0.53203125 0.01875 0.01875
4 0.33203125 0.45 0.053125 0.0359375
4 0.3390625 0.39921875 0.06875 0.0515625
4 0.31015625 0.34921875 0.046875 0.04375
4 0.30859375 0.27734375 0.0203125 0.025
4 0.3171875 0.31484375 0.0203125 0.021875
4 0.21875 0.26484375 0.0234375 0.0234375
4 0.1265625 0.29609375 0.0203125 0.015625
4 0.09453125 0.39140625 0.01875 0.0203125
4 0.1375 0.50703125 0.01875 0.021875
4 0.3078125 0.1484375 0.0203125 0.021875
4 0.3796875 0.2546875 0.0390625 0.040625
4 0.41875 0.1875 0.0203125 0.0203125
4 0.55390625 0.265625 0.025 0.021875
4 0.4359375 0.33125 0.028125 0.0328125
4 0.47734375 0.32890625 0.0203125 0.021875
4 0.41484375 0.4328125 0.015625 0.01875
4 0.38515625 0.46015625 0.025 0.021875
4 0.45390625 0.4921875 0.08125 0.0453125
4 0.5515625 0.3890625 0.0390625 0.0296875
4 0.5984375 0.3484375 0.01875 0.028125
4 0.47890625 0.05390625 0.0140625 0.015625
4 0.65390625 0.17421875 0.021875 0.028125
4 0.75078125 0.1375 0.1296875 0.1265625
4 0.825 0.20859375 0.003125 0.003125
4 0.6859375 0.2484375 0.0515625 0.053125
4 0.621875 0.2640625 0.0203125 0.015625
4 0.6296875 0.33046875 0.015625 0.021875
4 0.63984375 0.290625 0.01875 0.0296875