3 0.80546875 0.634375 0.0109375 0.01015625
3 0.3015625 0.55390625 0.0140625 0.01171875
3 0.28984375 0.10859375 0.01640625 0.0140625
3 0.57734375 0.48203125 0.015625 0.0140625
3 0.4078125 0.13359375 0.04296875 0.01640625
3 0.75703125 0.0875 0.0203125 0.01484375
3 0.46015625 0.509375 0.01328125 0.01015625
3 0.31328125 0.93203125 0.03046875 0.02578125
3 0.315625 0.96015625 0.02109375 0.01640625
4 0.2703125 0.6328125 0.01171875 0.0078125
3 0.6609375 0.725 0.009375 0.00703125
3 0.54140625 0.50078125 0.021875 0.0140625
3 0.71015625 0.578125 0.0140625 0.01171875
3 0.2875 0.61171875 0.00703125 0.00546875
3 0.51171875 0.48359375 0.01171875 0.01015625
3 0.47578125 0.47109375 0.01015625 0.00859375
3 0.4859375 0.48359375 0.015625 0.00859375
4 0.43203125 0.46875 0.0046875 0.00390625
3 0.828125 0.1015625 0.01015625 0.009375
3 0.93359375 0.54375 0.01640625 0.021875
3 0.03046875 0.76953125 0.00625 0.00703125