3 0.1953125 0.665625 0.00703125 0.00625
3 0.1546875 0.70078125 0.01015625 0.00859375
3 0.1078125 0.67421875 0.0109375 0.0109375
3 0.83125 0.69609375 0.01953125 0.0125
3 0.815625 0.6875 0.01796875 0.009375
3 0.75390625 0.67265625 0.01484375 0.01015625
3 0.7578125 0.68359375 0.0078125 0.00625
3 0.15078125 0.77109375 0.0078125 0.00546875
4 0.51171875 0.865625 0.02109375 0.0109375
3 0.68671875 0.87578125 0.0171875 0.0109375
3 0.79453125 0.74765625 0.0125 0.009375
3 0.79609375 0.7578125 0.00703125 0.0046875
3 0.0734375 0.64609375 0.009375 0.0109375
3 0.16953125 0.80625 0.01328125 0.0109375
3 0.88125 0.72578125 0.00625 0.0078125
3 0.8484375 0.75625 0.00625 0.00390625
3 0.50234375 0.31640625 0.009375 0.009375
3 0.178125 0.59296875 0.01328125 0.01484375
3 0.95390625 0.5953125 0.009375 0.009375
3 0.89140625 0.7796875 0.0109375 0.01328125
3 0.0796875 0.75625 0.01015625 0.0140625
3 0.12109375 0.6875 0.00625 0.00625
3 0.2 0.63203125 0.00859375 0.00703125
3 0.796875 0.63671875 0.01015625 0.00703125