0 0.0296875 0.3734375 0.04453125 0.08671875
0 0.340625 0.36953125 0.03203125 0.08828125
0 0.58359375 0.31640625 0.08359375 0.0875
0 0.45703125 0.14296875 0.03203125 0.0921875
0 0.6046875 0.1359375 0.03125 0.08984375
0 0.70234375 0.10546875 0.0453125 0.0765625
0 0.2171875 0.11328125 0.03515625 0.05
0 0.2328125 0.75078125 0.115625 0.1359375
0 0.41015625 0.74453125 0.08046875 0.06484375
0 0.60546875 0.5359375 0.05703125 0.05703125
0 0.3140625 0.94296875 0.03671875 0.046875
0 0.421875 0.9734375 0.0421875 0.053125
0 0.69375 0.93984375 0.11328125 0.08671875
0 0.89453125 0.434375 0.028125 0.059375