0 0.1640625 0.6796875 0.0390625 0.04921875
0 0.22109375 0.678125 0.03359375 0.04453125
0 0.3734375 0.78203125 0.02578125 0.03515625
0 0.39296875 0.84453125 0.02890625 0.04296875
0 0.28203125 0.84921875 0.01953125 0.0328125
0 0.5125 0.77578125 0.01796875 0.025
0 0.31015625 0.78203125 0.02109375 0.03515625
0 0.25546875 0.6953125 0.0171875 0.03125
0 0.6609375 0.90078125 0.01484375 0.02734375
0 0.3453125 0.8609375 0.02109375 0.03359375
0 0.5671875 0.80859375 0.02265625 0.04140625
0 0.43203125 0.88203125 0.015625 0.03125
0 0.3984375 0.7234375 0.01640625 0.03203125
0 0.2484375 0.76796875 0.0203125 0.03046875
0 0.26953125 0.503125 0.02109375 0.03671875
0 0.16015625 0.59140625 0.01796875 0.03125
0 0.28203125 0.61484375 0.0203125 0.03203125
0 0.25234375 0.9734375 0.01796875 0.0328125
0 0.5640625 0.234375 0.028125 0.03984375
0 0.44140625 0.775 0.01484375 0.0203125
0 0.50078125 0.9421875 0.021875 0.03515625
0 0.34609375 0.9375 0.021875 0.03671875
0 0.18984375 0.796875 0.01796875 0.0296875
0 0.23125 0.484375 0.01796875 0.03125
0 0.278125 0.9421875 0.01796875 0.03046875
0 0.5484375 0.9609375 0.01953125 0.028125
0 0.2953125 0.41875 0.0234375 0.0265625
0 0.16171875 0.81328125 0.021875 0.03125
0 0.34296875 0.74765625 0.0171875 0.0265625
0 0.11640625 0.7953125 0.015625 0.02734375
0 0.465625 0.96015625 0.02265625 0.0328125
0 0.246875 0.88203125 0.02109375 0.03203125
0 0.6453125 0.06796875 0.01640625 0.028125
0 0.5859375 0.51796875 0.02109375 0.03359375
0 0.31328125 0.9078125 0.015625 0.025
0 0.2890625 0.18359375 0.02109375 0.04609375
0 0.3203125 0.6671875 0.0203125 0.03515625
0 0.0359375 0.90703125 0.021875 0.0453125
0 0.07734375 0.7296875 0.015625 0.03203125
0 0.48359375 0.509375 0.01875 0.03671875
0 0.21484375 0.74375 0.01640625 0.03359375
0 0.328125 0.16015625 0.0203125 0.0328125
0 0.5453125 0.896875 0.0171875 0.028125
0 0.38125 0.425 0.02578125 0.03984375
0 0.46640625 0.765625 0.01875 0.02421875
0 0.365625 0.646875 0.028125 0.05234375
0 0.65 0.190625 0.025 0.03359375
0 0.540625 0.8703125 0.01875 0.034375
0 0.034375 0.61796875 0.01796875 0.0390625
0 0.6015625 0.35 0.02578125 0.03984375
0 0.2640625 0.08671875 0.02734375 0.04296875
0 0.02578125 0.21875 0.02265625 0.04453125
0 0.36953125 0.96640625 0.01953125 0.034375
0 0.20234375 0.07421875 0.02265625 0.0390625
0 0.61015625 0.1015625 0.01953125 0.0296875
0 0.634375 0.98125 0.01640625 0.0328125
0 0.28828125 0.27578125 0.03203125 0.053125
0 0.18984375 0.5359375 0.02265625 0.05078125
0 0.43125 0.97890625 0.01640625 0.03203125
0 0.7484375 0.80078125 0.025 0.05
0 0.415625 0.1828125 0.0328125 0.0578125
0 0.3734375 0.13984375 0.0171875 0.03125