0 0.59921875 0.55 0.05 0.08125
0 0.41875 0.7578125 0.034375 0.0671875
0 0.4140625 0.965625 0.0453125 0.06875
0 0.696875 0.93828125 0.028125 0.04375
0 0.4484375 0.1234375 0.02265625 0.04140625
0 0.33515625 0.36953125 0.0453125 0.04375
0 0.321875 0.93984375 0.028125 0.053125
0 0.69375 0.10078125 0.03359375 0.040625
0 0.89140625 0.4390625 0.02734375 0.03359375
0 0.4625 0.17109375 0.03359375 0.0296875
0 0.60078125 0.13671875 0.025 0.0390625
0 0.21171875 0.1203125 0.0375 0.03515625
0 0.25625 0.31875 0.03125 0.040625
0 0.478125 0.06484375 0.02578125 0.02890625
0 0.4390625 0.4359375 0.021875 0.04140625
0 0.31015625 0.55859375 0.03125 0.03125