4 0.2609375 0.14453125 0.03125 0.0453125
4 0.24921875 0.2015625 0.0421875 0.059375
4 0.04609375 0.2203125 0.0546875 0.0546875
4 0.0671875 0.17265625 0.025 0.0265625
4 0.16953125 0.18515625 0.028125 0.0296875
4 0.1203125 0.23203125 0.040625 0.0515625
4 0.01015625 0.26328125 0.0203125 0.0296875
4 0.0578125 0.3125 0.08125 0.03125
4 0.01640625 0.4 0.0328125 0.0359375
4 0.1359375 0.39609375 0.0453125 0.0703125
4 0.0984375 0.45390625 0.0359375 0.0375
4 0.06953125 0.49609375 0.0375 0.034375
4 0.05 0.54140625 0.04375 0.04375
4 0.05390625 0.63125 0.0875 0.059375
4 0.13828125 0.5890625 0.028125 0.03125
4 0.14140625 0.49375 0.0515625 0.0546875
4 0.1578125 0.45078125 0.03125 0.0296875
4 0.21328125 0.4390625 0.065625 0.0484375
4 0.2078125 0.48125 0.0296875 0.0296875
4 0.2890625 0.4265625 0.0328125 0.03125
4 0.2921875 0.30703125 0.0234375 0.03125
4 0.38515625 0.1796875 0.0453125 0.0546875
4 0.478125 0.15234375 0.0484375 0.0515625
4 0.33984375 0.24921875 0.028125 0.0296875
4 0.3609375 0.3046875 0.028125 0.0296875
4 0.3 0.365625 0.028125 0.03125
4 0.38515625 0.35859375 0.028125 0.03125
4 0.44140625 0.3953125 0.028125 0.03125
4 0.48125 0.28671875 0.0671875 0.0609375
4 0.578125 0.30390625 0.0765625 0.0390625
4 0.584375 0.2046875 0.0203125 0.028125
4 0.615625 0.14609375 0.0203125 0.028125
4 0.3375 0.4703125 0.028125 0.0296875
4 0.50078125 0.56484375 0.03125 0.03125
4 0.4078125 0.6625 0.0328125 0.03125
4 0.4796875 0.69140625 0.0328125 0.0328125
4 0.53515625 0.61953125 0.0453125 0.0421875
4 0.60546875 0.6125 0.0328125 0.028125
4 0.50078125 0.45234375 0.0296875 0.0296875
4 0.5765625 0.44296875 0.03125 0.0296875
4 0.64375 0.4765625 0.046875 0.0546875
4 0.63046875 0.37578125 0.028125 0.0265625
4 0.64140625 0.2109375 0.0234375 0.025
4 0.7203125 0.3046875 0.025 0.0234375
4 0.75 0.2828125 0.021875 0.0234375
4 0.6875 0.56328125 0.021875 0.028125
4 0.7109375 0.6359375 0.0265625 0.025
4 0.67890625 0.6328125 0.0296875 0.028125
4 0.171875 0.26328125 0.04375 0.0453125