4 0.7390625 0.85546875 0.03125 0.0453125
4 0.75078125 0.7984375 0.0421875 0.059375
4 0.95390625 0.7796875 0.0546875 0.0546875
4 0.9328125 0.82734375 0.025 0.0265625
4 0.83046875 0.81484375 0.028125 0.028125
4 0.8796875 0.76796875 0.040625 0.0515625
4 0.98984375 0.73671875 0.0203125 0.0296875
4 0.9421875 0.6875 0.08125 0.03125
4 0.98359375 0.6 0.0328125 0.0359375
4 0.8640625 0.60390625 0.04375 0.071875
4 0.9015625 0.54609375 0.0359375 0.0375
4 0.93046875 0.50390625 0.0375 0.034375
4 0.95 0.45859375 0.04375 0.04375
4 0.94609375 0.36875 0.0875 0.059375
4 0.86171875 0.4109375 0.028125 0.03125
4 0.85859375 0.50625 0.0515625 0.0546875
4 0.8421875 0.54921875 0.03125 0.0296875
4 0.78671875 0.5609375 0.065625 0.0484375
4 0.7921875 0.51875 0.03125 0.028125
4 0.7109375 0.5734375 0.03125 0.03125
4 0.7078125 0.69296875 0.021875 0.03125
4 0.61484375 0.8203125 0.0453125 0.053125
4 0.521875 0.84765625 0.0484375 0.0515625
4 0.66015625 0.75078125 0.028125 0.028125
4 0.6390625 0.6953125 0.028125 0.028125
4 0.7 0.634375 0.028125 0.03125
4 0.61484375 0.64140625 0.028125 0.03125
4 0.55859375 0.6046875 0.028125 0.03125
4 0.51875 0.71328125 0.065625 0.0609375
4 0.421875 0.69609375 0.0765625 0.0375
4 0.415625 0.7953125 0.0203125 0.028125
4 0.384375 0.85390625 0.0203125 0.028125
4 0.6625 0.5296875 0.028125 0.0296875
4 0.49921875 0.43515625 0.03125 0.03125
4 0.5921875 0.3375 0.0328125 0.03125
4 0.5203125 0.30859375 0.0328125 0.03125
4 0.46484375 0.38046875 0.0453125 0.040625
4 0.39453125 0.3875 0.0328125 0.028125
4 0.49921875 0.54765625 0.0296875 0.028125
4 0.4234375 0.55703125 0.03125 0.028125
4 0.35625 0.5234375 0.046875 0.0546875
4 0.36953125 0.62421875 0.028125 0.0265625
4 0.35859375 0.7890625 0.0234375 0.025
4 0.2796875 0.6953125 0.025 0.0234375
4 0.25 0.7171875 0.021875 0.025
4 0.3125 0.43671875 0.021875 0.028125
4 0.2890625 0.3640625 0.0265625 0.025
4 0.32109375 0.3671875 0.0296875 0.028125
4 0.828125 0.73671875 0.04375 0.0453125