4 0.51875 0.30078125 0.05625 0.071875
4 0.61640625 0.1484375 0.0296875 0.034375
4 0.46640625 0.1625 0.034375 0.0296875
4 0.265625 0.22734375 0.04375 0.040625
4 0.35234375 0.2578125 0.0703125 0.053125
4 0.415625 0.315625 0.0359375 0.046875
4 0.34375 0.33046875 0.025 0.025
4 0.2609375 0.3328125 0.053125 0.053125
4 0.40546875 0.4546875 0.0234375 0.028125
4 0.57421875 0.325 0.028125 0.03125
4 0.625 0.203125 0.0234375 0.0265625
4 0.62734375 0.25234375 0.028125 0.025
4 0.5390625 0.3875 0.065625 0.046875
4 0.68515625 0.49296875 0.025 0.0265625
4 0.5125 0.66640625 0.025 0.021875
4 0.43671875 0.58984375 0.0296875 0.040625
4 0.515625 0.53359375 0.028125 0.028125
4 0.5625 0.5171875 0.0265625 0.021875
4 0.509375 0.4359375 0.03125 0.034375
4 0.33515625 0.39453125 0.0734375 0.03125
4 0.23125 0.39375 0.0421875 0.065625
4 0.1671875 0.40078125 0.0328125 0.034375
4 0.546875 0.5953125 0.0296875 0.03125
4 0.46171875 0.24921875 0.025 0.021875
4 0.478125 0.69921875 0.0234375 0.0203125
4 0.76015625 0.36015625 0.0203125 0.0203125