4 0.48125 0.30078125 0.05625 0.071875
4 0.38359375 0.1484375 0.0296875 0.034375
4 0.53359375 0.1625 0.034375 0.0296875
4 0.734375 0.22734375 0.04375 0.040625
4 0.64765625 0.2578125 0.0703125 0.053125
4 0.584375 0.315625 0.0359375 0.046875
4 0.65625 0.33046875 0.025 0.025
4 0.7390625 0.3328125 0.0515625 0.0546875
4 0.59453125 0.4546875 0.0234375 0.028125
4 0.42578125 0.325 0.0296875 0.03125
4 0.375 0.203125 0.0234375 0.0265625
4 0.37265625 0.25234375 0.028125 0.025
4 0.4609375 0.3875 0.065625 0.046875
4 0.31484375 0.49296875 0.0234375 0.0265625
4 0.4875 0.66640625 0.025 0.0203125
4 0.56328125 0.58984375 0.0296875 0.040625
4 0.484375 0.53359375 0.028125 0.028125
4 0.4375 0.5171875 0.0265625 0.0203125
4 0.490625 0.4359375 0.03125 0.034375
4 0.66484375 0.39453125 0.0734375 0.03125
4 0.76875 0.39375 0.0421875 0.0671875
4 0.8328125 0.40078125 0.0328125 0.034375
4 0.453125 0.5953125 0.0296875 0.03125
4 0.53828125 0.24921875 0.0265625 0.0234375
4 0.521875 0.69921875 0.0234375 0.0203125
4 0.23984375 0.36015625 0.0203125 0.0203125