4 0.69921875 0.51875 0.071875 0.05625
4 0.8515625 0.61640625 0.034375 0.0296875
4 0.8375 0.46640625 0.0296875 0.034375
4 0.77265625 0.265625 0.040625 0.04375
4 0.7421875 0.35234375 0.053125 0.0703125
4 0.684375 0.415625 0.046875 0.0359375
4 0.66953125 0.34375 0.025 0.025
4 0.6671875 0.2609375 0.053125 0.053125
4 0.5453125 0.40546875 0.028125 0.0234375
4 0.675 0.57421875 0.03125 0.028125
4 0.796875 0.625 0.0265625 0.0234375
4 0.74765625 0.62734375 0.025 0.028125
4 0.6125 0.5390625 0.046875 0.065625
4 0.50703125 0.68515625 0.0265625 0.025
4 0.33359375 0.5125 0.021875 0.025
4 0.41015625 0.43671875 0.040625 0.0296875
4 0.46640625 0.515625 0.028125 0.028125
4 0.4828125 0.5625 0.021875 0.0265625
4 0.5640625 0.509375 0.034375 0.03125
4 0.60546875 0.33515625 0.03125 0.0734375
4 0.60625 0.23125 0.065625 0.0421875
4 0.59921875 0.1671875 0.034375 0.0328125
4 0.4046875 0.546875 0.03125 0.0296875
4 0.75078125 0.46171875 0.021875 0.025
4 0.30078125 0.478125 0.0203125 0.0234375
4 0.63984375 0.76015625 0.0203125 0.0203125