4 0.37265625 0.27890625 0.025 0.028125
4 0.4203125 0.3984375 0.046875 0.040625
4 0.4359375 0.29609375 0.0203125 0.021875
4 0.50234375 0.271875 0.021875 0.021875
4 0.56015625 0.28203125 0.0265625 0.025
4 0.603125 0.3203125 0.025 0.065625
4 0.68125 0.19609375 0.053125 0.0625
4 0.571875 0.21484375 0.075 0.059375
4 0.73203125 0.16328125 0.028125 0.03125
4 0.7078125 0.2609375 0.059375 0.046875
4 0.66171875 0.29296875 0.025 0.0234375
4 0.70546875 0.3875 0.0890625 0.0859375
4 0.646875 0.3875 0.028125 0.0265625
4 0.546875 0.36171875 0.028125 0.025
4 0.51015625 0.4015625 0.01875 0.01875
4 0.51875 0.4609375 0.040625 0.028125
4 0.40625 0.48828125 0.015625 0.01875
4 0.3609375 0.5453125 0.03125 0.03125
4 0.440625 0.51171875 0.028125 0.028125
4 0.49609375 0.56484375 0.05 0.0375
4 0.47421875 0.65 0.059375 0.053125
4 0.45625 0.74765625 0.025 0.021875
4 0.5984375 0.49375 0.0265625 0.0265625
4 0.65546875 0.5015625 0.0625 0.04375
4 0.6953125 0.4453125 0.059375 0.0375
4 0.7046875 0.5109375 0.021875 0.05625
4 0.73671875 0.56796875 0.046875 0.0625
4 0.65703125 0.60234375 0.028125 0.025
4 0.67578125 0.72109375 0.0546875 0.071875
4 0.58046875 0.715625 0.0359375 0.040625
4 0.5078125 0.72109375 0.025 0.021875
4 0.525 0.803125 0.021875 0.025
4 0.54765625 0.8421875 0.021875 0.021875
4 0.59375 0.878125 0.028125 0.028125
4 0.71796875 0.7984375 0.021875 0.0203125
4 0.6296875 0.7453125 0.03125 0.03125
4 0.7734375 0.6609375 0.05 0.053125
4 0.7890625 0.71875 0.0234375 0.0234375
4 0.6671875 0.8515625 0.0484375 0.028125
4 0.84140625 0.62265625 0.0203125 0.0234375
4 0.7765625 0.5296875 0.021875 0.021875
4 0.759375 0.31953125 0.028125 0.034375
4 0.81796875 0.140625 0.025 0.025
4 0.7890625 0.384375 0.025 0.021875