3 0.6171875 0.134375 0.0390625 0.02265625
3 0.67109375 0.11640625 0.0234375 0.015625
3 0.56796875 0.0796875 0.01328125 0.0078125
3 0.59921875 0.553125 0.01328125 0.0078125
3 0.42421875 0.75 0.0078125 0.0046875
3 0.79140625 0.83671875 0.0125 0.0140625
3 0.8015625 0.49765625 0.009375 0.0078125
3 0.93203125 0.54140625 0.0078125 0.0140625
3 0.9078125 0.5890625 0.0078125 0.00859375
3 0.5640625 0.55859375 0.00703125 0.00859375
4 0.75703125 0.103125 0.009375 0.00625
3 0.8328125 0.16328125 0.00703125 0.00703125
3 0.81953125 0.18515625 0.00390625 0.00390625
3 0.88359375 0.30703125 0.00390625 0.00625
3 0.3484375 0.08828125 0.009375 0.0046875
3 0.42109375 0.09921875 0.00859375 0.00625
3 0.67421875 0.17421875 0.01953125 0.01484375
4 0.7796875 0.57109375 0.00703125 0.00625
3 0.89453125 0.30625 0.00859375 0.01015625
3 0.56796875 0.93515625 0.00703125 0.0046875
3 0.1640625 0.19375 0.00625 0.00703125
3 0.8078125 0.184375 0.01328125 0.009375
4 0.27890625 0.50625 0.00703125 0.0046875
3 0.03125 0.37890625 0.01015625 0.01953125