3 0.3234375 0.0796875 0.01015625 0.00703125
3 0.4 0.06953125 0.0078125 0.0046875
3 0.428125 0.0484375 0.015625 0.00859375
3 0.78671875 0.553125 0.02734375 0.0203125
3 0.8640625 0.5890625 0.0171875 0.01328125
3 0.8625 0.72734375 0.0171875 0.0140625
3 0.859375 0.61328125 0.02265625 0.0171875
3 0.1671875 0.30625 0.01328125 0.00859375
4 0.18515625 0.84140625 0.01640625 0.01484375
3 0.42421875 0.3671875 0.00859375 0.00703125
3 0.95703125 0.54921875 0.01328125 0.015625
3 0.38984375 0.3328125 0.009375 0.0078125