4 0.3828125 0.73203125 0.0328125 0.021875
4 0.5203125 0.34375 0.01484375 0.0140625
3 0.5015625 0.2765625 0.00546875 0.00390625
3 0.50703125 0.278125 0.0046875 0.003125
3 0.46328125 0.2859375 0.00390625 0.003125
3 0.72109375 0.05234375 0.00703125 0.0046875
3 0.11875 0.19453125 0.0078125 0.0078125
3 0.47109375 0.24375 0.0109375 0.00703125
3 0.496875 0.26953125 0.00546875 0.00625
3 0.5265625 0.30859375 0.02265625 0.01171875
4 0.4234375 0.546875 0.0171875 0.015625
3 0.0609375 0.29296875 0.00703125 0.0125
3 0.11328125 0.51796875 0.0109375 0.0109375
3 0.515625 0.8765625 0.0359375 0.01640625
3 0.6046875 0.63828125 0.0140625 0.01484375
4 0.20625 0.628125 0.009375 0.0078125
3 0.1296875 0.60546875 0.0125 0.0109375
3 0.653125 0.72421875 0.021875 0.01953125
4 0.78125 0.79140625 0.01171875 0.009375
3 0.7390625 0.84921875 0.01328125 0.01015625
3 0.57578125 0.90078125 0.0109375 0.0078125
3 0.79296875 0.75234375 0.009375 0.0078125
4 0.5859375 0.4078125 0.0109375 0.00703125
3 0.7671875 0.1890625 0.0140625 0.009375
3 0.8203125 0.57734375 0.00859375 0.00546875
3 0.77734375 0.5765625 0.0140625 0.0078125
3 0.77109375 0.553125 0.00390625 0.003125
3 0.71875 0.5296875 0.00625 0.0046875
4 0.80078125 0.6234375 0.0078125 0.00703125
3 0.8484375 0.58828125 0.01171875 0.0078125
3 0.265625 0.75859375 0.0078125 0.00625
3 0.74609375 0.16484375 0.01171875 0.01015625
3 0.51171875 0.890625 0.0203125 0.0140625
3 0.80703125 0.7171875 0.0109375 0.00703125
3 0.7015625 0.6265625 0.0109375 0.00859375
3 0.70078125 0.93671875 0.0125 0.01171875
3 0.81953125 0.18125 0.0109375 0.0125
3 0.1 0.09765625 0.0140625 0.01015625
3 0.33671875 0.15546875 0.01484375 0.01015625
3 0.87421875 0.78046875 0.00859375 0.0078125
3 0.24921875 0.84921875 0.01796875 0.01328125