2 0.87421875 0.784375 0.0375 0.06328125
2 0.81953125 0.859375 0.05390625 0.0421875
3 0.225 0.70703125 0.03515625 0.02265625
3 0.7625 0.76484375 0.01484375 0.0109375
3 0.85703125 0.67578125 0.01640625 0.01328125
4 0.6203125 0.8546875 0.01796875 0.01171875
4 0.63984375 0.8859375 0.01484375 0.00859375
4 0.54765625 0.903125 0.0109375 0.00703125
4 0.6671875 0.89453125 0.01015625 0.0078125
4 0.69765625 0.86875 0.01328125 0.00859375
4 0.53828125 0.92890625 0.009375 0.00625
4 0.53984375 0.9328125 0.009375 0.0046875
4 0.36484375 0.903125 0.0125 0.00703125
4 0.23828125 0.9078125 0.01328125 0.009375
4 0.2515625 0.8109375 0.0296875 0.025
3 0.63515625 0.80625 0.01328125 0.0109375
4 0.425 0.0953125 0.01015625 0.00625
3 0.85703125 0.7390625 0.00703125 0.00625
3 0.715625 0.81171875 0.0109375 0.00859375
3 0.753125 0.81953125 0.0171875 0.01015625
3 0.65703125 0.79765625 0.0125 0.00859375
3 0.31171875 0.91953125 0.01484375 0.01015625
2 0.27890625 0.9203125 0.03515625 0.028125
4 0.225 0.790625 0.00546875 0.0046875
3 0.634375 0.70859375 0.00703125 0.0046875
3 0.6203125 0.734375 0.0078125 0.00703125
3 0.7875 0.85859375 0.01640625 0.02265625
3 0.80625 0.84140625 0.01171875 0.01015625