4 0.56484375 0.3265625 0.00703125 0.00859375
4 0.41015625 0.3875 0.01015625 0.00703125
4 0.55546875 0.25546875 0.01875 0.01171875
3 0.37578125 0.05859375 0.009375 0.0078125
3 0.4484375 0.06484375 0.015625 0.009375
3 0.396875 0.12421875 0.01796875 0.015625
3 0.3875 0.20078125 0.02109375 0.0203125
3 0.32734375 0.134375 0.02734375 0.01796875
3 0.7609375 0.10859375 0.02734375 0.01875
3 0.6234375 0.24140625 0.0078125 0.0078125
3 0.6453125 0.26015625 0.0078125 0.00703125
3 0.6390625 0.27421875 0.00703125 0.009375
3 0.63984375 0.30859375 0.01015625 0.00859375
3 0.521875 0.33203125 0.00859375 0.00625
3 0.5484375 0.31875 0.009375 0.00703125
3 0.5375 0.30703125 0.0109375 0.00703125
3 0.5453125 0.32734375 0.00625 0.0046875
3 0.5640625 0.37734375 0.0171875 0.0125
3 0.546875 0.35078125 0.01015625 0.00703125
3 0.446875 0.365625 0.0078125 0.00703125
3 0.42265625 0.259375 0.01328125 0.0109375
3 0.55 0.17578125 0.00703125 0.0046875
3 0.39765625 0.14765625 0.00703125 0.0078125
3 0.4046875 0.0921875 0.00546875 0.0046875
3 0.5390625 0.05390625 0.0046875 0.003125
3 0.61171875 0.0515625 0.00546875 0.00390625
3 0.628125 0.06328125 0.009375 0.00546875
3 0.62578125 0.115625 0.01015625 0.00546875
3 0.44296875 0.225 0.00546875 0.0046875
3 0.3203125 0.1828125 0.0078125 0.00703125
3 0.72421875 0.36640625 0.0078125 0.00625
3 0.75078125 0.64609375 0.0203125 0.0125
3 0.53984375 0.9046875 0.01015625 0.00859375
3 0.31171875 0.81953125 0.009375 0.00703125
3 0.29453125 0.825 0.00859375 0.00625
3 0.2578125 0.91796875 0.00390625 0.003125
3 0.28203125 0.8484375 0.0046875 0.00546875
3 0.1703125 0.7703125 0.009375 0.01484375
3 0.209375 0.78515625 0.00546875 0.00390625
3 0.16015625 0.78984375 0.00390625 0.00703125
3 0.1890625 0.79921875 0.0046875 0.00546875
3 0.1359375 0.73359375 0.0078125 0.01328125
3 0.15859375 0.553125 0.01015625 0.0078125
3 0.103125 0.56796875 0.00625 0.00625
3 0.25625 0.56171875 0.0078125 0.0109375
3 0.41171875 0.5125 0.00703125 0.00625
4 0.33046875 0.909375 0.003125 0.00234375
3 0.65234375 0.84375 0.01015625 0.00859375
3 0.696875 0.8796875 0.00234375 0.00234375
3 0.74921875 0.7375 0.0046875 0.00546875
3 0.8046875 0.6921875 0.00390625 0.00390625
4 0.32734375 0.77421875 0.00546875 0.00546875
3 0.63359375 0.61171875 0.0140625 0.0109375
3 0.65234375 0.56875 0.01328125 0.01015625
3 0.8203125 0.63046875 0.01015625 0.01015625
3 0.6984375 0.246875 0.01484375 0.01171875
3 0.05078125 0.63203125 0.0078125 0.01484375
3 0.63515625 0.33671875 0.01328125 0.0125
3 0.38515625 0.32265625 0.0125 0.00859375
3 0.88046875 0.6765625 0.009375 0.00859375
3 0.8640625 0.584375 0.01171875 0.00859375
3 0.628125 0.165625 0.0171875 0.0109375
4 0.6671875 0.21953125 0.01328125 0.0109375
3 0.475 0.32578125 0.01015625 0.009375
3 0.36171875 0.87265625 0.0125 0.01015625
3 0.31328125 0.87578125 0.015625 0.00859375
3 0.246875 0.89609375 0.00625 0.0046875