4 0.71015625 0.6125 0.03125 0.0328125
4 0.50390625 0.55625 0.071875 0.059375
4 0.5078125 0.6140625 0.028125 0.025
4 0.42265625 0.6 0.0328125 0.071875
4 0.53203125 0.79609375 0.0203125 0.028125
4 0.6640625 0.65078125 0.075 0.053125
4 0.64375 0.4734375 0.028125 0.0375
4 0.85625 0.4921875 0.021875 0.021875
4 0.52421875 0.3 0.03125 0.03125
4 0.37109375 0.2921875 0.065625 0.0375
4 0.4421875 0.39296875 0.03125 0.0296875
4 0.3703125 0.57890625 0.028125 0.025
4 0.334375 0.48359375 0.028125 0.025
4 0.28125 0.60078125 0.03125 0.028125
4 0.3046875 0.64765625 0.028125 0.025
4 0.4140625 0.72890625 0.034375 0.065625
4 0.48984375 0.4703125 0.0296875 0.028125
4 0.434375 0.32578125 0.03125 0.0375
4 0.3703125 0.75703125 0.028125 0.0203125
4 0.1546875 0.62265625 0.040625 0.0484375
4 0.22890625 0.646875 0.025 0.040625
4 0.20703125 0.54453125 0.03125 0.0375
4 0.13203125 0.58515625 0.0390625 0.046875