4 0.3875 0.28984375 0.0328125 0.03125
4 0.44375 0.49609375 0.0609375 0.0734375
4 0.3859375 0.4921875 0.0265625 0.0296875
4 0.4 0.57734375 0.071875 0.0328125
4 0.20390625 0.46796875 0.028125 0.0203125
4 0.34921875 0.3359375 0.053125 0.075
4 0.5265625 0.35625 0.0375 0.028125
4 0.5078125 0.14375 0.021875 0.021875
4 0.7 0.47578125 0.03125 0.03125
4 0.7078125 0.62890625 0.0359375 0.065625
4 0.60703125 0.5578125 0.0296875 0.03125
4 0.42109375 0.6296875 0.025 0.028125
4 0.51640625 0.665625 0.025 0.028125
4 0.39921875 0.71875 0.028125 0.03125
4 0.35234375 0.6953125 0.0265625 0.028125
4 0.27109375 0.5859375 0.0671875 0.0359375
4 0.5296875 0.51015625 0.028125 0.0296875
4 0.67421875 0.565625 0.0359375 0.03125
4 0.24296875 0.6296875 0.0203125 0.028125
4 0.37734375 0.8453125 0.0484375 0.040625
4 0.353125 0.77109375 0.0390625 0.025
4 0.45546875 0.79296875 0.0375 0.0328125
4 0.41484375 0.86796875 0.046875 0.0390625