2 0.11953125 0.490625 0.04375 0.040625
3 0.1265625 0.69375 0.0140625 0.01171875
3 0.10234375 0.69765625 0.0140625 0.0109375
3 0.1578125 0.75234375 0.01640625 0.01796875
3 0.34140625 0.03125 0.0171875 0.01328125
3 0.21328125 0.0765625 0.0125 0.01171875
2 0.0328125 0.4546875 0.025 0.0375
3 0.15390625 0.73671875 0.0125 0.01015625
2 0.90390625 0.51875 0.025 0.0234375
3 0.45625 0.09375 0.0078125 0.00703125
2 0.76171875 0.71953125 0.03125 0.0453125
4 0.03984375 0.5125 0.00703125 0.00546875
3 0.18046875 0.4421875 0.009375 0.00546875
3 0.57109375 0.228125 0.00546875 0.003125
3 0.38359375 0.34609375 0.015625 0.01953125
3 0.46171875 0.40078125 0.00546875 0.0046875
3 0.20625 0.5140625 0.009375 0.0078125
3 0.66328125 0.725 0.02109375 0.0234375