1 0.40703125 0.33203125 0.09375 0.05859375
3 0.465625 0.4578125 0.14375 0.1234375
3 0.265625 0.49453125 0.0390625 0.034375
3 0.28203125 0.53203125 0.03671875 0.0171875
3 0.36328125 0.55078125 0.05625 0.040625
3 0.434375 0.5828125 0.05078125 0.02890625
3 0.3984375 0.60546875 0.06640625 0.0421875
3 0.528125 0.6 0.05 0.0296875
3 0.45703125 0.62109375 0.0328125 0.02421875
3 0.49296875 0.6453125 0.0265625 0.02265625
3 0.60859375 0.57109375 0.025 0.021875
3 0.69296875 0.5890625 0.021875 0.0328125
3 0.7578125 0.6265625 0.02421875 0.01640625
3 0.628125 0.628125 0.03203125 0.025
3 0.6484375 0.69609375 0.03828125 0.025
3 0.60703125 0.68046875 0.0328125 0.03203125
3 0.403125 0.71328125 0.0296875 0.01171875
3 0.328125 0.7640625 0.075 0.02421875
3 0.11328125 0.7390625 0.03359375 0.021875
1 0.4921875 0.72265625 0.05546875 0.05546875
3 0.28046875 0.59375 0.04609375 0.02109375
3 0.57265625 0.69921875 0.02734375 0.028125
3 0.6046875 0.72734375 0.03671875 0.0234375
3 0.53203125 0.75 0.0578125 0.02734375
3 0.44296875 0.7625 0.06796875 0.0328125
3 0.44921875 0.6625 0.06015625 0.05078125
3 0.36796875 0.475 0.10234375 0.0359375
0 0.13984375 0.525 0.046875 0.10625