4 0.49453125 0.59921875 0.028125 0.028125
4 0.303125 0.69375 0.021875 0.021875
4 0.42890625 0.47578125 0.034375 0.040625
4 0.44609375 0.43125 0.028125 0.03125
4 0.53359375 0.44453125 0.025 0.028125
4 0.63671875 0.55625 0.028125 0.028125
4 0.61015625 0.36015625 0.025 0.025
4 0.56171875 0.33359375 0.0234375 0.021875
4 0.496875 0.39140625 0.01875 0.015625
4 0.50703125 0.3328125 0.01875 0.025
4 0.61953125 0.45 0.021875 0.021875
4 0.646875 0.47734375 0.01875 0.0234375
4 0.678125 0.428125 0.0375 0.053125
4 0.434375 0.58046875 0.059375 0.053125
4 0.59140625 0.48125 0.0375 0.0390625
4 0.76953125 0.3390625 0.028125 0.03125
4 0.71796875 0.4640625 0.025 0.028125
4 0.54765625 0.525 0.075 0.04375
4 0.81328125 0.6765625 0.034375 0.03125