4 0.49453125 0.40078125 0.028125 0.0296875
4 0.303125 0.30625 0.021875 0.021875
4 0.42890625 0.52421875 0.0359375 0.040625
4 0.44609375 0.56875 0.028125 0.03125
4 0.53359375 0.55546875 0.0265625 0.028125
4 0.63671875 0.44375 0.0296875 0.028125
4 0.61015625 0.63984375 0.0265625 0.025
4 0.56171875 0.66640625 0.0234375 0.0203125
4 0.496875 0.60859375 0.01875 0.015625
4 0.50703125 0.6671875 0.01875 0.025
4 0.61953125 0.55 0.0203125 0.0234375
4 0.646875 0.52265625 0.0203125 0.0234375
4 0.678125 0.571875 0.0359375 0.0515625
4 0.434375 0.41953125 0.059375 0.053125
4 0.59140625 0.51875 0.0375 0.0390625
4 0.76953125 0.6609375 0.0296875 0.03125
4 0.71796875 0.5359375 0.0234375 0.028125
4 0.54765625 0.475 0.075 0.0453125
4 0.81328125 0.3234375 0.034375 0.03125