4 0.60625 0.64921875 0.0359375 0.034375
4 0.60234375 0.621875 0.028125 0.025
4 0.5421875 0.5671875 0.046875 0.0296875
4 0.69375 0.50859375 0.021875 0.0234375
4 0.6875 0.565625 0.021875 0.021875
4 0.3203125 0.60546875 0.03125 0.03125
4 0.46484375 0.6609375 0.0265625 0.0234375
4 0.24453125 0.69453125 0.0296875 0.040625
4 0.1640625 0.771875 0.03125 0.028125
4 0.1953125 0.753125 0.0265625 0.025
4 0.11640625 0.63359375 0.028125 0.0265625
4 0.2546875 0.6421875 0.0203125 0.021875
4 0.29375 0.609375 0.0421875 0.0625