3 0.42734375 0.6171875 0.05 0.0421875
3 0.7296875 0.5875 0.040625 0.0375
3 0.60859375 0.69140625 0.0375 0.04375
3 0.5328125 0.67265625 0.025 0.0296875
3 0.39921875 0.56328125 0.084375 0.06875
3 0.46171875 0.55234375 0.040625 0.046875
3 0.4640625 0.4875 0.03125 0.0296875
3 0.29921875 0.48046875 0.0328125 0.0390625
3 0.1703125 0.65859375 0.0390625 0.034375
3 0.16953125 0.80234375 0.05 0.04375
3 0.26875 0.78828125 0.05 0.040625
3 0.1234375 0.7609375 0.025 0.0234375
3 0.0953125 0.67890625 0.0296875 0.028125
3 0.571875 0.571875 0.03125 0.0515625