4 0.39375 0.35078125 0.0359375 0.034375
4 0.39765625 0.378125 0.028125 0.025
4 0.4578125 0.4328125 0.046875 0.0296875
4 0.30625 0.49140625 0.021875 0.0234375
4 0.3125 0.434375 0.021875 0.021875
4 0.6796875 0.39453125 0.03125 0.03125
4 0.53515625 0.3390625 0.0265625 0.0234375
4 0.75546875 0.30546875 0.0296875 0.040625
4 0.8359375 0.228125 0.03125 0.028125
4 0.8046875 0.246875 0.0265625 0.025
4 0.88359375 0.36640625 0.028125 0.0265625
4 0.7453125 0.3578125 0.0203125 0.021875
4 0.70625 0.390625 0.0421875 0.0625