5 0.334375 0.58125 0.05 0.0671875
5 0.66015625 0.5890625 0.04609375 0.06171875
5 0.4875 0.60078125 0.05 0.06171875
5 0.575 0.61484375 0.0390625 0.05625
5 0.30078125 0.634375 0.0390625 0.05
5 0.23828125 0.815625 0.04296875 0.0671875
5 0.64765625 0.0890625 0.05 0.05625
5 0.23828125 0.91875 0.04296875 0.06171875
5 0.615625 0.15625 0.05703125 0.078125
5 0.66171875 0.19296875 0.0640625 0.07265625
5 0.5625 0.2875 0.05 0.07265625
5 0.5 0.32421875 0.0390625 0.05625
5 0.56015625 0.32890625 0.03203125 0.05
5 0.60859375 0.33515625 0.0359375 0.05625
5 0.72265625 0.35234375 0.05 0.05625
5 0.37578125 0.36015625 0.0390625 0.06171875
5 0.65859375 0.36328125 0.05 0.0671875
5 0.32734375 0.42734375 0.05 0.07265625
5 0.5890625 0.45234375 0.04609375 0.05625
5 0.40546875 0.4640625 0.05 0.0671875
5 0.39140625 0.53359375 0.04296875 0.06171875