4 0.8234375 0.26484375 0.0375 0.0359375
4 0.80703125 0.5125 0.059375 0.04375
4 0.74609375 0.47578125 0.0375 0.0390625
4 0.725 0.65078125 0.046875 0.0375
4 0.51484375 0.54921875 0.034375 0.0359375
4 0.61328125 0.43984375 0.059375 0.078125
4 0.4625 0.40625 0.08125 0.046875
4 0.4578125 0.4875 0.034375 0.1
4 0.36953125 0.51953125 0.0359375 0.03125
4 0.4171875 0.45390625 0.05 0.034375
4 0.340625 0.46953125 0.034375 0.03125
4 0.50390625 0.3265625 0.034375 0.03125
4 0.6453125 0.3625 0.0375 0.0296875
4 0.6171875 0.2046875 0.03125 0.0375
4 0.75078125 0.215625 0.059375 0.04375
4 0.3703125 0.625 0.0625 0.053125
4 0.259375 0.64921875 0.0390625 0.096875
4 0.67109375 0.51953125 0.025 0.028125
4 0.540625 0.940625 0.046875 0.0421875