4 0.1765625 0.73515625 0.0375 0.0359375
4 0.19296875 0.4875 0.059375 0.04375
4 0.25390625 0.52421875 0.0375 0.0390625
4 0.275 0.34921875 0.046875 0.0375
4 0.48515625 0.45078125 0.034375 0.0359375
4 0.38671875 0.56015625 0.059375 0.078125
4 0.5375 0.59375 0.08125 0.046875
4 0.5421875 0.5125 0.034375 0.1
4 0.63046875 0.48046875 0.0359375 0.03125
4 0.5828125 0.54609375 0.05 0.034375
4 0.659375 0.53046875 0.034375 0.03125
4 0.49609375 0.6734375 0.034375 0.03125
4 0.3546875 0.6375 0.0375 0.0296875
4 0.3828125 0.7953125 0.03125 0.0375
4 0.24921875 0.784375 0.059375 0.0421875
4 0.6296875 0.375 0.0625 0.053125
4 0.740625 0.35078125 0.0390625 0.096875
4 0.32890625 0.48046875 0.025 0.028125
4 0.459375 0.059375 0.046875 0.0421875