4 0.26484375 0.1765625 0.0359375 0.0375
4 0.5125 0.19296875 0.04375 0.059375
4 0.47578125 0.25390625 0.0390625 0.0375
4 0.65078125 0.275 0.0359375 0.046875
4 0.54921875 0.48515625 0.0359375 0.0359375
4 0.43984375 0.38671875 0.078125 0.0609375
4 0.40625 0.5375 0.0484375 0.08125
4 0.4875 0.5421875 0.1 0.034375
4 0.51953125 0.63046875 0.0328125 0.0359375
4 0.45390625 0.5828125 0.0359375 0.0515625
4 0.46953125 0.659375 0.0328125 0.034375
4 0.3265625 0.49609375 0.03125 0.034375
4 0.3625 0.3546875 0.0296875 0.0375
4 0.2046875 0.3828125 0.0375 0.0328125
4 0.215625 0.24921875 0.04375 0.0609375
4 0.625 0.6296875 0.053125 0.0625
4 0.64921875 0.740625 0.0984375 0.0390625
4 0.51953125 0.32890625 0.0296875 0.025
4 0.940625 0.459375 0.0421875 0.0484375