4 0.546875 0.28515625 0.034375 0.040625
4 0.35703125 0.4703125 0.040625 0.0609375
4 0.4984375 0.5796875 0.0328125 0.034375
4 0.94140625 0.47421875 0.0421875 0.0546875
4 0.3484375 0.178125 0.03125 0.0359375
4 0.5171875 0.8265625 0.065625 0.05
4 0.57109375 0.8359375 0.0296875 0.0328125
4 0.44609375 0.69609375 0.0328125 0.034375
4 0.36328125 0.57890625 0.025 0.0328125
4 0.41171875 0.61484375 0.0390625 0.0671875
4 0.6890625 0.48984375 0.0265625 0.03125
4 0.67890625 0.55625 0.0328125 0.0359375
4 0.72265625 0.534375 0.06875 0.0546875
4 0.840625 0.4578125 0.046875 0.046875
4 0.7796875 0.40078125 0.0453125 0.0453125
4 0.353125 0.30703125 0.028125 0.03125
4 0.65859375 0.43203125 0.0625 0.071875