4 0.28515625 0.453125 0.040625 0.034375
4 0.4703125 0.64296875 0.059375 0.040625
4 0.5796875 0.5015625 0.034375 0.03125
4 0.47421875 0.05859375 0.053125 0.040625
4 0.178125 0.6515625 0.0359375 0.03125
4 0.8265625 0.4828125 0.05 0.065625
4 0.8359375 0.42890625 0.0328125 0.0296875
4 0.69609375 0.55390625 0.034375 0.0328125
4 0.57890625 0.63671875 0.0328125 0.025
4 0.61484375 0.58828125 0.06875 0.040625
4 0.48984375 0.3109375 0.03125 0.0265625
4 0.55625 0.32109375 0.0359375 0.0328125
4 0.534375 0.27734375 0.053125 0.06875
4 0.4578125 0.159375 0.046875 0.046875
4 0.40078125 0.2203125 0.04375 0.0453125
4 0.30703125 0.646875 0.03125 0.028125
4 0.43203125 0.34140625 0.071875 0.0625