5 0.63515625 0.2703125 0.02578125 0.01640625
5 0.58828125 0.2296875 0.0171875 0.015625
5 0.64453125 0.2015625 0.03671875 0.01328125
5 0.53203125 0.21796875 0.02109375 0.01328125
5 0.5609375 0.2125 0.01875 0.0109375
5 0.5265625 0.2671875 0.02421875 0.0140625
5 0.5359375 0.30234375 0.0171875 0.0171875
5 0.5453125 0.34375 0.0203125 0.0109375
5 0.63359375 0.23828125 0.01875 0.0109375
5 0.6015625 0.28046875 0.015625 0.0109375
4 0.67109375 0.3640625 0.0265625 0.01484375
4 0.646875 0.37890625 0.01796875 0.01875
4 0.703125 0.3921875 0.025 0.0203125
4 0.79375 0.30546875 0.0203125 0.0125
4 0.81015625 0.32578125 0.0203125 0.0125
4 0.88515625 0.290625 0.021875 0.01171875
4 0.89140625 0.325 0.028125 0.01796875
4 0.93671875 0.31796875 0.02109375 0.01640625
4 0.8984375 0.353125 0.01640625 0.01484375
4 0.91875 0.3546875 0.0171875 0.0140625
4 0.89140625 0.37734375 0.0171875 0.01328125
4 0.87890625 0.38984375 0.0203125 0.0140625
4 0.84765625 0.39296875 0.025 0.01171875
4 0.76171875 0.403125 0.04375 0.025
4 0.80625 0.43515625 0.02421875 0.0265625
4 0.85 0.43046875 0.01953125 0.01953125
4 0.73203125 0.47109375 0.0234375 0.01484375
4 0.72578125 0.52734375 0.02578125 0.0140625
4 0.875 0.5359375 0.01875 0.01484375
4 0.80625 0.57421875 0.07109375 0.04296875
4 0.68828125 0.56640625 0.0234375 0.025
4 0.746875 0.57421875 0.028125 0.03515625
4 0.4484375 0.55234375 0.02421875 0.0109375
5 0.453125 0.39296875 0.03828125 0.04140625
5 0.60625 0.4203125 0.021875 0.0140625
5 0.5328125 0.42109375 0.021875 0.0140625
4 0.83046875 0.65 0.05 0.0234375
4 0.71484375 0.6953125 0.03203125 0.01640625
4 0.8734375 0.796875 0.02734375 0.01875
4 0.91171875 0.82890625 0.0203125 0.015625
4 0.97109375 0.71640625 0.0203125 0.01640625
4 0.50390625 0.86171875 0.015625 0.0140625
4 0.5375 0.8046875 0.03203125 0.0140625
4 0.38046875 0.81171875 0.06640625 0.01640625
4 0.421875 0.784375 0.02890625 0.01953125
4 0.4390625 0.7265625 0.040625 0.01484375
4 0.43203125 0.69140625 0.02265625 0.01171875
4 0.3296875 0.73984375 0.0265625 0.015625
4 0.25859375 0.784375 0.025 0.01171875
4 0.0671875 0.74921875 0.03046875 0.01875
4 0.1375 0.7640625 0.03046875 0.01875
4 0.034375 0.68984375 0.0484375 0.02578125
3 0.14140625 0.7125 0.04453125 0.03828125
3 0.20234375 0.6765625 0.0375 0.021875
3 0.83125 0.76796875 0.02578125 0.0265625
3 0.52109375 0.73046875 0.0671875 0.0359375
4 0.7890625 0.45859375 0.0421875 0.01484375
4 0.76875 0.4734375 0.02890625 0.01171875
4 0.71328125 0.4921875 0.02421875 0.0125
3 0.896875 0.459375 0.03828125 0.046875
3 0.83984375 0.4734375 0.03515625 0.0234375
3 0.92890625 0.565625 0.0421875 0.02890625
3 0.88203125 0.5859375 0.03828125 0.0109375
3 0.60078125 0.33203125 0.08203125 0.03671875
5 0.60546875 0.15546875 0.0328125 0.0140625
5 0.56484375 0.1890625 0.02421875 0.01484375