2 0.3 0.75234375 0.078125 0.084375
3 0.34296875 0.41875 0.03515625 0.05546875
3 0.496875 0.315625 0.01953125 0.03515625
3 0.23125 0.51640625 0.02421875 0.0375
3 0.31640625 0.6203125 0.01953125 0.0265625
3 0.225 0.13515625 0.02265625 0.0265625
3 0.40234375 0.309375 0.02421875 0.03515625
3 0.13359375 0.74765625 0.021875 0.0203125
3 0.296875 0.8875 0.025 0.01875
3 0.44140625 0.80859375 0.040625 0.0203125
3 0.39140625 0.16875 0.02109375 0.0203125
3 0.43671875 0.55078125 0.01875 0.034375
3 0.546875 0.315625 0.0203125 0.01875
3 0.68828125 0.115625 0.0203125 0.0296875
3 0.6234375 0.140625 0.021875 0.025
3 0.76640625 0.075 0.0140625 0.01796875
3 0.7875 0.065625 0.01484375 0.01484375
3 0.63046875 0.4265625 0.01640625 0.025
3 0.68203125 0.3984375 0.01484375 0.03046875
3 0.13359375 0.4359375 0.01640625 0.0203125