4 0.14453125 0.5359375 0.02265625 0.03828125
4 0.06796875 0.65625 0.01953125 0.04609375
4 0.02265625 0.81328125 0.021875 0.05703125
4 0.22421875 0.653125 0.01484375 0.03359375
4 0.315625 0.67265625 0.0203125 0.03671875
4 0.38984375 0.7421875 0.03359375 0.0484375
4 0.3375 0.790625 0.02421875 0.02734375
4 0.4375 0.6953125 0.01875 0.03359375
4 0.47734375 0.671875 0.0203125 0.02578125
4 0.55390625 0.69453125 0.01640625 0.02578125
4 0.49296875 0.72890625 0.015625 0.015625
4 0.5203125 0.74921875 0.02109375 0.0328125
4 0.6078125 0.73203125 0.02109375 0.0375
4 0.68828125 0.71484375 0.01953125 0.03359375
4 0.7125 0.71484375 0.01796875 0.02421875
4 0.734375 0.68203125 0.01484375 0.03125
4 0.634375 0.83515625 0.025 0.02265625
4 0.63359375 0.88125 0.0140625 0.0234375
4 0.6109375 0.86015625 0.0171875 0.0296875
4 0.6 0.8890625 0.025 0.021875
4 0.6203125 0.93125 0.0171875 0.01796875
4 0.51640625 0.98203125 0.03046875 0.0359375
4 0.6390625 0.99296875 0.021875 0.0140625
4 0.1375 0.40546875 0.01640625 0.0375
4 0.17578125 0.4078125 0.02265625 0.0484375
4 0.78359375 0.16171875 0.0234375 0.0375
4 0.63359375 0.303125 0.0265625 0.03359375
4 0.42578125 0.33359375 0.02734375 0.0484375
4 0.41484375 0.3984375 0.0203125 0.0328125
4 0.6375 0.47890625 0.028125 0.04296875
4 0.57734375 0.47109375 0.01484375 0.03671875
4 0.78671875 0.58359375 0.01796875 0.028125
0 0.44375 0.184375 0.0109375 0.028125
0 0.3640625 0.12734375 0.01015625 0.02421875
0 0.40859375 0.1453125 0.01953125 0.0234375
0 0.4078125 0.1859375 0.01484375 0.025
4 0.45234375 0.39921875 0.02421875 0.03984375
0 0.5671875 0.546875 0.01875 0.028125
0 0.6421875 0.37265625 0.0125 0.02421875
0 0.67265625 0.3609375 0.01484375 0.02421875
0 0.7328125 0.4078125 0.0109375 0.02109375
0 0.59453125 0.646875 0.0125 0.02421875
0 0.35625 0.2421875 0.01484375 0.02890625
0 0.54140625 0.13203125 0.01953125 0.02109375
0 0.51796875 0.1609375 0.0140625 0.02734375
0 0.3046875 0.053125 0.0140625 0.02578125
0 0.8078125 0.615625 0.0140625 0.03203125
0 0.66171875 0.26328125 0.04375 0.03125
0 0.48046875 0.37109375 0.015625 0.02734375
3 0.25703125 0.2578125 0.11875 0.090625
3 0.46796875 0.52109375 0.1125 0.109375
3 0.2140625 0.49609375 0.0453125 0.08984375
3 0.28046875 0.603125 0.04296875 0.0671875
3 0.32890625 0.5328125 0.05390625 0.09296875
3 0.3671875 0.61875 0.06796875 0.065625
3 0.2078125 0.715625 0.0453125 0.07109375
3 0.784375 0.31640625 0.0734375 0.1
3 0.59375 0.15390625 0.0609375 0.0640625
3 0.334375 0.146875 0.040625 0.06328125