1 0.49765625 0.28828125 0.0265625 0.05
1 0.1421875 0.5546875 0.00703125 0.02578125
1 0.15234375 0.52578125 0.01328125 0.02734375
1 0.16171875 0.4890625 0.021875 0.03515625
1 0.10234375 0.48515625 0.01484375 0.05078125
1 0.14453125 0.45546875 0.0109375 0.02734375
1 0.83828125 0.57734375 0.01875 0.04453125
1 0.80390625 0.44921875 0.0171875 0.02578125
1 0.3390625 0.221875 0.01328125 0.03359375
1 0.68125 0.1875 0.01171875 0.0296875
1 0.434375 0.23828125 0.02109375 0.02578125
1 0.28984375 0.27578125 0.01953125 0.02734375
1 0.41640625 0.65859375 0.01015625 0.03515625
1 0.43828125 0.59140625 0.0125 0.028125
1 0.259375 0.55234375 0.01875 0.05078125
1 0.19921875 0.4015625 0.02421875 0.03671875
1 0.540625 0.20625 0.01328125 0.02578125