4 0.24765625 0.51796875 0.08515625 0.08984375
4 0.71015625 0.9140625 0.1109375 0.1203125
4 0.51484375 0.29921875 0.0578125 0.08046875
3 0.3671875 0.2328125 0.11015625 0.1171875
3 0.21328125 0.80859375 0.0890625 0.08203125
3 0.5953125 0.28828125 0.07734375 0.1484375
3 0.81875 0.6546875 0.08671875 0.096875
3 0.59609375 0.60078125 0.08203125 0.12109375
3 0.96875 0.71171875 0.0609375 0.1203125
5 0.9265625 0.50859375 0.0375 0.06953125
0 0.63125 0.7875 0.0203125 0.028125
0 0.33828125 0.6078125 0.021875 0.025