4 0.340625 0.40859375 0.0515625 0.0515625
4 0.5109375 0.36328125 0.0265625 0.05859375
4 0.39609375 0.44921875 0.03671875 0.04921875
4 0.59609375 0.80390625 0.04296875 0.06171875
4 0.50625 0.8296875 0.03203125 0.0484375
3 0.43125 0.690625 0.03671875 0.05546875
3 0.4671875 0.61171875 0.0375 0.04765625
3 0.57734375 0.65859375 0.02734375 0.04765625
3 0.51328125 0.62890625 0.01953125 0.02734375
3 0.56953125 0.51796875 0.053125 0.0734375
3 0.72890625 0.49765625 0.040625 0.08046875
3 0.9359375 0.72109375 0.03828125 0.0421875
3 0.49921875 0.68828125 0.03046875 0.0546875
3 0.4421875 0.2625 0.05546875 0.075
3 0.62421875 0.3171875 0.05390625 0.08203125
0 0.66875 0.16484375 0.0234375 0.03359375
0 0.69296875 0.19296875 0.02734375 0.03671875
0 0.51640625 0.16171875 0.02421875 0.03046875
3 0.4796875 0.509375 0.06484375 0.0921875
3 0.41484375 0.8671875 0.1078125 0.13203125