1 0.0328125 0.2421875 0.065625 0.25625
5 0.88203125 0.4140625 0.0484375 0.0546875
5 0.8390625 0.1046875 0.0484375 0.0453125
5 0.91328125 0.1921875 0.0765625 0.1
5 0.64140625 0.2640625 0.0640625 0.08203125
5 0.9546875 0.10078125 0.08984375 0.1
5 0.6625 0.09765625 0.0859375 0.109375
5 0.653125 0.3640625 0.084375 0.0953125
0 0.1984375 0.775 0.0328125 0.0578125
3 0.0109375 0.63359375 0.021875 0.1078125
3 0.02421875 0.71953125 0.04765625 0.0640625
3 0.0515625 0.946875 0.0328125 0.0578125
3 0.30546875 0.64140625 0.0453125 0.053125
0 0.81875 0.77265625 0.1796875 0.17890625
0 0.6859375 0.9875 0.08203125 0.025