5 0.390625 0.2671875 0.075 0.12421875
5 0.2046875 0.371875 0.04375 0.0390625
5 0.3015625 0.46015625 0.0390625 0.06015625
5 0.70703125 0.42890625 0.05234375 0.10703125
5 0.671875 0.225 0.0453125 0.06953125
5 0.7421875 0.2234375 0.03203125 0.06015625
5 0.6421875 0.14296875 0.04921875 0.0578125
5 0.68203125 0.703125 0.04921875 0.08671875
5 0.62265625 0.75546875 0.06328125 0.084375
5 0.12265625 0.2546875 0.0671875 0.06875
5 0.07578125 0.17890625 0.0328125 0.05078125
5 0.21875 0.8484375 0.05859375 0.09140625
5 0.20546875 0.46328125 0.03203125 0.0359375
3 0.290625 0.06328125 0.05625 0.06171875
3 0.51328125 0.36796875 0.10546875 0.10078125
5 0.45078125 0.36484375 0.053125 0.05859375
5 0.5453125 0.4421875 0.04453125 0.0828125