4 0.18125 0.61328125 0.05234375 0.0625
1 0.1359375 0.596875 0.03359375 0.08359375
4 0.528125 0.4609375 0.15390625 0.1296875
4 0.346875 0.03671875 0.03828125 0.03984375
4 0.22421875 0.4953125 0.0453125 0.04609375
4 0.34375 0.49453125 0.0578125 0.0796875
4 0.34921875 0.703125 0.028125 0.03984375
4 0.4234375 0.975 0.040625 0.05
4 0.13046875 0.46875 0.0421875 0.040625
4 0.07734375 0.45859375 0.0375 0.05625
4 0.053125 0.51640625 0.03125 0.03671875
4 0.2 0.7203125 0.02578125 0.059375
3 0.30234375 0.85703125 0.10546875 0.1125
3 0.3875 0.40078125 0.1046875 0.12734375
3 0.7625 0.034375 0.05703125 0.06796875
3 0.25234375 0.5578125 0.071875 0.059375
3 0.134375 0.85859375 0.1375 0.20703125