4 0.75703125 0.10390625 0.05078125 0.04765625
4 0.1640625 0.22421875 0.01796875 0.06015625
4 0.51484375 0.1140625 0.02265625 0.021875
5 0.52109375 0.784375 0.00390625 0.0140625
5 0.39765625 0.778125 0.00625 0.01328125
5 0.44296875 0.60859375 0.00625 0.009375
5 0.62578125 0.8125 0.00859375 0.01484375
5 0.51171875 0.9015625 0.00859375 0.021875
5 0.63125 0.8671875 0.01171875 0.01015625
5 0.48203125 0.83203125 0.00703125 0.01796875
5 0.4375 0.66484375 0.00859375 0.01640625
5 0.39453125 0.659375 0.009375 0.02265625
5 0.40625 0.8390625 0.015625 0.03203125
5 0.471875 0.784375 0.0046875 0.01015625
0 0.37109375 0.82265625 0.00234375 0.0078125
0 0.3765625 0.85 0.00625 0.01171875
0 0.46484375 0.82109375 0.0046875 0.00546875
0 0.45625 0.8078125 0.00390625 0.00859375
0 0.49765625 0.84296875 0.00390625 0.00703125
0 0.51484375 0.8484375 0.00390625 0.0078125
0 0.5109375 0.825 0.003125 0.0046875
0 0.503125 0.809375 0.003125 0.003125
0 0.5234375 0.81796875 0.003125 0.0046875
0 0.5296875 0.89296875 0.00390625 0.009375
0 0.56484375 0.8578125 0.00546875 0.00859375
0 0.56953125 0.81171875 0.00390625 0.00859375
0 0.4765625 0.72578125 0.00546875 0.0078125
0 0.45625 0.7609375 0.00546875 0.0078125
0 0.43984375 0.775 0.0046875 0.009375
0 0.42421875 0.74453125 0.00390625 0.00859375
0 0.425 0.72265625 0.0046875 0.0046875
0 0.39375 0.73125 0.0046875 0.009375
0 0.40546875 0.72109375 0.003125 0.00546875
0 0.3921875 0.696875 0.00546875 0.01171875
0 0.3734375 0.684375 0.003125 0.00859375
0 0.48359375 0.6328125 0.0046875 0.009375
0 0.49921875 0.6140625 0.0046875 0.00703125
0 0.5359375 0.70546875 0.00703125 0.00703125
0 0.53828125 0.67578125 0.00546875 0.01015625
0 0.65 0.75625 0.01328125 0.0234375
0 0.54140625 0.6015625 0.01640625 0.0265625
0 0.56484375 0.6 0.01484375 0.025
0 0.5171875 0.6703125 0.02109375 0.02578125
0 0.57109375 0.68671875 0.021875 0.0609375