1 0.04296875 0.48359375 0.05859375 0.0515625
1 0.1703125 0.5578125 0.05703125 0.053125
1 0.20703125 0.60625 0.03125 0.04296875
1 0.209375 0.45703125 0.02734375 0.0296875
1 0.26171875 0.4484375 0.03515625 0.028125
1 0.2234375 0.4234375 0.03046875 0.01796875
1 0.0234375 0.540625 0.0453125 0.0390625
1 0.15 0.46171875 0.03671875 0.02421875
1 0.17890625 0.5078125 0.04140625 0.02734375
1 0.109375 0.50546875 0.07109375 0.04609375
1 0.17890625 0.40859375 0.0296875 0.0203125
1 0.71484375 0.45859375 0.046875 0.04921875
1 0.6765625 0.5140625 0.02734375 0.025
1 0.6296875 0.46484375 0.01640625 0.01796875
1 0.70625 0.35 0.021875 0.0265625
1 0.73203125 0.33125 0.0296875 0.0234375
1 0.79453125 0.51171875 0.059375 0.059375
1 0.88125 0.4890625 0.03046875 0.02734375
1 0.95234375 0.51171875 0.03515625 0.0265625
1 0.8890625 0.5578125 0.0125 0.01484375
1 0.87265625 0.59609375 0.0296875 0.01328125
1 0.82265625 0.4640625 0.0296875 0.02578125
1 0.81484375 0.40390625 0.025 0.025
1 0.85625 0.43359375 0.0234375 0.03828125
1 0.9171875 0.44375 0.05546875 0.06640625
1 0.8078125 0.36953125 0.03828125 0.028125