4 0.34296875 0.91328125 0.05078125 0.05390625
4 0.53828125 0.65078125 0.03671875 0.04375
4 0.565625 0.69140625 0.02421875 0.0359375
4 0.66953125 0.69609375 0.03125 0.02578125
4 0.5953125 0.70078125 0.021875 0.02578125
3 0.3984375 0.88125 0.04375 0.04140625
4 0.65703125 0.41328125 0.040625 0.04375
4 0.784375 0.478125 0.02421875 0.03515625
4 0.65390625 0.57109375 0.025 0.03046875
4 0.53828125 0.5953125 0.03671875 0.03828125
4 0.63984375 0.325 0.0265625 0.03359375
4 0.68125 0.3609375 0.01953125 0.02421875
4 0.75546875 0.03984375 0.05078125 0.03984375
4 0.61015625 0.16015625 0.02265625 0.025
4 0.690625 0.15703125 0.0546875 0.05703125
4 0.7484375 0.415625 0.03046875 0.03515625
4 0.61953125 0.4609375 0.03046875 0.0421875
4 0.509375 0.47265625 0.01953125 0.03671875
4 0.63046875 0.60390625 0.02109375 0.03671875
0 0.61484375 0.7296875 0.021875 0.02109375