0 0.70234375 0.59140625 0.0375 0.046875
0 0.47421875 0.46484375 0.05546875 0.05625
0 0.49453125 0.28828125 0.02890625 0.03046875
0 0.46484375 0.2984375 0.0234375 0.0453125
0 0.5953125 0.32109375 0.028125 0.0359375
0 0.584375 0.19375 0.02265625 0.03515625
0 0.571875 0.10546875 0.01796875 0.0375
0 0.41484375 0.62265625 0.03203125 0.0328125
0 0.37421875 0.65078125 0.04140625 0.07734375
0 0.3859375 0.87109375 0.05390625 0.10625
0 0.30625 0.76875 0.04453125 0.0359375
0 0.3 0.82890625 0.03203125 0.03515625
0 0.26484375 0.7703125 0.0296875 0.03515625
0 0.24375 0.2984375 0.03125 0.0515625
0 0.209375 0.30078125 0.0375 0.06171875
0 0.15703125 0.37890625 0.02109375 0.02734375
0 0.11328125 0.44453125 0.021875 0.02890625
0 0.221875 0.78203125 0.021875 0.04375
0 0.23515625 0.9453125 0.02421875 0.03671875
0 0.1859375 0.96171875 0.03125 0.03671875
0 0.16171875 0.91875 0.02890625 0.0265625
0 0.01953125 0.68046875 0.0265625 0.0375
0 0.0859375 0.44609375 0.02265625 0.03125
0 0.05625 0.61328125 0.03203125 0.0390625
0 0.15 0.065625 0.0203125 0.04140625
0 0.24921875 0.13046875 0.0265625 0.03046875
0 0.265625 0.203125 0.01484375 0.02421875
0 0.38828125 0.12890625 0.02421875 0.02109375
0 0.3578125 0.27265625 0.02265625 0.0328125
0 0.3546875 0.43203125 0.05625 0.05703125
0 0.3140625 0.55625 0.025 0.0375
0 0.08203125 0.1578125 0.021875 0.03984375
0 0.06015625 0.2328125 0.02578125 0.03515625
0 0.14140625 0.234375 0.02890625 0.034375
0 0.71171875 0.103125 0.0234375 0.03046875
0 0.03984375 0.43046875 0.028125 0.03125
0 0.01875 0.4953125 0.025 0.0359375
0 0.034375 0.36875 0.02109375 0.03046875
0 0.13828125 0.69453125 0.0296875 0.03203125
0 0.4515625 0.37734375 0.02578125 0.034375