4 0.6609375 0.421875 0.04453125 0.07578125
4 0.13515625 0.53046875 0.034375 0.075
4 0.2671875 0.63203125 0.03125 0.06875
4 0.55390625 0.71796875 0.06328125 0.0796875
4 0.86484375 0.4640625 0.04453125 0.0609375
4 0.77890625 0.3953125 0.03515625 0.071875
3 0.7328125 0.21796875 0.084375 0.1765625
3 0.35625 0.371875 0.09765625 0.16015625
3 0.2953125 0.47421875 0.21796875 0.1546875
3 0.68125 0.6078125 0.05234375 0.12734375
4 0.746875 0.5875 0.04921875 0.10546875
3 0.8203125 0.6171875 0.05625 0.1046875
3 0.953125 0.3484375 0.09296875 0.1625
3 0.453125 0.90625 0.090625 0.1875
3 0.2078125 0.3625 0.09453125 0.14375
3 0.31015625 0.7078125 0.075 0.103125
3 0.43671875 0.71328125 0.096875 0.1515625
3 0.51640625 0.84140625 0.04921875 0.09609375