1 0.42734375 0.290625 0.06953125 0.03125
1 0.59921875 0.2140625 0.02421875 0.01328125
1 0.53203125 0.89609375 0.0390625 0.0234375
1 0.684375 0.959375 0.01953125 0.01796875
1 0.68359375 0.89296875 0.01484375 0.01328125
1 0.61796875 0.85703125 0.02421875 0.0203125
1 0.7703125 0.25703125 0.015625 0.0109375
1 0.5125 0.30546875 0.0359375 0.02421875
1 0.5078125 0.2703125 0.0421875 0.0171875
1 0.58828125 0.265625 0.0359375 0.01875
1 0.44921875 0.26328125 0.04296875 0.01796875
1 0.37734375 0.32265625 0.021875 0.015625
1 0.46015625 0.32578125 0.01875 0.01328125
1 0.359375 0.28046875 0.02734375 0.0203125
1 0.2671875 0.81640625 0.0203125 0.01640625
1 0.58046875 0.7734375 0.01484375 0.01484375
1 0.765625 0.23359375 0.02421875 0.0140625
1 0.4171875 0.36875 0.04765625 0.03671875
1 0.34453125 0.35 0.06015625 0.0265625