5 0.75078125 0.38671875 0.05234375 0.03828125
5 0.5953125 0.365625 0.0203125 0.0296875
5 0.51640625 0.33828125 0.01328125 0.03125
5 0.64453125 0.43515625 0.01875 0.03046875
5 0.94921875 0.71796875 0.02890625 0.0234375
5 0.8015625 0.6484375 0.03359375 0.03984375
5 0.79375 0.59296875 0.02734375 0.0125
5 0.60625 0.65546875 0.0109375 0.01484375
5 0.72265625 0.634375 0.02890625 0.0296875
5 0.66796875 0.5765625 0.0453125 0.0296875
5 0.01328125 0.5390625 0.0234375 0.03515625
5 0.0953125 0.5328125 0.02109375 0.0203125
5 0.14765625 0.47265625 0.02578125 0.0109375
5 0.52734375 0.4125 0.01015625 0.01796875
5 0.57890625 0.403125 0.02890625 0.01484375
5 0.5734375 0.42890625 0.0203125 0.01015625
5 0.90859375 0.26484375 0.02421875 0.02890625
0 0.271875 0.3359375 0.01484375 0.00625
0 0.271875 0.31640625 0.009375 0.0078125
0 0.2484375 0.33359375 0.0125 0.009375
0 0.24140625 0.37421875 0.009375 0.0140625
0 0.22421875 0.334375 0.0125 0.00703125
0 0.18828125 0.340625 0.01015625 0.0109375
0 0.175 0.3265625 0.0078125 0.0109375
0 0.2421875 0.3 0.01484375 0.009375
0 0.32421875 0.109375 0.00859375 0.00859375
0 0.66171875 0.09140625 0.01015625 0.00703125
0 0.62109375 0.10234375 0.00703125 0.01015625
0 0.66640625 0.11875 0.00859375 0.00703125
0 0.62890625 0.06484375 0.00546875 0.0078125
0 0.61328125 0.06484375 0.0078125 0.00703125
0 0.5953125 0.07265625 0.00625 0.0078125
0 0.6625 0.05859375 0.00546875 0.00546875
0 0.6296875 0.0390625 0.0109375 0.00390625
0 0.5875 0.06484375 0.0078125 0.00625
0 0.57578125 0.0484375 0.00625 0.00625
0 0.61015625 0.03203125 0.00390625 0.003125
0 0.60859375 0.02734375 0.0046875 0.003125
0 0.65078125 0.03125 0.00390625 0.00390625
0 0.65546875 0.04296875 0.0046875 0.00546875