5 0.7625 0.6625 0.03671875 0.05
5 0.690625 0.7625 0.03203125 0.05
5 0.7125 0.68125 0.0390625 0.04609375
5 0.534375 0.4125 0.04296875 0.05078125
5 0.571875 0.3875 0.0453125 0.06328125
5 0.48046875 0.42734375 0.03984375 0.05546875
5 0.48359375 0.5671875 0.028125 0.05
5 0.390625 0.56953125 0.02578125 0.04296875
5 0.30625 0.58203125 0.03671875 0.04140625
5 0.30859375 0.6328125 0.0375 0.0375
5 0.27890625 0.25859375 0.034375 0.0375
5 0.28671875 0.18828125 0.028125 0.0515625
5 0.35546875 0.25625 0.02265625 0.0328125
5 0.31484375 0.30546875 0.01484375 0.04140625
5 0.48828125 0.16796875 0.0234375 0.03359375
5 0.5765625 0.20390625 0.01875 0.0359375
5 0.6171875 0.2140625 0.0484375 0.03984375
5 0.68203125 0.275 0.021875 0.02890625
5 0.61171875 0.05234375 0.0203125 0.0265625
5 0.503125 0.0765625 0.02265625 0.02734375
5 0.56484375 0.0953125 0.01640625 0.02578125
5 0.75859375 0.18125 0.0203125 0.034375