4 0.3875 0.3625 0.0078125 0.01328125
4 0.3578125 0.39921875 0.00703125 0.0109375
4 0.4390625 0.38125 0.01171875 0.0234375
4 0.4890625 0.38125 0.00703125 0.01171875
4 0.48984375 0.40625 0.0046875 0.01171875
4 0.47421875 0.4234375 0.0078125 0.015625
4 0.490625 0.4578125 0.00625 0.0125
4 0.475 0.46875 0.00546875 0.01015625
3 0.55 0.46328125 0.01015625 0.01796875
3 0.46484375 0.38359375 0.02890625 0.0359375
3 0.484375 0.353125 0.0171875 0.01953125
3 0.453125 0.34765625 0.0125 0.01328125
3 0.53203125 0.38984375 0.009375 0.01640625
4 0.50234375 0.49140625 0.0078125 0.01328125
4 0.3109375 0.30390625 0.01015625 0.0109375
4 0.3265625 0.33125 0.00703125 0.01640625
4 0.31015625 0.33984375 0.0125 0.01015625
4 0.30546875 0.38046875 0.0078125 0.00859375
4 0.2828125 0.396875 0.00859375 0.01484375
4 0.30625 0.40703125 0.00859375 0.0078125
4 0.33828125 0.2984375 0.009375 0.0171875
3 0.28515625 0.32578125 0.03203125 0.03515625
3 0.35625 0.38515625 0.034375 0.05703125
3 0.4109375 0.4 0.03359375 0.0453125
4 0.41484375 0.36875 0.00703125 0.0078125