5 0.2265625 0.515625 0.02578125 0.04921875
5 0.26015625 0.540625 0.034375 0.034375
5 0.37265625 0.2921875 0.0234375 0.02421875
5 0.36953125 0.325 0.01640625 0.0265625
5 0.40625 0.3234375 0.01484375 0.01875
5 0.40078125 0.365625 0.02734375 0.05234375
5 0.4703125 0.3203125 0.0296875 0.04453125
5 0.4765625 0.2796875 0.021875 0.03046875
5 0.4984375 0.33203125 0.0203125 0.0421875
5 0.4421875 0.29140625 0.01953125 0.0375
5 0.41015625 0.421875 0.02421875 0.034375
5 0.40859375 0.46328125 0.03203125 0.03203125
5 0.2765625 0.48671875 0.03125 0.02421875
5 0.128125 0.5015625 0.0328125 0.0359375
5 0.09921875 0.43046875 0.03203125 0.0296875
5 0.08671875 0.48125 0.0328125 0.03125
5 0.0453125 0.58515625 0.0375 0.03828125
5 0.02734375 0.7265625 0.03359375 0.02890625
5 0.03046875 0.76640625 0.025 0.01875
5 0.153125 0.6203125 0.0328125 0.0359375
5 0.171875 0.6453125 0.02890625 0.02734375
5 0.18125 0.59140625 0.02109375 0.0234375
5 0.1703125 0.56015625 0.01953125 0.03359375
5 0.19296875 0.51796875 0.03515625 0.06875
5 0.08359375 0.70625 0.0203125 0.03203125
5 0.2609375 0.6296875 0.0390625 0.0515625
5 0.27265625 0.68828125 0.0171875 0.03203125
5 0.284375 0.6015625 0.01484375 0.03515625
5 0.3375 0.6171875 0.0453125 0.059375
5 0.284375 0.3734375 0.0765625 0.05234375
5 0.2078125 0.35390625 0.0625 0.08671875
5 0.43984375 0.59296875 0.046875 0.02734375
5 0.5703125 0.775 0.05390625 0.075
5 0.65234375 0.659375 0.02578125 0.06171875
5 0.77578125 0.56171875 0.05234375 0.06484375
5 0.7828125 0.6859375 0.0453125 0.10703125
5 0.86015625 0.65390625 0.03359375 0.07890625
5 0.46015625 0.4203125 0.03203125 0.034375
5 0.4796875 0.4796875 0.04609375 0.040625