1 0.0828125 0.0484375 0.03125 0.0359375
1 0.02421875 0.2203125 0.02578125 0.03359375
1 0.53828125 0.15546875 0.04140625 0.03984375
1 0.46328125 0.31328125 0.040625 0.03984375
1 0.48984375 0.36640625 0.0265625 0.03515625
1 0.3859375 0.36640625 0.015625 0.03671875
1 0.41015625 0.740625 0.01953125 0.0609375
1 0.41796875 0.37421875 0.021875 0.05078125
1 0.38515625 0.44296875 0.009375 0.03359375
1 0.425 0.4765625 0.02109375 0.01484375
1 0.4515625 0.55703125 0.03125 0.084375
1 0.4796875 0.63828125 0.040625 0.0578125
1 0.465625 0.728125 0.03828125 0.059375
1 0.425 0.83125 0.02421875 0.03671875
1 0.48046875 0.809375 0.03359375 0.06640625
1 0.59296875 0.46171875 0.03671875 0.1015625
1 0.653125 0.4609375 0.01953125 0.06328125
1 0.49609375 0.2578125 0.04609375 0.06015625
1 0.54140625 0.26015625 0.02265625 0.04609375
1 0.546875 0.33359375 0.03203125 0.040625
1 0.33125 0.25546875 0.0171875 0.0296875
1 0.3796875 0.2671875 0.04140625 0.0921875
1 0.296875 0.3078125 0.03984375 0.034375
1 0.20390625 0.3046875 0.02578125 0.040625