1 0.11953125 0.5796875 0.1375 0.1171875
1 0.2796875 0.36640625 0.059375 0.071875
1 0.2765625 0.42734375 0.053125 0.065625
3 0.5203125 0.3234375 0.1234375 0.1734375
5 0.78125 0.0609375 0.125 0.11328125
5 0.6859375 0.378125 0.078125 0.084375
0 0.22734375 0.84453125 0.1234375 0.08671875
0 0.103125 0.7578125 0.14765625 0.0703125
0 0.08984375 0.68046875 0.0703125 0.053125
0 0.03359375 0.81875 0.0671875 0.0546875
0 0.096875 0.884375 0.0640625 0.04609375
0 0.259375 0.9109375 0.05859375 0.05625
0 0.1625 0.953125 0.09453125 0.05859375