4 0.165625 0.615625 0.03984375 0.04375
4 0.6828125 0.29453125 0.06796875 0.10625
4 0.7546875 0.46640625 0.0328125 0.04453125
4 0.7390625 0.5703125 0.04375 0.13125
4 0.81796875 0.1875 0.03046875 0.05078125
4 0.79296875 0.2625 0.02734375 0.03984375
4 0.85 0.14609375 0.0328125 0.0484375
4 0.50859375 0.57734375 0.03203125 0.03046875
4 0.5296875 0.621875 0.02734375 0.03203125
4 0.56328125 0.675 0.03984375 0.053125
4 0.60234375 0.7515625 0.025 0.05
4 0.4140625 0.45390625 0.0359375 0.03515625
4 0.42265625 0.3890625 0.02421875 0.04453125
4 0.73359375 0.75 0.03984375 0.09453125
4 0.5234375 0.8171875 0.03828125 0.06015625
4 0.6328125 0.921875 0.03828125 0.06640625
3 0.83984375 0.29765625 0.0609375 0.13359375
3 0.85 0.44453125 0.07109375 0.0703125
3 0.85703125 0.54453125 0.0796875 0.0828125
3 0.7984375 0.62109375 0.03984375 0.06015625
3 0.73515625 0.8734375 0.0328125 0.071875
3 0.4921875 0.6609375 0.03671875 0.0921875
3 0.53046875 0.68046875 0.028125 0.0640625
3 0.36875 0.496875 0.05390625 0.1328125
0 0.26484375 0.15859375 0.01796875 0.025
0 0.328125 0.41875 0.01484375 0.01875
0 0.30625 0.3625 0.0140625 0.021875
0 0.2578125 0.365625 0.01484375 0.015625
0 0.209375 0.35078125 0.02265625 0.0171875
0 0.21328125 0.30546875 0.0125 0.021875
0 0.22578125 0.2859375 0.01328125 0.0171875
0 0.15703125 0.3453125 0.01796875 0.02890625
0 0.14375 0.19453125 0.01328125 0.01875
0 0.178125 0.15625 0.0109375 0.01484375
0 0.19140625 0.2046875 0.0140625 0.02109375
0 0.22734375 0.1046875 0.01796875 0.0171875
0 0.18125 0.07578125 0.01640625 0.01796875
0 0.23125 0.021875 0.01640625 0.02421875
0 0.2375 0.1546875 0.0125 0.021875
0 0.14375 0.05390625 0.01640625 0.02578125
0 0.0703125 0.3296875 0.12578125 0.246875
3 0.45390625 0.83359375 0.06484375 0.2375