5 0.3890625 0.34296875 0.01953125 0.034375
5 0.421875 0.371875 0.0203125 0.0375
5 0.453125 0.403125 0.01796875 0.02734375
5 0.4921875 0.38828125 0.015625 0.02734375
5 0.51171875 0.3734375 0.021875 0.0234375
5 0.46328125 0.3109375 0.025 0.0375
5 0.478125 0.259375 0.03984375 0.0265625
5 0.54609375 0.3375 0.015625 0.0203125
5 0.58515625 0.38828125 0.03203125 0.0578125
5 0.5453125 0.396875 0.01875 0.03203125
5 0.51484375 0.13828125 0.02109375 0.028125
5 0.528125 0.246875 0.02890625 0.03515625
3 0.3125 0.69921875 0.0296875 0.0453125
3 0.43515625 0.6890625 0.03671875 0.0375
5 0.24296875 0.89375 0.0171875 0.03125
3 0.2078125 0.8921875 0.0390625 0.0828125
5 0.58125 0.6328125 0.0234375 0.034375
5 0.51796875 0.62421875 0.02421875 0.03046875
5 0.4796875 0.63671875 0.0203125 0.03984375
5 0.39765625 0.71171875 0.02265625 0.0390625
5 0.42890625 0.7390625 0.02109375 0.02734375
5 0.40625 0.7703125 0.025 0.02578125
5 0.396875 0.80859375 0.02734375 0.03203125
5 0.36953125 0.75234375 0.02890625 0.04140625
5 0.67578125 0.84765625 0.021875 0.04296875
5 0.64609375 0.77265625 0.0203125 0.03046875
5 0.6296875 0.75390625 0.01328125 0.03359375
5 0.57734375 0.7171875 0.02421875 0.0203125
5 0.575 0.78515625 0.02265625 0.02734375
5 0.6421875 0.575 0.0390625 0.02578125
5 0.640625 0.621875 0.03203125 0.03125
5 0.728125 0.69609375 0.03671875 0.0296875
5 0.66796875 0.709375 0.01953125 0.03515625
5 0.8453125 0.82265625 0.028125 0.02890625
3 0.86875 0.9734375 0.03125 0.053125
5 0.43359375 0.95625 0.03046875 0.034375
5 0.62734375 0.14296875 0.03671875 0.0375