4 0.446875 0.74921875 0.04453125 0.0453125
4 0.61796875 0.79140625 0.0140625 0.05859375
4 0.44765625 0.1296875 0.03359375 0.0234375
4 0.4875 0.20625 0.01796875 0.02890625
4 0.53984375 0.41484375 0.01328125 0.02109375
4 0.825 0.29453125 0.01171875 0.0296875
4 0.76796875 0.2390625 0.0109375 0.0296875
4 0.765625 0.446875 0.0265625 0.0484375
4 0.73359375 0.5390625 0.02109375 0.0484375
4 0.51328125 0.45703125 0.01875 0.03125
4 0.61796875 0.7171875 0.01328125 0.03984375
4 0.615625 0.6546875 0.00234375 0.00859375
4 0.68671875 0.615625 0.0140625 0.01875
4 0.4484375 0.79140625 0.015625 0.01171875
4 0.7875 0.80078125 0.009375 0.0078125
3 0.715625 0.8828125 0.06796875 0.0484375