4 0.5515625 0.3234375 0.05546875 0.06953125
4 0.56484375 0.6734375 0.05859375 0.0828125
4 0.66640625 0.78046875 0.0515625 0.07421875
4 0.3203125 0.8703125 0.0390625 0.05546875
4 0.32265625 0.7453125 0.04609375 0.065625
4 0.7578125 0.978125 0.05859375 0.04375
4 0.1859375 0.16640625 0.0453125 0.078125
3 0.10546875 0.121875 0.04453125 0.11328125
3 0.18671875 0.05546875 0.06171875 0.08515625
3 0.45859375 0.340625 0.07734375 0.10078125
3 0.703125 0.115625 0.05078125 0.0578125
3 0.65703125 0.68203125 0.05625 0.06796875
3 0.190625 0.746875 0.15625 0.1359375
3 0.41640625 0.85703125 0.115625 0.11328125
3 0.3921875 0.6 0.0890625 0.065625
3 0.4828125 0.70625 0.08203125 0.09375
3 0.69140625 0.87578125 0.08671875 0.053125
3 0.3546875 0.3421875 0.03828125 0.115625