4 0.38359375 0.125 0.0359375 0.01796875
4 0.496875 0.14140625 0.0265625 0.01484375
4 0.48359375 0.175 0.01953125 0.01015625
4 0.496875 0.1984375 0.0234375 0.015625
1 0.38984375 0.2015625 0.04609375 0.03125
1 0.3078125 0.20390625 0.04609375 0.0234375
4 0.27578125 0.21328125 0.0203125 0.01484375
1 0.2921875 0.27265625 0.065625 0.0375
1 0.2296875 0.253125 0.05390625 0.01640625
4 0.16953125 0.26484375 0.0328125 0.01640625
2 0.03515625 0.3421875 0.03671875 0.0203125
4 0.06328125 0.35078125 0.0109375 0.0125
1 0.02578125 0.30390625 0.0234375 0.0359375
3 0.33046875 0.17421875 0.025 0.01796875
3 0.334375 0.1390625 0.040625 0.0171875
1 0.61875 0.2 0.065625 0.0546875
1 0.746875 0.2171875 0.0984375 0.03125
1 0.53671875 0.28671875 0.0265625 0.021875
1 0.71484375 0.32890625 0.034375 0.0359375
1 0.4953125 0.27421875 0.03046875 0.02265625
1 0.3828125 0.2546875 0.02890625 0.01796875
1 0.44609375 0.2515625 0.03203125 0.028125
1 0.415625 0.27421875 0.03125 0.0171875
4 0.3546875 0.30859375 0.04609375 0.028125
2 0.3546875 0.33671875 0.034375 0.02109375
2 0.5125 0.4046875 0.04140625 0.0171875
2 0.54921875 0.35390625 0.021875 0.0234375
1 0.659375 0.39453125 0.05546875 0.02890625
4 0.4859375 0.34453125 0.0203125 0.01640625
4 0.52109375 0.3328125 0.025 0.01171875
4 0.71796875 0.36328125 0.025 0.0125
4 0.7046875 0.36875 0.01953125 0.0125
1 0.509375 0.3859375 0.0265625 0.0203125
1 0.36640625 0.41484375 0.03828125 0.021875
4 0.2015625 0.4078125 0.03359375 0.01796875
4 0.1796875 0.3671875 0.0390625 0.0171875
3 0.175 0.3421875 0.05234375 0.01640625
3 0.234375 0.346875 0.04296875 0.03828125
4 0.225 0.31015625 0.03359375 0.01875
4 0.24375 0.29296875 0.02890625 0.01640625
4 0.26796875 0.33125 0.02109375 0.01484375
4 0.275 0.35390625 0.02421875 0.01328125
4 0.32421875 0.340625 0.02421875 0.01484375
4 0.30546875 0.3578125 0.02109375 0.01640625
4 0.68359375 0.41640625 0.03359375 0.009375
4 0.66171875 0.42578125 0.0171875 0.0109375
4 0.71953125 0.44296875 0.02890625 0.01875
4 0.41796875 0.40703125 0.028125 0.0203125
4 0.47734375 0.4609375 0.04453125 0.02421875
4 0.3453125 0.45390625 0.03828125 0.02421875
4 0.32421875 0.4703125 0.0234375 0.01953125
2 0.21796875 0.45 0.04609375 0.0140625
4 0.23515625 0.46953125 0.03046875 0.01640625
4 0.2671875 0.371875 0.01484375 0.0125
3 0.22890625 0.39140625 0.021875 0.0140625
3 0.2640625 0.39765625 0.0375 0.0171875
1 0.1171875 0.43125 0.0421875 0.0234375
1 0.0828125 0.4578125 0.04140625 0.02890625
4 0.0328125 0.50546875 0.01328125 0.015625
4 0.01015625 0.403125 0.0203125 0.01875
3 0.01953125 0.46328125 0.0203125 0.0171875
3 0.1015625 0.340625 0.08515625 0.0421875
4 0.25859375 0.4546875 0.02421875 0.01875
3 0.42890625 0.559375 0.178125 0.05390625
3 0.69296875 0.565625 0.02890625 0.0296875
3 0.60390625 0.56875 0.028125 0.025
4 0.565625 0.6421875 0.02890625 0.02265625
4 0.590625 0.6265625 0.0203125 0.01328125
4 0.51015625 0.68125 0.0453125 0.015625
4 0.48359375 0.6328125 0.03203125 0.02421875
4 0.20546875 0.6421875 0.04609375 0.01875
4 0.09296875 0.64921875 0.04140625 0.0140625
4 0.25546875 0.56875 0.0328125 0.0109375
4 0.24921875 0.59296875 0.02265625 0.0109375
4 0.15703125 0.621875 0.028125 0.015625
3 0.59375 0.48046875 0.02265625 0.0328125
3 0.61015625 0.53515625 0.05 0.03984375
3 0.7078125 0.66328125 0.07734375 0.046875
3 0.73828125 0.6265625 0.06328125 0.02734375
4 0.66328125 0.45078125 0.03046875 0.0203125
3 0.62421875 0.30078125 0.10234375 0.08046875
4 0.4171875 0.32109375 0.05859375 0.03828125
3 0.43125 0.38515625 0.0609375 0.0390625
3 0.62109375 0.24921875 0.28671875 0.05859375
3 0.48125 0.228125 0.09609375 0.09296875
3 0.534375 0.10390625 0.04765625 0.0296875
3 0.64140625 0.1609375 0.0390625 0.03203125
1 0.8375 0.36171875 0.03828125 0.0328125
1 0.909375 0.44296875 0.02421875 0.025
3 0.8078125 0.315625 0.103125 0.05703125
3 0.846875 0.278125 0.109375 0.06171875
3 0.93046875 0.29921875 0.0578125 0.04375
3 0.90703125 0.321875 0.059375 0.053125
3 0.96796875 0.359375 0.0328125 0.0421875
4 0.7609375 0.43359375 0.025 0.0296875
4 0.75234375 0.46015625 0.03046875 0.0171875
3 0.72890625 0.40703125 0.05546875 0.0265625
3 0.90078125 0.3921875 0.0765625 0.04140625
3 0.9046875 0.48671875 0.05625 0.0375
3 0.80859375 0.52109375 0.0453125 0.03984375
3 0.83359375 0.571875 0.059375 0.03125
3 0.740625 0.559375 0.02890625 0.025
3 0.82421875 0.6328125 0.02265625 0.01171875
3 0.890625 0.64140625 0.0328125 0.03515625
3 0.68515625 0.5921875 0.03359375 0.01328125
3 0.69609375 0.61171875 0.02109375 0.01875
3 0.5359375 0.596875 0.0359375 0.015625
3 0.44609375 0.5921875 0.03515625 0.0203125
4 0.12890625 0.49765625 0.07578125 0.0390625
4 0.27109375 0.653125 0.04296875 0.0546875
1 0.4953125 0.76328125 0.04296875 0.02890625
1 0.38828125 0.76640625 0.05390625 0.03359375
3 0.35703125 0.696875 0.0890625 0.03984375
4 0.625 0.77109375 0.02734375 0.01875
4 0.6265625 0.7046875 0.025 0.025
3 0.6953125 0.7453125 0.03828125 0.01953125
3 0.50625 0.80859375 0.08046875 0.05625
4 0.13203125 0.39453125 0.07109375 0.03359375