1 0.0875 0.4609375 0.115625 0.1
1 0.28203125 0.31328125 0.0390625 0.0625
3 0.83203125 0.3 0.0453125 0.0625
3 0.7296875 0.3921875 0.09765625 0.05078125
3 0.709375 0.01640625 0.0546875 0.0328125
3 0.5953125 0.06875 0.09765625 0.13671875
3 0.821875 0.06640625 0.11328125 0.1328125
3 0.034375 0.71875 0.05078125 0.0546875
3 0.21796875 0.82734375 0.0609375 0.071875
3 0.01875 0.79765625 0.0375 0.0875
0 0.79765625 0.5234375 0.09765625 0.025
0 0.8 0.62578125 0.09765625 0.0953125
0 0.80625 0.7734375 0.084375 0.1
0 0.5515625 0.75625 0.13125 0.1875
0 0.5546875 0.940625 0.12109375 0.11875
0 0.978125 0.878125 0.04296875 0.2203125
0 0.9265625 0.96015625 0.146875 0.0796875
0 0.79375 0.93046875 0.084375 0.0875
0 0.66328125 0.884375 0.0703125 0.09375
0 0.9875 0.540625 0.025 0.0625