5 0.41875 0.021875 0.021875 0.04140625
4 0.51953125 0.2703125 0.02578125 0.059375
4 0.1578125 0.05390625 0.021875 0.02734375
4 0.125 0.1203125 0.03046875 0.02421875
4 0.13828125 0.05625 0.0109375 0.03046875
4 0.2328125 0.4734375 0.02265625 0.0296875
4 0.3125 0.5515625 0.01953125 0.0421875
4 0.4546875 0.7390625 0.01953125 0.03515625
4 0.4546875 0.84453125 0.015625 0.021875
4 0.52265625 0.58046875 0.01796875 0.0296875
4 0.6796875 0.56875 0.025 0.04375
4 0.78125 0.6140625 0.03828125 0.06953125
4 0.77265625 0.32421875 0.0171875 0.0265625
4 0.7046875 0.29296875 0.0140625 0.03203125
4 0.13125 0.3765625 0.0203125 0.04765625
5 0.38203125 0.11640625 0.015625 0.03359375
3 0.2234375 0.571875 0.0203125 0.05078125
3 0.759375 0.4734375 0.03515625 0.046875
3 0.52265625 0.9328125 0.03125 0.0390625
3 0.6484375 0.76875 0.0328125 0.06953125