1 0.2828125 0.115625 0.1140625 0.05234375
1 0.240625 0.2546875 0.1171875 0.121875
1 0.5421875 0.3390625 0.109375 0.05546875
1 0.38203125 0.328125 0.09453125 0.0734375
1 0.10625 0.8140625 0.125 0.059375
1 0.3796875 0.69140625 0.14453125 0.05703125
1 0.15234375 0.60234375 0.08203125 0.04921875
1 0.25078125 0.628125 0.0703125 0.0703125
1 0.19609375 0.521875 0.0453125 0.05703125
1 0.7046875 0.39609375 0.078125 0.08828125
1 0.26015625 0.45625 0.12265625 0.05234375
1 0.33828125 0.534375 0.153125 0.05546875
1 0.4515625 0.46484375 0.1203125 0.04375
1 0.58125 0.5171875 0.065625 0.096875
1 0.459375 0.52265625 0.04453125 0.04296875
1 0.5890625 0.62265625 0.0484375 0.05
1 0.71484375 0.64296875 0.053125 0.0578125
1 0.896875 0.6015625 0.04765625 0.04765625
1 0.80625 0.64140625 0.08046875 0.04609375
1 0.36640625 0.22734375 0.08828125 0.09765625
1 0.5671875 0.13828125 0.1046875 0.0453125
1 0.496875 0.24375 0.0984375 0.06015625
1 0.70390625 0.78125 0.0765625 0.021875