1 0.5921875 0.4796875 0.03515625 0.0640625
1 0.5328125 0.60390625 0.040625 0.0640625
1 0.55390625 0.70859375 0.0375 0.02421875
3 0.48046875 0.4484375 0.03828125 0.06171875
3 0.7265625 0.2765625 0.03515625 0.07578125
1 0.165625 0.35859375 0.05078125 0.07109375
4 0.56328125 0.5640625 0.028125 0.02734375
4 0.2578125 0.940625 0.02890625 0.03046875
3 0.6375 0.59765625 0.06796875 0.15
4 0.28671875 0.225 0.03046875 0.028125
4 0.24140625 0.36015625 0.03359375 0.034375
4 0.25625 0.3953125 0.0125 0.02421875
4 0.28671875 0.41171875 0.01875 0.034375
0 0.35703125 0.92734375 0.03203125 0.046875