4 0.34375 0.36328125 0.03828125 0.04765625
4 0.415625 0.35625 0.0515625 0.0421875
4 0.41640625 0.4328125 0.04375 0.06796875
4 0.49453125 0.434375 0.0640625 0.05859375
4 0.62421875 0.375 0.059375 0.059375
1 0.6453125 0.4765625 0.090625 0.07421875
4 0.578125 0.50234375 0.05078125 0.06484375
4 0.81953125 0.39453125 0.04453125 0.040625
4 0.8203125 0.521875 0.0609375 0.0765625
4 0.86015625 0.6453125 0.03125 0.04609375
4 0.73515625 0.784375 0.03671875 0.0359375
4 0.85546875 0.85390625 0.071875 0.04453125
4 0.971875 0.67421875 0.05546875 0.053125
4 0.959375 0.9015625 0.04140625 0.0484375
4 0.43046875 0.82109375 0.046875 0.0421875
4 0.31171875 0.82265625 0.05625 0.05234375
4 0.209375 0.73125 0.04375 0.0390625
4 0.22421875 0.79296875 0.03828125 0.05234375
4 0.45078125 0.91953125 0.04609375 0.03828125
4 0.4125 0.6125 0.046875 0.0390625
4 0.4171875 0.55 0.065625 0.05703125
4 0.3046875 0.6875 0.0625 0.0375
4 0.259375 0.57421875 0.04296875 0.04765625
4 0.2125 0.5109375 0.025 0.03046875
4 0.2140625 0.615625 0.0453125 0.0515625
4 0.13203125 0.7703125 0.053125 0.05390625
4 0.69609375 0.61484375 0.0359375 0.04296875
4 0.81796875 0.7203125 0.040625 0.01796875
4 0.84921875 0.69921875 0.02265625 0.0265625
4 0.80703125 0.65234375 0.01953125 0.0234375
4 0.98515625 0.71953125 0.0234375 0.01875
4 0.64453125 0.5453125 0.0453125 0.040625
4 0.38515625 0.67578125 0.0390625 0.02578125
0 0.20078125 0.39921875 0.02890625 0.034375
0 0.225 0.2484375 0.0140625 0.01640625
0 0.23984375 0.175 0.01875 0.0234375
0 0.278125 0.28515625 0.021875 0.028125
0 0.30625 0.26953125 0.01171875 0.02109375
0 0.3578125 0.21171875 0.015625 0.02734375
0 0.23125 0.28125 0.015625 0.01484375
0 0.0421875 0.20859375 0.00859375 0.02109375
3 0.515625 0.628125 0.12578125 0.1921875
4 0.5578125 0.7546875 0.06015625 0.04296875
3 0.68046875 0.69296875 0.1421875 0.10234375
3 0.778125 0.228125 0.103125 0.16640625
3 0.41328125 0.14140625 0.08671875 0.10625
3 0.546875 0.2265625 0.07890625 0.19609375
4 0.503125 0.365625 0.04453125 0.059375