5 0.65 0.421875 0.05390625 0.08515625
5 0.34921875 0.440625 0.0796875 0.04375
5 0.446875 0.4609375 0.0390625 0.06328125
5 0.0796875 0.62109375 0.05546875 0.13984375
5 0.5046875 0.80234375 0.0578125 0.0875
5 0.73203125 0.5328125 0.05546875 0.1203125
5 0.56640625 0.64375 0.05546875 0.065625
5 0.825 0.63203125 0.04609375 0.0875
5 0.98359375 0.64765625 0.0265625 0.07421875
5 0.96171875 0.928125 0.0765625 0.07578125
3 0.79375 0.54375 0.06328125 0.1203125
3 0.5546875 0.215625 0.07734375 0.10859375
5 0.16484375 0.9359375 0.0421875 0.075
5 0.90859375 0.296875 0.02734375 0.0640625
5 0.94453125 0.365625 0.0375 0.05078125
5 0.10390625 0.40546875 0.04296875 0.07578125