1 0.1296875 0.44609375 0.01953125 0.0359375
1 0.2125 0.58203125 0.015625 0.03125
1 0.23671875 0.53671875 0.01484375 0.03203125
1 0.18671875 0.37890625 0.01328125 0.0234375
1 0.15703125 0.359375 0.009375 0.01796875
1 0.38125 0.278125 0.0421875 0.0375
1 0.39765625 0.1609375 0.0296875 0.02109375
1 0.69296875 0.3921875 0.0296875 0.03828125
1 0.7265625 0.203125 0.015625 0.025
1 0.759375 0.20546875 0.034375 0.0265625
1 0.78203125 0.30234375 0.02109375 0.0359375
1 0.78515625 0.453125 0.02421875 0.0421875
1 0.5671875 0.671875 0.01484375 0.0296875
1 0.159375 0.47734375 0.01875 0.0328125
1 0.1765625 0.3109375 0.0125 0.0265625
1 0.1171875 0.34609375 0.01484375 0.028125
1 0.09140625 0.4421875 0.009375 0.015625
1 0.09921875 0.384375 0.01796875 0.02421875
1 0.2796875 0.19375 0.01640625 0.01953125
1 0.253125 0.21796875 0.0296875 0.02578125
1 0.83125 0.5984375 0.02421875 0.028125
1 0.2109375 0.90234375 0.0203125 0.034375
1 0.51640625 0.98125 0.01484375 0.0265625
1 0.51015625 0.534375 0.01640625 0.0390625
1 0.65 0.16171875 0.015625 0.0328125
2 0.74921875 0.38515625 0.0640625 0.0640625
1 0.84765625 0.359375 0.01875 0.03515625
1 0.884375 0.34453125 0.0234375 0.0484375
1 0.8453125 0.3109375 0.02578125 0.04765625
1 0.8125 0.31875 0.01953125 0.0328125
1 0.8125 0.37890625 0.025 0.0359375
1 0.8375 0.4078125 0.021875 0.04140625
1 0.8765625 0.4640625 0.02109375 0.03203125
1 0.78671875 0.25 0.0171875 0.03671875
1 0.82109375 0.2609375 0.02734375 0.03046875
1 0.56484375 0.31328125 0.021875 0.034375
1 0.70625 0.90078125 0.01875 0.028125