4 0.459375 0.28515625 0.01875 0.0359375
4 0.21796875 0.46328125 0.01875 0.02421875
4 0.2140625 0.53203125 0.04296875 0.05859375
4 0.19921875 0.39453125 0.0375 0.05546875
4 0.325 0.57578125 0.021875 0.0296875
4 0.3546875 0.69296875 0.0328125 0.046875
4 0.53046875 0.78203125 0.02109375 0.025
4 0.7390625 0.71796875 0.009375 0.03984375
4 0.67734375 0.81875 0.02265625 0.0265625
3 0.659375 0.6 0.03359375 0.12109375
3 0.5765625 0.4875 0.1390625 0.1140625
3 0.4875 0.80703125 0.03984375 0.05078125
5 0.22265625 0.7078125 0.01875 0.02890625
5 0.284375 0.9 0.0140625 0.03671875
5 0.24609375 0.9125 0.021875 0.0328125
0 0.1421875 0.6671875 0.02421875 0.01640625
0 0.11875 0.68203125 0.00625 0.02265625
0 0.10546875 0.7359375 0.0046875 0.01171875
0 0.04609375 0.95859375 0.01875 0.028125
0 0.0203125 0.9578125 0.0203125 0.040625
0 0.390625 0.27109375 0.02890625 0.02734375
0 0.43203125 0.228125 0.0109375 0.03203125
0 0.46015625 0.3453125 0.015625 0.0296875
0 0.57734375 0.296875 0.01796875 0.03515625
0 0.56953125 0.37734375 0.01640625 0.0328125
0 0.64140625 0.35 0.0109375 0.01875
0 0.8515625 0.475 0.01171875 0.04140625
0 0.87109375 0.4234375 0.01328125 0.028125
0 0.88359375 0.49921875 0.01640625 0.02265625
0 0.815625 0.77890625 0.01875 0.01875
0 0.6171875 0.796875 0.015625 0.03671875
0 0.525 0.66484375 0.03828125 0.09453125
0 0.5765625 0.58203125 0.0046875 0.0296875
0 0.60703125 0.61171875 0.02578125 0.0484375
0 0.6359375 0.64765625 0.01484375 0.0265625
0 0.67109375 0.659375 0.01328125 0.03515625
0 0.565625 0.725 0.0265625 0.0265625
0 0.49140625 0.73515625 0.01953125 0.01953125
0 0.51796875 0.73203125 0.021875 0.0171875
0 0.55859375 0.796875 0.01484375 0.02265625
0 0.57265625 0.84765625 0.01484375 0.0140625
0 0.57734375 0.9015625 0.0390625 0.0890625
0 0.47890625 0.884375 0.021875 0.03359375
0 0.42578125 0.61484375 0.02265625 0.03359375
0 0.3609375 0.7625 0.021875 0.01953125
0 0.384375 0.896875 0.028125 0.03046875