1 0.328125 0.31953125 0.02265625 0.0125
1 0.56171875 0.32734375 0.0203125 0.0140625
1 0.77578125 0.44921875 0.0171875 0.01328125
1 0.15234375 0.2703125 0.0234375 0.00390625
1 0.18203125 0.25859375 0.02265625 0.0046875
1 0.18671875 0.27578125 0.0375 0.0109375
1 0.31796875 0.4859375 0.021875 0.01328125
1 0.37265625 0.48046875 0.0203125 0.01484375
1 0.4296875 0.48359375 0.01875 0.01171875
1 0.29140625 0.52578125 0.02109375 0.0140625
1 0.2578125 0.54375 0.0203125 0.0140625
1 0.62578125 0.5515625 0.02109375 0.0140625
1 0.55859375 0.5953125 0.02109375 0.0125
1 0.58046875 0.62265625 0.01796875 0.00859375
1 0.55546875 0.69375 0.0203125 0.009375
1 0.53046875 0.69375 0.0265625 0.01015625
1 0.5375 0.70625 0.01640625 0.0109375
1 0.3265625 0.6859375 0.021875 0.01171875
1 0.24296875 0.65703125 0.02890625 0.0125
1 0.26015625 0.7265625 0.02890625 0.028125
1 0.2484375 0.68671875 0.021875 0.0125
1 0.60703125 0.8625 0.0234375 0.0171875
1 0.04296875 0.44375 0.02421875 0.0140625
1 0.0171875 0.3484375 0.025 0.01640625
1 0.05078125 0.30390625 0.03984375 0.0140625
3 0.31953125 0.74609375 0.0828125 0.0453125
3 0.4171875 0.74765625 0.096875 0.03671875
3 0.221875 0.74453125 0.04296875 0.04375
3 0.546875 0.7390625 0.1359375 0.034375
3 0.6859375 0.659375 0.084375 0.05078125
3 0.73515625 0.74765625 0.065625 0.04765625
3 0.759375 0.70078125 0.046875 0.03203125
3 0.7265625 0.59453125 0.09609375 0.07109375
3 0.5421875 0.65546875 0.1125 0.05703125
3 0.4703125 0.80390625 0.0625 0.0625
3 0.378125 0.81171875 0.0796875 0.06953125
3 0.4 0.68671875 0.0640625 0.0640625
3 0.1828125 0.628125 0.0890625 0.05546875
3 0.30546875 0.61484375 0.0765625 0.0671875
3 0.16328125 0.484375 0.2125 0.059375
3 0.1078125 0.5578125 0.0765625 0.07421875
3 0.55234375 0.38671875 0.09609375 0.06875
3 0.7640625 0.39609375 0.06015625 0.0828125
3 0.6453125 0.41015625 0.07421875 0.06328125
3 0.39453125 0.3703125 0.15703125 0.0765625
3 0.11640625 0.3125 0.07890625 0.04296875
3 0.21953125 0.328125 0.11328125 0.075
3 0.08515625 0.396875 0.11328125 0.065625
3 0.4234375 0.296875 0.11640625 0.06171875
3 0.6484375 0.31875 0.12421875 0.103125
3 0.80390625 0.32421875 0.11640625 0.06953125
3 0.92734375 0.384375 0.11171875 0.0953125
3 0.8734375 0.46796875 0.08828125 0.08046875
3 0.57578125 0.78828125 0.0828125 0.03828125
3 0.22890625 0.8015625 0.10625 0.04765625
3 0.2203125 0.409375 0.13515625 0.071875