3 0.29453125 0.69453125 0.040625 0.05859375
3 0.35703125 0.58359375 0.03359375 0.05078125
3 0.340625 0.6703125 0.0484375 0.05546875
3 0.21953125 0.6125 0.03515625 0.0484375
3 0.2578125 0.60859375 0.03984375 0.05234375
3 0.35234375 0.79921875 0.04609375 0.05390625
3 0.47890625 0.57734375 0.021875 0.04765625
3 0.80546875 0.17109375 0.04609375 0.08203125
3 0.1171875 0.3140625 0.0375 0.06015625
3 0.24140625 0.47890625 0.05234375 0.0625
3 0.1671875 0.1671875 0.03046875 0.04921875
3 0.79140625 0.66875 0.03671875 0.05859375
3 0.859375 0.2765625 0.04453125 0.06875