4 0.4609375 0.8203125 0.03046875 0.05078125
4 0.9375 0.6265625 0.021875 0.06953125
4 0.60234375 0.49765625 0.05390625 0.090625
4 0.6734375 0.44609375 0.05 0.0328125
4 0.8765625 0.4484375 0.0453125 0.09140625
4 0.2125 0.65703125 0.0296875 0.0640625
4 0.3015625 0.54296875 0.0375 0.0625
4 0.14453125 0.33671875 0.04375 0.02890625
4 0.7140625 0.44765625 0.009375 0.05546875
4 0.75 0.47421875 0.02265625 0.04453125
4 0.8125 0.521875 0.01640625 0.03671875
4 0.64375 0.60078125 0.02734375 0.046875
3 0.1546875 0.5453125 0.0484375 0.03984375
4 0.7859375 0.55234375 0.02109375 0.0375