2 0.5640625 0.31171875 0.0390625 0.065625
1 0.67578125 0.28515625 0.02421875 0.0375
1 0.56640625 0.246875 0.03515625 0.02578125
1 0.58515625 0.3953125 0.0234375 0.05703125
1 0.64765625 0.47265625 0.025 0.03671875
4 0.7765625 0.27890625 0.02578125 0.03359375
4 0.83046875 0.0421875 0.0296875 0.04765625
3 0.73046875 0.028125 0.1265625 0.05625
1 0.45 0.31484375 0.034375 0.0546875
1 0.51328125 0.28515625 0.03515625 0.0671875
1 0.48046875 0.4109375 0.04921875 0.03671875
3 0.453125 0.4375 0.034375 0.03828125
3 0.5 0.44921875 0.0390625 0.01875
3 0.3609375 0.41640625 0.04296875 0.05625
3 0.4640625 0.5390625 0.04609375 0.0640625
1 0.39609375 0.6375 0.01796875 0.0453125
3 0.48125 0.596875 0.0578125 0.04296875
3 0.503125 0.69296875 0.0421875 0.05703125
3 0.421875 0.790625 0.0296875 0.0421875
3 0.4046875 0.85 0.028125 0.03984375
1 0.54609375 0.8234375 0.01875 0.04765625
3 0.44140625 0.66171875 0.01640625 0.0453125
3 0.46015625 0.70078125 0.02109375 0.0328125
3 0.6078125 0.58984375 0.05234375 0.04609375
4 0.60703125 0.20859375 0.0171875 0.0234375
3 0.36015625 0.17421875 0.05703125 0.05390625
3 0.2265625 0.0421875 0.06015625 0.06484375
4 0.1296875 0.046875 0.01875 0.034375
4 0.15078125 0.23984375 0.0234375 0.03125
3 0.1953125 0.3421875 0.0359375 0.08984375
3 0.2765625 0.29375 0.02890625 0.03046875
0 0.22109375 0.22265625 0.01875 0.0359375
4 0.61875 0.09921875 0.0171875 0.03203125
5 0.68046875 0.14921875 0.01328125 0.01875
5 0.63984375 0.14609375 0.02109375 0.034375
3 0.7140625 0.21796875 0.046875 0.04140625
5 0.73203125 0.33515625 0.02578125 0.02734375