4 0.740625 0.7796875 0.03125 0.025
4 0.65546875 0.634375 0.028125 0.03125
4 0.6265625 0.75859375 0.03125 0.034375
4 0.48359375 0.73359375 0.06875 0.0515625
4 0.38359375 0.61953125 0.03125 0.0375
4 0.2125 0.62421875 0.03125 0.03125
4 0.11796875 0.615625 0.025 0.0265625
4 0.15 0.509375 0.0609375 0.0375
4 0.2640625 0.47890625 0.021875 0.021875
4 0.24296875 0.33203125 0.04375 0.059375
4 0.17265625 0.221875 0.03125 0.025
4 0.36015625 0.3359375 0.0375 0.0453125
4 0.5875 0.41875 0.034375 0.046875
4 0.73984375 0.66796875 0.03125 0.025
4 0.5953125 0.665625 0.065625 0.046875
4 0.56171875 0.2359375 0.0609375 0.03125