0 0.396875 0.36640625 0.02734375 0.04453125
0 0.584375 0.35625 0.028125 0.0453125
3 0.1734375 0.746875 0.04609375 0.04609375
0 0.0484375 0.21953125 0.04375 0.0453125
0 0.0625 0.21484375 0.00078125 0.00625
0 0.57109375 0.228125 0.03125 0.0328125
0 0.41171875 0.7421875 0.021875 0.03046875
0 0.49296875 0.73828125 0.0265625 0.025
0 0.4890625 0.56484375 0.01953125 0.02578125
0 0.5375 0.54375 0.0203125 0.02734375
0 0.396875 0.56171875 0.02265625 0.01875
0 0.39296875 0.62109375 0.0171875 0.02421875
0 0.3015625 0.40859375 0.02109375 0.0296875
0 0.4453125 0.2015625 0.01484375 0.01953125
0 0.53203125 0.60703125 0.0140625 0.01796875
0 0.59375 0.52265625 0.01875 0.02265625
0 0.66796875 0.5375 0.01640625 0.021875
0 0.28359375 0.53046875 0.01171875 0.0171875
0 0.4421875 0.4359375 0.01171875 0.0171875
0 0.39296875 0.43125 0.01796875 0.0234375
0 0.2921875 0.590625 0.0125 0.01796875
0 0.5609375 0.5796875 0.01640625 0.021875
0 0.48984375 0.7140625 0.0125 0.0171875
0 0.70625 0.3578125 0.01875 0.0265625
0 0.46796875 0.734375 0.01328125 0.0171875
0 0.26796875 0.36328125 0.01171875 0.0171875
0 0.4046875 0.70625 0.0125 0.0171875
0 0.390625 0.284375 0.01484375 0.0203125
0 0.33046875 0.18203125 0.0125 0.0203125
0 0.58671875 0.6453125 0.0140625 0.01796875
0 0.2984375 0.675 0.015625 0.02578125
0 0.63203125 0.3875 0.01796875 0.02421875
0 0.69453125 0.403125 0.01953125 0.028125
0 0.77421875 0.3484375 0.0140625 0.021875
0 0.571875 0.41171875 0.01796875 0.0234375
0 0.70546875 0.484375 0.01953125 0.0265625
0 0.30390625 0.1828125 0.0140625 0.0203125
0 0.73515625 0.14765625 0.015625 0.021875
0 0.33359375 0.13359375 0.0140625 0.0203125
0 0.1 0.23671875 0.01640625 0.025
0 0.58828125 0.73828125 0.0125 0.01640625
0 0.07578125 0.35234375 0.0109375 0.01875
0 0.4109375 0.5109375 0.01875 0.02265625
0 0.62421875 0.234375 0.01875 0.028125
0 0.35078125 0.02734375 0.015625 0.02265625
0 0.0796875 0.51484375 0.0140625 0.021875
0 0.14609375 0.09140625 0.0171875 0.025
0 0.2765625 0.7625 0.0140625 0.01953125
0 0.55546875 0.08046875 0.01875 0.0265625
0 0.88359375 0.33515625 0.01953125 0.03203125
0 0.1375 0.01875 0.01328125 0.01953125
3 0.3625 0.77890625 0.02578125 0.0296875
3 0.46171875 0.26640625 0.0546875 0.07109375
0 0.33984375 0.7171875 0.01171875 0.0140625
0 0.425 0.65 0.01171875 0.02109375
3 0.05078125 0.7078125 0.03671875 0.046875