0 0.43359375 0.37578125 0.0359375 0.05546875
0 0.53984375 0.22734375 0.03515625 0.04296875
0 0.57734375 0.75 0.03984375 0.05234375
0 0.40390625 0.496875 0.028125 0.03515625
0 0.409375 0.66953125 0.03359375 0.0421875
0 0.49921875 0.72578125 0.02734375 0.03671875
0 0.3421875 0.565625 0.025 0.0296875
0 0.38984375 0.5921875 0.0234375 0.0375
0 0.609375 0.28125 0.03515625 0.0390625
0 0.5875 0.0640625 0.02734375 0.04296875
0 0.65546875 0.46015625 0.01015625 0.015625
0 0.7046875 0.29375 0.01171875 0.0171875
0 0.6265625 0.53671875 0.009375 0.0171875
0 0.2265625 0.1796875 0.0125 0.01640625
0 0.48984375 0.603125 0.009375 0.015625
0 0.68125 0.7546875 0.0171875 0.0234375
0 0.8078125 0.471875 0.01328125 0.0203125
0 0.16015625 0.0640625 0.01484375 0.0203125
0 0.70546875 0.35078125 0.009375 0.0140625
0 0.98671875 0.3109375 0.01171875 0.01640625
0 0.66484375 0.0875 0.01875 0.02578125
0 0.70390625 0.09453125 0.0171875 0.0234375
0 0.5171875 0.56953125 0.009375 0.01484375
0 0.69453125 0.58359375 0.00859375 0.0171875
0 0.6078125 0.428125 0.01484375 0.02109375
0 0.37421875 0.21796875 0.0328125 0.05