4 0.95390625 0.6625 0.05625 0.05625
4 0.2765625 0.7953125 0.04375 0.0484375
4 0.4296875 0.55625 0.040625 0.0453125
4 0.715625 0.44609375 0.040625 0.0453125
4 0.65390625 0.4046875 0.034375 0.040625
4 0.290625 0.246875 0.028125 0.0328125
4 0.471875 0.1578125 0.09375 0.10625
4 0.52578125 0.22265625 0.0375 0.0421875
4 0.61640625 0.17890625 0.0515625 0.053125
4 0.6640625 0.2578125 0.04375 0.0375
4 0.1 0.9 0.0390625 0.040625
4 0.18046875 0.81171875 0.0375 0.0328125
4 0.7171875 0.27421875 0.028125 0.03125
4 0.8890625 0.6078125 0.0453125 0.04375