4 0.04609375 0.6625 0.05625 0.05625
4 0.7234375 0.7953125 0.04375 0.0484375
4 0.5703125 0.55625 0.040625 0.0453125
4 0.284375 0.44609375 0.040625 0.0453125
4 0.34609375 0.4046875 0.034375 0.040625
4 0.709375 0.246875 0.028125 0.0328125
4 0.528125 0.1578125 0.09375 0.10625
4 0.47421875 0.22265625 0.0375 0.0421875
4 0.38359375 0.17890625 0.0515625 0.053125
4 0.3359375 0.2578125 0.04375 0.0375
4 0.9 0.9 0.0390625 0.040625
4 0.81953125 0.81171875 0.0375 0.0328125
4 0.2828125 0.27421875 0.028125 0.03125
4 0.1109375 0.6078125 0.0453125 0.04375