0 0.39765625 0.32265625 0.0390625 0.05390625
0 0.1984375 0.66953125 0.0390625 0.04140625
0 0.29375 0.66015625 0.04375 0.04765625
0 0.49609375 0.83515625 0.03671875 0.04765625
0 0.57890625 0.48515625 0.04296875 0.05625
0 0.765625 0.38984375 0.0296875 0.04765625
0 0.09453125 0.09453125 0.0359375 0.04921875
0 0.16171875 0.02890625 0.0296875 0.05234375
0 0.26875 0.12890625 0.0375 0.04765625
0 0.715625 0.98203125 0.02890625 0.0359375
0 0.38359375 0.5484375 0.02421875 0.034375
0 0.23515625 0.53046875 0.0359375 0.05078125
0 0.26875 0.44375 0.01953125 0.02890625
0 0.38515625 0.7625 0.025 0.03125
0 0.6546875 0.4828125 0.01953125 0.03046875