4 0.49765625 0.59140625 0.0578125 0.06875
4 0.265625 0.71015625 0.034375 0.0375
4 0.34296875 0.71875 0.034375 0.0375
4 0.39765625 0.76875 0.04375 0.09375
4 0.3328125 0.83359375 0.05625 0.0515625
4 0.2125 0.86953125 0.0875 0.08125
4 0.328125 0.94140625 0.0734375 0.0515625
4 0.29453125 0.87421875 0.0390625 0.040625
4 0.415625 0.9578125 0.0484375 0.065625
4 0.4859375 0.8375 0.071875 0.0671875
4 0.51484375 0.9546875 0.0421875 0.059375
4 0.57578125 0.8546875 0.078125 0.0859375
4 0.5 0.6703125 0.040625 0.040625
4 0.5421875 0.6453125 0.04375 0.04375
4 0.58984375 0.50234375 0.0765625 0.075
4 0.61015625 0.190625 0.03125 0.0265625
4 0.38515625 0.2953125 0.0296875 0.028125
4 0.41953125 0.32890625 0.025 0.021875
4 0.35859375 0.5265625 0.034375 0.034375
4 0.2046875 0.53515625 0.0375 0.0421875
4 0.29921875 0.48046875 0.025 0.025
4 0.66171875 0.25 0.034375 0.0375