0 0.065625 0.03828125 0.02734375 0.03671875
0 0.33125 0.86328125 0.0296875 0.03203125
0 0.72578125 0.58359375 0.028125 0.02890625
0 0.60703125 0.496875 0.02890625 0.028125
0 0.228125 0.6359375 0.02890625 0.034375
0 0.33671875 0.18671875 0.028125 0.0359375
0 0.7421875 0.41640625 0.04296875 0.05234375
0 0.4171875 0.4953125 0.03515625 0.03671875
0 0.40078125 0.5828125 0.025 0.025
0 0.790625 0.665625 0.021875 0.025
0 0.9203125 0.42890625 0.0328125 0.03828125
0 0.63671875 0.81875 0.0203125 0.0234375
0 0.24453125 0.3171875 0.0671875 0.08984375
0 0.6765625 0.7078125 0.021875 0.02578125
0 0.3359375 0.646875 0.03203125 0.0328125
0 0.8234375 0.14921875 0.04765625 0.05546875
0 0.7171875 0.22265625 0.034375 0.034375
0 0.3359375 0.7234375 0.0296875 0.0296875
0 0.4390625 0.9265625 0.02421875 0.0328125
0 0.225 0.45859375 0.02734375 0.028125
0 0.67734375 0.81484375 0.0203125 0.02578125
0 0.746875 0.753125 0.02421875 0.028125
0 0.93046875 0.3265625 0.0265625 0.03828125
0 0.5046875 0.15078125 0.02421875 0.028125
0 0.63125 0.7 0.03046875 0.0359375
0 0.22578125 0.7015625 0.025 0.0296875
0 0.2984375 0.1109375 0.03125 0.04296875
0 0.2625 0.25703125 0.0265625 0.0265625
0 0.1671875 0.70625 0.02265625 0.03203125
0 0.34609375 0.5515625 0.0265625 0.028125
0 0.92265625 0.79765625 0.021875 0.028125
0 0.60234375 0.11640625 0.025 0.0296875
0 0.240625 0.78046875 0.02265625 0.025
0 0.72109375 0.659375 0.02578125 0.03203125
0 0.865625 0.6734375 0.0234375 0.03671875
0 0.63125 0.89765625 0.025 0.028125