0 0.38515625 0.2921875 0.034375 0.0328125
0 0.653125 0.5265625 0.02109375 0.025
0 0.353125 0.1390625 0.0265625 0.03125
0 0.8625 0.32578125 0.02890625 0.0359375
0 0.0625 0.903125 0.01796875 0.025
0 0.89140625 0.6046875 0.0296875 0.03515625
0 0.55078125 0.9171875 0.021875 0.02578125
0 0.85625 0.6953125 0.02578125 0.02890625
0 0.98359375 0.21875 0.025 0.03046875
0 0.5125 0.21875 0.02421875 0.0265625
0 0.60625 0.4078125 0.0265625 0.0359375
0 0.5046875 0.9328125 0.02109375 0.02578125
0 0.71328125 0.79375 0.021875 0.0265625
0 0.015625 0.44765625 0.01875 0.0296875
0 0.15078125 0.0328125 0.02890625 0.0359375
0 0.5171875 0.45625 0.01875 0.0265625
0 0.2984375 0.8484375 0.01875 0.028125
0 0.56328125 0.39453125 0.03203125 0.03984375
0 0.18359375 0.0765625 0.0359375 0.0359375
0 0.909375 0.43671875 0.02265625 0.02734375
0 0.32421875 0.696875 0.03046875 0.0359375
0 0.55546875 0.578125 0.0234375 0.02890625
0 0.2546875 0.3890625 0.03125 0.03515625
0 0.0890625 0.60859375 0.0203125 0.02578125
0 0.05859375 0.0796875 0.03046875 0.040625
0 0.13515625 0.21484375 0.021875 0.02578125
0 0.20625 0.82890625 0.01875 0.02734375
0 0.8640625 0.9328125 0.03671875 0.046875
0 0.034375 0.94765625 0.02265625 0.03203125
0 0.79375 0.93671875 0.01875 0.0234375
0 0.634375 0.96953125 0.01640625 0.025
0 0.60859375 0.7484375 0.0203125 0.0296875
0 0.85546875 0.05625 0.01875 0.0234375
0 0.93828125 0.040625 0.02265625 0.02578125
0 0.5875 0.29921875 0.02578125 0.0375
0 0.18671875 0.5484375 0.02109375 0.028125
0 0.52265625 0.775 0.046875 0.05
0 0.67890625 0.2265625 0.02578125 0.0296875
0 0.4625 0.68828125 0.02109375 0.02734375
0 0.27578125 0.29296875 0.02109375 0.02421875
0 0.58125 0.06640625 0.021875 0.025
0 0.99609375 0.92109375 0.00703125 0.02578125
0 0.90625 0.76484375 0.0265625 0.040625
0 0.16796875 0.86796875 0.01953125 0.028125
0 0.75 0.01953125 0.021875 0.02421875
0 0.9609375 0.69609375 0.0453125 0.0640625
0 0.63828125 0.6734375 0.0375 0.046875
0 0.4125 0.0671875 0.021875 0.0296875
0 0.3390625 0.98125 0.01640625 0.02578125
0 0.9828125 0.34375 0.01875 0.02578125
0 0.75625 0.9421875 0.0296875 0.028125
0 0.67265625 0.05546875 0.0328125 0.07109375
0 0.98359375 0.38515625 0.0234375 0.10078125