0 0.309375 0.37890625 0.0125 0.0140625
0 0.54375 0.45234375 0.01171875 0.01640625
0 0.721875 0.26328125 0.0109375 0.015625
0 0.20234375 0.38515625 0.01328125 0.0171875
0 0.32734375 0.796875 0.01171875 0.0140625
0 0.834375 0.5328125 0.015625 0.015625
0 0.95703125 0.36171875 0.0109375 0.01640625
0 0.88125 0.196875 0.01171875 0.01796875
0 0.82109375 0.78203125 0.01328125 0.01875
0 0.41015625 0.24375 0.0171875 0.021875
0 0.1890625 0.91015625 0.0125 0.015625
0 0.303125 0.70703125 0.0140625 0.02578125
0 0.41953125 0.95234375 0.0125 0.0140625
0 0.8875 0.625 0.01171875 0.0171875
0 0.41953125 0.896875 0.01484375 0.0203125
0 0.93046875 0.1171875 0.01484375 0.0203125
0 0.49453125 0.7140625 0.02265625 0.03125
0 0.67578125 0.9796875 0.01328125 0.0203125
0 0.459375 0.3296875 0.01875 0.0203125
0 0.35390625 0.328125 0.01484375 0.0234375
0 0.38046875 0.53046875 0.0125 0.01328125
0 0.603125 0.609375 0.01484375 0.02734375
0 0.46953125 0.871875 0.0125 0.02421875
0 0.7359375 0.35078125 0.01640625 0.02890625
0 0.55546875 0.621875 0.028125 0.03046875
0 0.43046875 0.85625 0.01875 0.02890625
0 0.3703125 0.05546875 0.0171875 0.025
0 0.909375 0.32109375 0.02421875 0.03515625
0 0.3921875 0.9859375 0.0171875 0.01875
0 0.546875 0.9953125 0.015625 0.009375
0 0.10859375 0.48671875 0.0265625 0.0390625
0 0.38984375 0.71015625 0.0171875 0.02265625
0 0.9109375 0.8484375 0.02890625 0.03125
0 0.1453125 0.8234375 0.01796875 0.03203125
0 0.01328125 0.89609375 0.0109375 0.021875
0 0.01796875 0.36171875 0.021875 0.040625
0 0.1734375 0.01171875 0.01796875 0.0234375
0 0.24296875 0.87109375 0.03203125 0.0359375