0 0.23046875 0.37890625 0.0796875 0.06875
0 0.82890625 0.634375 0.10078125 0.1
0 0.7390625 0.48984375 0.0875 0.12890625
0 0.53203125 0.971875 0.08203125 0.05625
0 0.08515625 0.84609375 0.0890625 0.0859375
0 0.43515625 0.67734375 0.05 0.04140625
0 0.37421875 0.76484375 0.02734375 0.03984375
0 0.61171875 0.4328125 0.025 0.03359375
0 0.58046875 0.46015625 0.08046875 0.103125
0 0.2046875 0.57421875 0.03203125 0.05078125
0 0.3609375 0.19609375 0.0875 0.11328125
0 0.03515625 0.60234375 0.03046875 0.03984375
0 0.3515625 0.1390625 0.02421875 0.03671875
0 0.16953125 0.790625 0.01796875 0.02734375
0 0.59765625 0.225 0.08671875 0.109375
0 0.03046875 0.665625 0.05390625 0.1203125
0 0.5015625 0.19765625 0.06796875 0.075
0 0.38125 0.4953125 0.0515625 0.065625
0 0.91015625 0.83671875 0.065625 0.0875