4 0.30546875 0.4015625 0.053125 0.0484375
4 0.18828125 0.68828125 0.0390625 0.0515625
4 0.1875 0.7375 0.0328125 0.028125
4 0.6640625 0.68984375 0.034375 0.03125
4 0.66328125 0.5734375 0.0359375 0.0359375
4 0.75546875 0.640625 0.0375 0.028125
4 0.79609375 0.7265625 0.03125 0.03125
4 0.89375 0.690625 0.046875 0.0515625
4 0.8671875 0.5484375 0.040625 0.0515625
4 0.63359375 0.7671875 0.0296875 0.05625
4 0.690625 0.8359375 0.05625 0.034375
4 0.221875 0.61484375 0.040625 0.034375
4 0.19609375 0.6421875 0.028125 0.025
4 0.8796875 0.74375 0.03125 0.025
4 0.8140625 0.53046875 0.040625 0.0375
4 0.79296875 0.62734375 0.0359375 0.034375
4 0.76171875 0.86640625 0.034375 0.025