4 0.69453125 0.4015625 0.0546875 0.0484375
4 0.81171875 0.68828125 0.0390625 0.0515625
4 0.8125 0.7375 0.0328125 0.028125
4 0.3359375 0.68984375 0.034375 0.0328125
4 0.33671875 0.5734375 0.0359375 0.0359375
4 0.24453125 0.640625 0.0375 0.028125
4 0.20390625 0.7265625 0.0328125 0.03125
4 0.10625 0.690625 0.046875 0.0515625
4 0.1328125 0.5484375 0.040625 0.0515625
4 0.36640625 0.7671875 0.0296875 0.05625
4 0.309375 0.8359375 0.0578125 0.0359375
4 0.778125 0.61484375 0.040625 0.034375
4 0.80390625 0.6421875 0.028125 0.025
4 0.1203125 0.74375 0.03125 0.0265625
4 0.1859375 0.53046875 0.040625 0.0359375
4 0.20703125 0.62734375 0.0359375 0.034375
4 0.23828125 0.86640625 0.034375 0.0265625