4 0.18203125 0.57109375 0.0484375 0.053125
4 0.26171875 0.8265625 0.04375 0.046875
4 0.3359375 0.871875 0.028125 0.025
4 0.3078125 0.6484375 0.0359375 0.034375
4 0.15390625 0.8203125 0.0375 0.034375
4 0.2046875 0.75625 0.034375 0.0328125
4 0.053125 0.84140625 0.040625 0.0375
4 0.0515625 0.75625 0.0265625 0.0265625
4 0.484375 0.74375 0.0375 0.0359375
4 0.54609375 0.759375 0.025 0.0234375
4 0.45 0.88671875 0.0578125 0.05
4 0.56953125 0.83828125 0.03125 0.025
4 0.50078125 0.5765625 0.028125 0.03125
4 0.5765625 0.5921875 0.0265625 0.0234375
4 0.55546875 0.63828125 0.0296875 0.025
4 0.4390625 0.61640625 0.0375 0.04375
4 0.3640625 0.3640625 0.025 0.028125
4 0.0890625 0.878125 0.03125 0.028125
4 0.68046875 0.815625 0.021875 0.021875