4 0.81796875 0.42890625 0.0484375 0.053125
4 0.73828125 0.1734375 0.04375 0.046875
4 0.6640625 0.128125 0.028125 0.025
4 0.6921875 0.3515625 0.0359375 0.034375
4 0.84609375 0.1796875 0.0375 0.034375
4 0.7953125 0.24375 0.034375 0.0328125
4 0.946875 0.15859375 0.040625 0.0375
4 0.9484375 0.24375 0.0265625 0.0265625
4 0.515625 0.25625 0.0375 0.0359375
4 0.45390625 0.240625 0.025 0.0234375
4 0.55 0.11328125 0.0578125 0.05
4 0.43046875 0.16171875 0.03125 0.025
4 0.49921875 0.4234375 0.028125 0.03125
4 0.4234375 0.4078125 0.0265625 0.0234375
4 0.44453125 0.36171875 0.0296875 0.025
4 0.5609375 0.38359375 0.0375 0.04375
4 0.6359375 0.6359375 0.025 0.028125
4 0.9109375 0.121875 0.03125 0.028125
4 0.31953125 0.184375 0.021875 0.021875