4 0.34609375 0.28125 0.0421875 0.0484375
4 0.33984375 0.0890625 0.0375 0.04375
4 0.353125 0.36328125 0.040625 0.0515625
4 0.2515625 0.5203125 0.06875 0.0703125
4 0.38046875 0.4203125 0.0359375 0.0375
4 0.43671875 0.4203125 0.0390625 0.0375
4 0.20625 0.2765625 0.0375 0.040625
4 0.271875 0.13671875 0.025 0.03125
4 0.44765625 0.08125 0.0375 0.028125
4 0.53671875 0.14453125 0.0890625 0.103125
4 0.609375 0.21015625 0.053125 0.0734375
4 0.65078125 0.15859375 0.034375 0.0359375
4 0.684375 0.20703125 0.03125 0.0328125
4 0.47578125 0.3421875 0.0515625 0.06875
4 0.528125 0.29296875 0.03125 0.03125
4 0.6078125 0.31171875 0.04375 0.0609375
4 0.371875 0.1875 0.0359375 0.04375
4 0.13828125 0.3015625 0.059375 0.05
4 0.10859375 0.37421875 0.0390625 0.053125
4 0.16953125 0.36875 0.0328125 0.03125
4 0.20703125 0.5015625 0.046875 0.0375
4 0.1828125 0.57734375 0.046875 0.046875
4 0.15234375 0.68671875 0.0453125 0.04375
4 0.32109375 0.5671875 0.0703125 0.08125
4 0.33125 0.6546875 0.06875 0.0484375
4 0.4125 0.62890625 0.0484375 0.0515625
4 0.5140625 0.546875 0.0953125 0.153125
4 0.3953125 0.684375 0.0375 0.0375
4 0.58984375 0.65546875 0.06875 0.0515625
4 0.50390625 0.6625 0.0328125 0.028125
4 0.58984375 0.52734375 0.0375 0.0359375
4 0.6484375 0.52734375 0.03125 0.0359375
4 0.659375 0.47734375 0.0375 0.034375
4 0.796875 0.50078125 0.0375 0.0390625
4 0.90078125 0.665625 0.0890625 0.040625
4 0.9203125 0.76875 0.0328125 0.0390625
4 0.76640625 0.621875 0.0390625 0.040625
4 0.734375 0.60078125 0.04375 0.0421875
4 0.7 0.565625 0.05 0.0390625
4 0.64375 0.56171875 0.0375 0.0328125
4 0.85703125 0.253125 0.059375 0.06875
4 0.7265625 0.09453125 0.0421875 0.046875
4 0.775 0.30703125 0.0953125 0.1015625
4 0.703125 0.3671875 0.034375 0.0359375
4 0.6421875 0.415625 0.0515625 0.046875
4 0.97421875 0.5359375 0.0515625 0.059375
4 0.815625 0.7484375 0.046875 0.0625
4 0.52578125 0.83203125 0.03125 0.0296875
4 0.11640625 0.60390625 0.0265625 0.03125
4 0.140625 0.5203125 0.0296875 0.053125
4 0.29921875 0.02578125 0.0484375 0.0484375
4 0.95 0.41015625 0.0640625 0.0578125
4 0.98359375 0.4734375 0.0328125 0.0421875
4 0.82734375 0.640625 0.0625 0.0484375