4 0.71875 0.65390625 0.046875 0.0421875
4 0.9109375 0.66015625 0.04375 0.0375
4 0.63671875 0.646875 0.05 0.040625
4 0.4796875 0.7484375 0.06875 0.06875
4 0.5796875 0.61953125 0.0375 0.0359375
4 0.5796875 0.56328125 0.0375 0.0390625
4 0.7234375 0.79375 0.040625 0.0375
4 0.86328125 0.728125 0.03125 0.025
4 0.91875 0.55234375 0.028125 0.0375
4 0.85546875 0.46328125 0.103125 0.0890625
4 0.78984375 0.390625 0.0734375 0.053125
4 0.84140625 0.34921875 0.0359375 0.034375
4 0.79296875 0.315625 0.0328125 0.03125
4 0.6578125 0.52421875 0.06875 0.05
4 0.70703125 0.471875 0.03125 0.03125
4 0.68828125 0.3921875 0.059375 0.04375
4 0.8125 0.628125 0.04375 0.034375
4 0.6984375 0.86171875 0.05 0.059375
4 0.62578125 0.89140625 0.053125 0.0390625
4 0.63125 0.83046875 0.03125 0.034375
4 0.4984375 0.79296875 0.0375 0.046875
4 0.42265625 0.8171875 0.046875 0.046875
4 0.31328125 0.84765625 0.04375 0.0453125
4 0.4328125 0.67890625 0.08125 0.071875
4 0.3453125 0.66875 0.046875 0.06875
4 0.37109375 0.5875 0.0515625 0.046875
4 0.453125 0.4859375 0.153125 0.09375
4 0.315625 0.6046875 0.0375 0.0375
4 0.34453125 0.41015625 0.053125 0.06875
4 0.3375 0.49609375 0.028125 0.0328125
4 0.47265625 0.41015625 0.0359375 0.0375
4 0.47265625 0.3515625 0.0359375 0.03125
4 0.52265625 0.340625 0.034375 0.0375
4 0.49921875 0.203125 0.0390625 0.0375
4 0.334375 0.09921875 0.040625 0.0890625
4 0.23125 0.0796875 0.0375 0.03125
4 0.378125 0.23359375 0.040625 0.0390625
4 0.39921875 0.265625 0.040625 0.04375
4 0.434375 0.3 0.0375 0.05
4 0.43828125 0.35625 0.0328125 0.0375
4 0.746875 0.14296875 0.06875 0.059375
4 0.90546875 0.2734375 0.046875 0.040625
4 0.69296875 0.225 0.1 0.09375
4 0.6328125 0.296875 0.034375 0.034375
4 0.584375 0.3578125 0.046875 0.05
4 0.4640625 0.02578125 0.059375 0.0515625
4 0.2515625 0.184375 0.0625 0.046875
4 0.16796875 0.47421875 0.0296875 0.03125
4 0.39609375 0.88359375 0.03125 0.0265625
4 0.4796875 0.859375 0.053125 0.028125
4 0.97421875 0.70078125 0.0484375 0.05
4 0.58984375 0.05 0.0578125 0.0625
4 0.5265625 0.01640625 0.040625 0.0328125
4 0.359375 0.17265625 0.046875 0.0625