4 0.79140625 0.56015625 0.03125 0.0265625
4 0.8546875 0.534375 0.03125 0.0296875
4 0.71015625 0.8671875 0.028125 0.028125
4 0.68046875 0.77109375 0.078125 0.0625
4 0.6234375 0.671875 0.0296875 0.028125
4 0.7890625 0.71171875 0.025 0.021875
4 0.63203125 0.5484375 0.05 0.06875
4 0.621875 0.478125 0.021875 0.0234375
4 0.540625 0.5234375 0.028125 0.03125
4 0.4671875 0.5671875 0.0328125 0.046875
4 0.50625 0.46171875 0.021875 0.025
4 0.53359375 0.4234375 0.028125 0.025
4 0.509375 0.3296875 0.021875 0.021875
4 0.51796875 0.3625 0.021875 0.0234375
4 0.45234375 0.41015625 0.053125 0.0796875
4 0.49296875 0.73203125 0.025 0.0234375
4 0.53828125 0.7390625 0.025 0.025
4 0.46015625 0.6359375 0.025 0.021875
4 0.56015625 0.646875 0.025 0.025
4 0.38125 0.2953125 0.0328125 0.034375
4 0.3578125 0.48046875 0.0375 0.0375
4 0.2828125 0.5609375 0.028125 0.025
4 0.2359375 0.58515625 0.021875 0.0234375
4 0.25859375 0.3890625 0.03125 0.028125
4 0.2625 0.44609375 0.0359375 0.040625
4 0.29140625 0.49765625 0.03125 0.0515625
4 0.32578125 0.509375 0.0171875 0.0203125
4 0.34375 0.55625 0.021875 0.025
4 0.38125 0.52421875 0.015625 0.0140625
4 0.29140625 0.1625 0.028125 0.03125
4 0.290625 0.30625 0.01875 0.01875
4 0.34296875 0.67734375 0.0296875 0.028125
4 0.3921875 0.57109375 0.01875 0.0125
4 0.45078125 0.515625 0.01875 0.015625
4 0.43359375 0.471875 0.01875 0.01875
4 0.3359375 0.4265625 0.01875 0.0171875