4 0.1578125 0.24453125 0.021875 0.021875
4 0.221875 0.17734375 0.0265625 0.034375
4 0.2890625 0.321875 0.0578125 0.0390625
4 0.25859375 0.3640625 0.0234375 0.028125
4 0.2359375 0.42578125 0.0375 0.01875
4 0.35390625 0.34921875 0.05625 0.053125
4 0.3375 0.40546875 0.01875 0.0234375
4 0.3671875 0.41015625 0.025 0.03125
4 0.40234375 0.3890625 0.03125 0.0265625
4 0.38828125 0.43671875 0.0296875 0.0375
4 0.46875 0.353125 0.0578125 0.0828125
4 0.4171875 0.36484375 0.025 0.0328125
4 0.384375 0.26328125 0.0203125 0.0203125
4 0.36875 0.228125 0.025 0.025
4 0.275 0.1703125 0.021875 0.0203125
4 0.33359375 0.090625 0.0546875 0.0296875
4 0.35859375 0.05703125 0.0234375 0.025
4 0.33671875 0.01796875 0.034375 0.0328125
4 0.428125 0.0546875 0.028125 0.0234375
4 0.35859375 0.175 0.0203125 0.0203125
4 0.44296875 0.21171875 0.0296875 0.04375
4 0.4734375 0.18359375 0.01875 0.021875
4 0.46796875 0.09765625 0.0234375 0.028125
4 0.47265625 0.0703125 0.0203125 0.0234375
4 0.503125 0.0796875 0.0203125 0.021875
4 0.5234375 0.13125 0.040625 0.05
4 0.55234375 0.10234375 0.0265625 0.0265625
4 0.57421875 0.13046875 0.01875 0.021875
4 0.5984375 0.06015625 0.03125 0.03125
4 0.5265625 0.1953125 0.0234375 0.0375
4 0.55625 0.28125 0.0265625 0.0546875
4 0.5140625 0.3296875 0.0234375 0.021875
4 0.64296875 0.3140625 0.0234375 0.0234375
4 0.55078125 0.34140625 0.0203125 0.0390625
4 0.57734375 0.3515625 0.0203125 0.0171875
4 0.61328125 0.3796875 0.0421875 0.03125
4 0.4578125 0.4171875 0.025 0.0234375
4 0.4765625 0.51875 0.01875 0.0203125
4 0.64609375 0.4609375 0.040625 0.0265625
4 0.70546875 0.4171875 0.053125 0.028125
4 0.66953125 0.39453125 0.0203125 0.0203125
4 0.58203125 0.4078125 0.0234375 0.0234375
4 0.675 0.334375 0.01875 0.0140625
4 0.62734375 0.1796875 0.0515625 0.0421875
4 0.67734375 0.153125 0.0375 0.04375
4 0.7703125 0.15078125 0.01875 0.021875
4 0.828125 0.234375 0.05 0.0484375
4 0.76015625 0.246875 0.0453125 0.0265625
4 0.753125 0.33671875 0.034375 0.0484375
4 0.79375 0.3671875 0.0234375 0.0234375
4 0.7203125 0.4796875 0.0203125 0.0203125
4 0.5953125 0.26328125 0.01875 0.0203125
4 0.678125 0.25546875 0.03125 0.021875
4 0.86484375 0.2703125 0.028125 0.0328125
4 0.76171875 0.29609375 0.0296875 0.0265625
4 0.83125 0.378125 0.0328125 0.028125
4 0.38046875 0.121875 0.025 0.0296875
4 0.7234375 0.1875 0.0671875 0.0390625
4 0.63125 0.23125 0.0203125 0.0234375