4 0.8421875 0.24453125 0.021875 0.021875
4 0.778125 0.17734375 0.025 0.034375
4 0.7109375 0.321875 0.0578125 0.0390625
4 0.74140625 0.3640625 0.0234375 0.028125
4 0.7640625 0.42578125 0.0375 0.01875
4 0.64609375 0.34921875 0.05625 0.053125
4 0.6625 0.40546875 0.01875 0.021875
4 0.6328125 0.41015625 0.025 0.03125
4 0.59765625 0.3890625 0.03125 0.0265625
4 0.61171875 0.43671875 0.0296875 0.0375
4 0.53125 0.353125 0.0578125 0.0828125
4 0.5828125 0.36484375 0.025 0.0328125
4 0.615625 0.26328125 0.01875 0.0203125
4 0.63125 0.228125 0.025 0.025
4 0.725 0.1703125 0.021875 0.01875
4 0.66640625 0.090625 0.0546875 0.028125
4 0.64140625 0.05703125 0.021875 0.025
4 0.66328125 0.01796875 0.034375 0.03125
4 0.571875 0.0546875 0.028125 0.021875
4 0.64140625 0.175 0.0203125 0.01875
4 0.55703125 0.21171875 0.028125 0.04375
4 0.5265625 0.18359375 0.01875 0.021875
4 0.53203125 0.09765625 0.021875 0.028125
4 0.52734375 0.0703125 0.0203125 0.0234375
4 0.496875 0.0796875 0.01875 0.021875
4 0.4765625 0.13125 0.040625 0.05
4 0.44765625 0.10234375 0.025 0.025
4 0.42578125 0.13046875 0.01875 0.021875
4 0.4015625 0.06015625 0.03125 0.03125
4 0.4734375 0.1953125 0.025 0.0375
4 0.44375 0.28125 0.025 0.053125
4 0.4859375 0.3296875 0.0234375 0.021875
4 0.35703125 0.3140625 0.021875 0.0234375
4 0.44921875 0.34140625 0.01875 0.0375
4 0.42265625 0.3515625 0.0203125 0.0171875
4 0.38671875 0.3796875 0.040625 0.03125
4 0.5421875 0.4171875 0.025 0.0234375
4 0.5234375 0.51875 0.01875 0.01875
4 0.35390625 0.4609375 0.040625 0.025
4 0.29453125 0.4171875 0.053125 0.028125
4 0.33046875 0.39453125 0.021875 0.01875
4 0.41796875 0.4078125 0.021875 0.021875
4 0.325 0.334375 0.01875 0.0140625
4 0.37265625 0.1796875 0.05 0.040625
4 0.32265625 0.153125 0.0375 0.04375
4 0.2296875 0.15078125 0.01875 0.021875
4 0.171875 0.234375 0.05 0.0484375
4 0.23984375 0.246875 0.0453125 0.025
4 0.246875 0.33671875 0.034375 0.0484375
4 0.20625 0.3671875 0.021875 0.021875
4 0.2796875 0.4796875 0.021875 0.0203125
4 0.4046875 0.26328125 0.01875 0.01875
4 0.321875 0.25546875 0.03125 0.021875
4 0.13515625 0.2703125 0.028125 0.0328125
4 0.23828125 0.29609375 0.028125 0.025
4 0.16875 0.378125 0.0328125 0.028125
4 0.61953125 0.121875 0.025 0.028125
4 0.2765625 0.1875 0.06875 0.0390625
4 0.36875 0.23125 0.0203125 0.0234375