4 0.94140625 0.5234375 0.046875 0.04375
4 0.89296875 0.38359375 0.0296875 0.0296875
4 0.871875 0.43046875 0.028125 0.028125
4 0.7875 0.75703125 0.0578125 0.0515625
4 0.65546875 0.8796875 0.0375 0.0375
4 0.5578125 0.80234375 0.03125 0.03125
4 0.7125 0.6125 0.0296875 0.0296875
4 0.72265625 0.67890625 0.0328125 0.028125
4 0.62578125 0.67578125 0.096875 0.096875
4 0.51953125 0.59921875 0.0859375 0.05625
4 0.7765625 0.49296875 0.0375 0.03125
4 0.81953125 0.48515625 0.0375 0.0375
4 0.85390625 0.55546875 0.06875 0.0625
4 0.8390625 0.409375 0.0328125 0.03125
4 0.85078125 0.3140625 0.1 0.0875
4 0.88671875 0.05859375 0.0375 0.0375
4 0.60859375 0.43203125 0.040625 0.04375
4 0.440625 0.44453125 0.065625 0.040625
4 0.51796875 0.53984375 0.0390625 0.0375
4 0.38671875 0.50390625 0.040625 0.040625
4 0.3375 0.41015625 0.0671875 0.065625
4 0.1734375 0.4046875 0.0375 0.028125
4 0.325 0.221875 0.0671875 0.05625
4 0.33671875 0.2921875 0.040625 0.040625
4 0.53125 0.18125 0.046875 0.040625
4 0.75703125 0.41953125 0.04375 0.040625
4 0.70859375 0.1359375 0.0328125 0.0515625
4 0.9265625 0.215625 0.0390625 0.04375