4 0.5234375 0.05859375 0.04375 0.0484375
4 0.38359375 0.10703125 0.0296875 0.0296875
4 0.43046875 0.128125 0.0296875 0.0296875
4 0.75703125 0.2125 0.0515625 0.0578125
4 0.8796875 0.34453125 0.0375 0.0390625
4 0.80234375 0.4421875 0.03125 0.0328125
4 0.6125 0.2875 0.0296875 0.0296875
4 0.67890625 0.27734375 0.028125 0.0328125
4 0.67578125 0.37421875 0.096875 0.096875
4 0.59921875 0.48046875 0.05625 0.0859375
4 0.49296875 0.2234375 0.0328125 0.0375
4 0.48515625 0.18046875 0.0375 0.0375
4 0.55546875 0.14609375 0.0625 0.0671875
4 0.409375 0.1609375 0.0328125 0.0328125
4 0.3140625 0.14921875 0.0875 0.1
4 0.05859375 0.11328125 0.0375 0.0375
4 0.43203125 0.39140625 0.04375 0.0421875
4 0.44453125 0.559375 0.040625 0.0671875
4 0.53984375 0.48203125 0.0390625 0.0390625
4 0.50390625 0.61328125 0.040625 0.040625
4 0.41015625 0.6625 0.065625 0.0671875
4 0.4046875 0.8265625 0.0296875 0.0390625
4 0.221875 0.675 0.05625 0.0671875
4 0.2921875 0.66328125 0.0390625 0.0390625
4 0.18125 0.46875 0.040625 0.0484375
4 0.41953125 0.24296875 0.0390625 0.04375
4 0.1359375 0.29140625 0.0515625 0.0328125
4 0.215625 0.0734375 0.04375 0.0390625