4 0.05859375 0.4765625 0.046875 0.04375
4 0.10703125 0.61640625 0.0296875 0.0296875
4 0.128125 0.56953125 0.028125 0.028125
4 0.2125 0.24296875 0.0578125 0.0515625
4 0.34453125 0.1203125 0.0375 0.0375
4 0.4421875 0.19765625 0.03125 0.03125
4 0.2875 0.3875 0.0296875 0.0296875
4 0.27734375 0.32109375 0.0328125 0.028125
4 0.37421875 0.32421875 0.096875 0.096875
4 0.48046875 0.40078125 0.0859375 0.05625
4 0.2234375 0.50703125 0.0375 0.03125
4 0.18046875 0.51484375 0.0375 0.0375
4 0.14609375 0.44453125 0.06875 0.0625
4 0.1609375 0.590625 0.0328125 0.03125
4 0.14921875 0.6859375 0.1 0.0875
4 0.11328125 0.94140625 0.0375 0.0375
4 0.39140625 0.56796875 0.040625 0.04375
4 0.559375 0.55546875 0.065625 0.040625
4 0.48203125 0.46015625 0.0390625 0.0375
4 0.61328125 0.49609375 0.040625 0.040625
4 0.6625 0.58984375 0.0671875 0.065625
4 0.8265625 0.5953125 0.0375 0.028125
4 0.675 0.778125 0.0671875 0.05625
4 0.66328125 0.7078125 0.040625 0.040625
4 0.46875 0.81875 0.046875 0.040625
4 0.24296875 0.58046875 0.04375 0.040625
4 0.29140625 0.8640625 0.0328125 0.0515625
4 0.0734375 0.784375 0.0390625 0.0421875