2 0.76796875 0.6765625 0.05703125 0.0859375
2 0.671875 0.828125 0.1015625 0.153125
4 0.41875 0.72109375 0.0359375 0.05703125
4 0.80234375 0.4171875 0.02578125 0.0546875
4 0.384375 0.19453125 0.02265625 0.0546875
4 0.13984375 0.9515625 0.0765625 0.075
2 0.128125 0.79296875 0.09609375 0.11171875
3 0.7203125 0.32734375 0.040625 0.07734375
2 0.7671875 0.5609375 0.034375 0.06640625
3 0.48984375 0.4609375 0.02421875 0.05234375
2 0.7640625 0.8015625 0.05234375 0.06796875
2 0.6828125 0.9546875 0.03515625 0.053125
4 0.75078125 0.17421875 0.03828125 0.06015625