0 0.1296875 0.07109375 0.14609375 0.08515625
0 0.08125 0.33828125 0.08984375 0.05703125
0 0.4 0.20234375 0.08359375 0.0640625
0 0.5375 0.40703125 0.096875 0.05859375
0 0.79765625 0.40703125 0.13515625 0.08359375
0 0.33359375 0.4609375 0.13046875 0.078125
0 0.51328125 0.51796875 0.09453125 0.0671875
0 0.72890625 0.58359375 0.10546875 0.0921875
0 0.1046875 0.68828125 0.10546875 0.07421875
0 0.4875 0.7140625 0.096875 0.065625
0 0.09375 0.828125 0.07890625 0.07109375
0 0.3546875 0.6265625 0.08359375 0.06953125
0 0.4828125 0.8765625 0.10546875 0.06953125
0 0.153125 0.97890625 0.05390625 0.0421875
0 0.7046875 0.23203125 0.05859375 0.053125
0 0.91796875 0.671875 0.0515625 0.0421875