0 0.415625 0.14921875 0.103125 0.121875
0 0.903125 0.165625 0.07578125 0.1296875
0 0.37890625 0.546875 0.084375 0.0734375
0 0.553125 0.73359375 0.05546875 0.0703125
0 0.3671875 0.7265625 0.08828125 0.08046875
0 0.43515625 0.9515625 0.0625 0.06796875
0 0.05859375 0.32890625 0.08984375 0.1078125
0 0.12265625 0.8453125 0.09140625 0.11328125
0 0.26875 0.59375 0.071875 0.09140625
0 0.24453125 0.84140625 0.07578125 0.08125
0 0.20390625 0.33671875 0.0609375 0.08125
0 0.35625 0.3171875 0.0625 0.07734375