0 0.278125 0.509375 0.0765625 0.11328125
0 0.4171875 0.4921875 0.08359375 0.0984375
0 0.40390625 0.32109375 0.05546875 0.07421875
0 0.215625 0.2453125 0.07109375 0.08515625
0 0.7609375 0.16875 0.0609375 0.071875
0 0.76953125 0.38125 0.08515625 0.1078125
0 0.65234375 0.43125 0.05546875 0.0546875
0 0.534375 0.45 0.05390625 0.05390625
0 0.61640625 0.60546875 0.05703125 0.09296875
0 0.7625 0.5921875 0.07109375 0.08515625
0 0.90234375 0.55390625 0.05859375 0.0890625
0 0.9546875 0.41484375 0.04296875 0.0609375
0 0.88671875 0.71328125 0.06796875 0.09296875
0 0.60625 0.76328125 0.10546875 0.090625
0 0.48046875 0.7015625 0.046875 0.0703125
0 0.27421875 0.16953125 0.05703125 0.06640625
0 0.0875 0.31328125 0.06953125 0.0890625
0 0.0859375 0.18828125 0.06640625 0.07421875
0 0.03515625 0.5546875 0.06796875 0.1171875
0 0.14921875 0.6390625 0.07421875 0.1
0 0.103125 0.82734375 0.06640625 0.07578125
0 0.2140625 0.7765625 0.0609375 0.0875
0 0.3953125 0.64375 0.08203125 0.08671875
0 0.48203125 0.165625 0.06875 0.07109375