0 0.52265625 0.3875 0.0578125 0.06953125
0 0.37890625 0.5109375 0.04921875 0.04140625
0 0.26640625 0.321875 0.0390625 0.04140625
0 0.24921875 0.18203125 0.0359375 0.04140625
0 0.0640625 0.14609375 0.02578125 0.03671875
0 0.378125 0.20390625 0.040625 0.0484375
0 0.57421875 0.22421875 0.04765625 0.03984375
0 0.4375 0.33203125 0.040625 0.0484375
0 0.125 0.36171875 0.04296875 0.0484375
0 0.02265625 0.34453125 0.0390625 0.0484375
0 0.1578125 0.6390625 0.04921875 0.04140625
0 0.465625 0.4640625 0.04609375 0.04140625
0 0.6359375 0.3421875 0.04921875 0.05
0 0.83671875 0.36875 0.0359375 0.034375
0 0.709375 0.415625 0.04609375 0.0515625
0 0.80546875 0.49375 0.04453125 0.03828125
0 0.92890625 0.72890625 0.05625 0.0515625
0 0.4 0.88984375 0.078125 0.0625
0 0.603125 0.9265625 0.040625 0.04140625
0 0.859375 0.93046875 0.0421875 0.046875
0 0.2140625 0.95234375 0.04296875 0.03828125