0 0.16875 0.27265625 0.08671875 0.0796875
0 0.46875 0.26015625 0.084375 0.090625
0 0.915625 0.23359375 0.09921875 0.090625
0 0.9109375 0.08359375 0.0828125 0.075
0 0.68359375 0.09921875 0.08671875 0.078125
0 0.571875 0.1859375 0.08046875 0.04765625
0 0.84375 0.59296875 0.10546875 0.11015625
0 0.69765625 0.54609375 0.0734375 0.07265625
0 0.63828125 0.88671875 0.1125 0.11171875
0 0.75625 0.88984375 0.09609375 0.1171875
0 0.11953125 0.775 0.08828125 0.05546875
0 0.0359375 0.1328125 0.07109375 0.07109375
0 0.07890625 0.51875 0.05234375 0.0640625
0 0.259375 0.303125 0.05234375 0.0625
0 0.3546875 0.3234375 0.0453125 0.04296875