0 0.20546875 0.05390625 0.0671875 0.07578125
0 0.25390625 0.1484375 0.075 0.0921875
0 0.725 0.2703125 0.0625 0.06015625
0 0.4796875 0.43984375 0.059375 0.07109375
0 0.83046875 0.40546875 0.0515625 0.07578125
0 0.196875 0.41875 0.0765625 0.08125
0 0.1359375 0.4640625 0.0484375 0.06171875
0 0.765625 0.62890625 0.0484375 0.053125
0 0.79375 0.8640625 0.0625 0.05625
0 0.971875 0.0625 0.04140625 0.04453125
0 0.896875 0.4296875 0.03515625 0.03515625
0 0.61640625 0.9421875 0.0625 0.05625
0 0.15 0.846875 0.071875 0.078125
0 0.05859375 0.81484375 0.078125 0.08125