0 0.17265625 0.221875 0.07734375 0.1
0 0.33828125 0.14453125 0.0515625 0.06171875
0 0.43984375 0.22734375 0.0453125 0.06171875
0 0.67578125 0.0921875 0.046875 0.05078125
0 0.79609375 0.08671875 0.03046875 0.05078125
0 0.8515625 0.25234375 0.0515625 0.04921875
0 0.88984375 0.315625 0.053125 0.05625
0 0.203125 0.41640625 0.03828125 0.040625
0 0.184375 0.7828125 0.05625 0.06328125
0 0.06171875 0.88359375 0.059375 0.071875
0 0.80390625 0.55703125 0.0484375 0.0546875
0 0.840625 0.5203125 0.0515625 0.0578125
0 0.7421875 0.80859375 0.0578125 0.08046875
0 0.81328125 0.82578125 0.0515625 0.0828125