0 0.86328125 0.1296875 0.08359375 0.0734375
0 0.0796875 0.184375 0.07109375 0.071875
0 0.6453125 0.3953125 0.08046875 0.08046875
0 0.45078125 0.63046875 0.06328125 0.06796875
0 0.65390625 0.63046875 0.06328125 0.08203125
0 0.82265625 0.33203125 0.04765625 0.08046875
0 0.478125 0.890625 0.04921875 0.05703125
0 0.58203125 0.9015625 0.04921875 0.05703125
0 0.93359375 0.75078125 0.0359375 0.0609375
0 0.9453125 0.54296875 0.04765625 0.06484375
0 0.5875 0.46484375 0.05078125 0.059375
0 0.9359375 0.07421875 0.05703125 0.0484375
0 0.2859375 0.82109375 0.0421875 0.0609375
0 0.32421875 0.89375 0.05859375 0.0734375
0 0.6765625 0.84296875 0.05546875 0.0484375