0 0.46484375 0.1453125 0.0953125 0.12890625
0 0.13359375 0.15859375 0.04765625 0.06015625
0 0.62421875 0.16640625 0.06640625 0.07265625
0 0.10625 0.2984375 0.05234375 0.0671875
0 0.22578125 0.45234375 0.0546875 0.06171875
0 0.5109375 0.69453125 0.06015625 0.0703125
0 0.56328125 0.85703125 0.07265625 0.084375
0 0.70234375 0.840625 0.059375 0.07578125
0 0.8875 0.8453125 0.0703125 0.08671875
0 0.0328125 0.80546875 0.05234375 0.07578125
0 0.334375 0.796875 0.0453125 0.04921875
0 0.3453125 0.84296875 0.03125 0.03203125