0 0.06875 0.44921875 0.04375 0.0578125
0 0.2703125 0.3796875 0.0484375 0.0625
0 0.15078125 0.66015625 0.03671875 0.05546875
0 0.32265625 0.7 0.04296875 0.0625
0 0.37578125 0.47265625 0.05703125 0.0609375
0 0.2296875 0.16015625 0.0296875 0.0359375
0 0.5125 0.23984375 0.05 0.059375
0 0.51953125 0.378125 0.0484375 0.05234375
0 0.4296875 0.6359375 0.05390625 0.05390625
0 0.58359375 0.58984375 0.05 0.0625
0 0.5515625 0.45078125 0.046875 0.05
0 0.62421875 0.2453125 0.03984375 0.0484375
0 0.60390625 0.1265625 0.0296875 0.0484375
0 0.92578125 0.321875 0.0484375 0.06484375
0 0.72578125 0.428125 0.0515625 0.06640625
0 0.8453125 0.21171875 0.04375 0.0609375
0 0.66875 0.2046875 0.0484375 0.05390625
0 0.68125 0.709375 0.05703125 0.0578125
0 0.53046875 0.8 0.03984375 0.0484375
0 0.46015625 0.87265625 0.0609375 0.0578125
0 0.559375 0.8921875 0.0484375 0.05546875
0 0.0359375 0.025 0.0484375 0.046875
0 0.753125 0.26640625 0.04140625 0.05546875
0 0.55625 0.08046875 0.0515625 0.071875