0 0.46640625 0.303125 0.05625 0.1234375
0 0.4640625 0.67265625 0.05390625 0.10078125
0 0.72265625 0.56171875 0.0453125 0.0984375
0 0.23359375 0.6359375 0.02421875 0.08046875
0 0.33125 0.70625 0.0625 0.078125
0 0.06171875 0.7140625 0.0359375 0.0578125
0 0.25234375 0.934375 0.0390625 0.06875
0 0.3765625 0.35234375 0.03125 0.0609375
0 0.69921875 0.653125 0.01875 0.04921875
0 0.71953125 0.66796875 0.01953125 0.0515625
0 0.6078125 0.60546875 0.02421875 0.05
0 0.215625 0.56875 0.0234375 0.05390625
0 0.4125 0.5734375 0.025 0.05390625
0 0.26328125 0.5625 0.01796875 0.0390625
0 0.634375 0.3765625 0.01640625 0.03359375
0 0.671875 0.271875 0.02421875 0.05390625
0 0.5703125 0.56328125 0.021875 0.04453125
0 0.315625 0.44609375 0.025 0.0515625
0 0.62265625 0.54296875 0.01875 0.040625
0 0.6515625 0.2703125 0.01953125 0.04296875
0 0.55703125 0.44296875 0.025 0.04921875
0 0.3015625 0.315625 0.02578125 0.06015625
0 0.234375 0.73203125 0.028125 0.059375
0 0.6 0.29453125 0.0140625 0.03125
0 0.0984375 0.94609375 0.02578125 0.04453125
0 0.47265625 0.54765625 0.02421875 0.0484375
0 0.209375 0.76953125 0.02109375 0.04453125
0 0.4828125 0.46875 0.02734375 0.05390625
0 0.40234375 0.71328125 0.0265625 0.0515625
0 0.51796875 0.175 0.01953125 0.04453125
0 0.40546875 0.25234375 0.03359375 0.0765625
0 0.58515625 0.165625 0.0234375 0.0546875
0 0.35625 0.65625 0.01953125 0.03984375
0 0.396875 0.97734375 0.02109375 0.03828125
0 0.6984375 0.35078125 0.02265625 0.046875
0 0.446875 0.37109375 0.02109375 0.0375
0 0.11796875 0.64609375 0.01875 0.03515625
0 0.6 0.42109375 0.0203125 0.06015625
0 0.01171875 0.7359375 0.01875 0.03203125
0 0.61484375 0.715625 0.02734375 0.065625
0 0.57890625 0.13203125 0.01640625 0.03984375
0 0.5453125 0.8390625 0.03203125 0.05859375
0 0.19609375 0.6140625 0.01484375 0.03671875
0 0.0109375 0.87890625 0.021875 0.05625
0 0.53984375 0.73515625 0.02890625 0.04921875
0 0.5765625 0.72734375 0.0234375 0.0578125
0 0.28046875 0.63671875 0.0171875 0.03515625
0 0.51484375 0.96015625 0.0140625 0.03203125
0 0.640625 0.640625 0.0140625 0.0359375
0 0.55390625 0.97265625 0.0171875 0.0390625
0 0.31796875 0.90546875 0.03046875 0.05546875
0 0.28359375 0.9265625 0.01484375 0.03203125
0 0.63515625 0.43515625 0.01796875 0.0421875
0 0.77109375 0.98046875 0.025 0.03515625
0 0.4984375 0.74921875 0.02109375 0.04375
0 0.23828125 0.8890625 0.01953125 0.034375
0 0.5609375 0.8734375 0.021875 0.0390625
0 0.3578125 0.96171875 0.03984375 0.07578125
0 0.48125 0.9109375 0.01953125 0.034375
0 0.50078125 0.81015625 0.04453125 0.084375
0 0.421875 0.73984375 0.01796875 0.0609375
0 0.28515625 0.34609375 0.0125 0.02734375
0 0.29765625 0.9703125 0.02890625 0.0453125
0 0.22734375 0.44296875 0.01875 0.05
0 0.49140625 0.1484375 0.01171875 0.02578125
0 0.5328125 0.66796875 0.053125 0.07578125