0 0.42890625 0.2875 0.04453125 0.03984375
0 0.48984375 0.35859375 0.0328125 0.03359375
0 0.565625 0.28828125 0.04140625 0.0296875
0 0.60078125 0.4453125 0.0328125 0.0375
0 0.51484375 0.484375 0.04140625 0.03828125
0 0.58203125 0.0625 0.0375 0.0453125
0 0.41015625 0.12109375 0.03203125 0.034375
0 0.5328125 0.65703125 0.03515625 0.03984375
0 0.7359375 0.15703125 0.03125 0.034375
0 0.31015625 0.86796875 0.0375 0.0296875
0 0.26328125 0.78203125 0.040625 0.0484375
0 0.365625 0.5015625 0.03203125 0.0359375
0 0.67578125 0.3296875 0.03125 0.0359375
0 0.3203125 0.34765625 0.01640625 0.02734375
0 0.646875 0.53515625 0.01875 0.0234375
0 0.4546875 0.5265625 0.01875 0.025
0 0.3671875 0.90234375 0.01875 0.025
0 0.78125 0.23984375 0.0171875 0.021875
0 0.2109375 0.37109375 0.01953125 0.025
0 0.22265625 0.61015625 0.015625 0.0234375
0 0.965625 0.040625 0.01953125 0.025
0 0.5671875 0.60703125 0.015625 0.01640625
0 0.55546875 0.1796875 0.01796875 0.0203125
0 0.6890625 0.20625 0.0140625 0.01953125
0 0.5828125 0.340625 0.0140625 0.01875
0 0.97265625 0.6765625 0.01875 0.0234375
0 0.1921875 0.49921875 0.015625 0.025
0 0.03515625 0.2015625 0.0171875 0.021875
0 0.625 0.35 0.0140625 0.01484375
0 0.584375 0.67265625 0.0171875 0.01953125
0 0.6421875 0.1515625 0.0140625 0.0203125
0 0.97578125 0.84453125 0.01640625 0.01875
0 0.62421875 0.65546875 0.025 0.02265625
0 0.11875 0.859375 0.01328125 0.01875
0 0.60859375 0.09609375 0.01640625 0.02109375
0 0.30234375 0.02421875 0.0296875 0.03671875
0 0.61796875 0.18671875 0.01640625 0.0171875
0 0.67890625 0.85078125 0.01953125 0.01796875