0 0.83515625 0.4734375 0.06640625 0.04921875
0 0.6625 0.17890625 0.05390625 0.05859375
0 0.75390625 0.56484375 0.05234375 0.03828125
0 0.73359375 0.7125 0.059375 0.0515625
0 0.81171875 0.72578125 0.04375 0.04140625
0 0.853125 0.1984375 0.0625 0.0359375
0 0.97734375 0.0359375 0.0453125 0.0328125
0 0.70078125 0.43515625 0.065625 0.04609375
0 0.8859375 0.57734375 0.0359375 0.02734375
0 0.81953125 0.5859375 0.03984375 0.03984375
0 0.875 0.51484375 0.03515625 0.0328125
0 0.79921875 0.2609375 0.0359375 0.03125
0 0.7796875 0.35546875 0.0359375 0.03125
0 0.7078125 0.38046875 0.03984375 0.03984375
0 0.83125 0.4046875 0.03828125 0.0375
0 0.82578125 0.5125 0.04140625 0.03828125
0 0.97421875 0.47421875 0.0296875 0.03203125
0 0.8421875 0.3453125 0.03828125 0.03359375
0 0.89453125 0.3890625 0.0265625 0.025
0 0.93046875 0.44921875 0.0296875 0.03125
0 0.78828125 0.4046875 0.02734375 0.0296875
0 0.83984375 0.28984375 0.0359375 0.0296875
0 0.8796875 0.71640625 0.02421875 0.028125
0 0.93671875 0.36796875 0.03203125 0.0328125
0 0.03203125 0.7359375 0.04765625 0.0515625
0 0.69609375 0.9890625 0.0296875 0.01875
0 0.9078125 0.584375 0.02265625 0.02109375
0 0.13203125 0.04453125 0.01875 0.01640625
0 0.92109375 0.2703125 0.02734375 0.03203125
0 0.96484375 0.0546875 0.0703125 0.07421875
0 0.0453125 0.0328125 0.01953125 0.01484375
0 0.2796875 0.07265625 0.01953125 0.015625
0 0.153125 0.10234375 0.02265625 0.02421875
0 0.9328125 0.565625 0.046875 0.0515625