0 0.57265625 0.49140625 0.096875 0.08984375
0 0.47109375 0.66796875 0.0984375 0.059375
0 0.796875 0.69375 0.05625 0.05
0 0.52421875 0.13515625 0.0703125 0.05078125
0 0.67734375 0.07421875 0.05 0.040625
0 0.31171875 0.525 0.05390625 0.0453125
0 0.94375 0.75390625 0.06875 0.05
0 0.91875 0.1546875 0.05234375 0.05
0 0.89375 0.3296875 0.04296875 0.04375
0 0.9859375 0.090625 0.0265625 0.040625
0 0.98828125 0.2078125 0.02109375 0.02734375
0 0.828125 0.44140625 0.0234375 0.0328125
0 0.92109375 0.8171875 0.02734375 0.02578125
0 0.38828125 0.075 0.06796875 0.0859375
0 0.12578125 0.2859375 0.03515625 0.05234375
0 0.14296875 0.60078125 0.040625 0.07265625