0 0.0703125 0.4953125 0.0640625 0.0484375
0 0.3484375 0.10546875 0.0359375 0.03046875
0 0.30390625 0.784375 0.0484375 0.04375
0 0.75546875 0.6546875 0.0515625 0.05078125
0 0.9828125 0.28671875 0.034375 0.03671875
0 0.7453125 0.87421875 0.03515625 0.0375
0 0.7796875 0.5 0.0390625 0.0390625
0 0.50859375 0.10234375 0.04375 0.03828125
0 0.38515625 0.0328125 0.0328125 0.0390625
0 0.33203125 0.31953125 0.025 0.025
0 0.80546875 0.46171875 0.0296875 0.02578125
0 0.70078125 0.2359375 0.01328125 0.0140625
0 0.93125 0.19453125 0.01640625 0.01640625
0 0.46328125 0.05703125 0.0140625 0.0140625
0 0.9890625 0.459375 0.01484375 0.01484375
0 0.83125 0.51953125 0.0140625 0.01484375
0 0.3515625 0.05546875 0.021875 0.01953125
0 0.4640625 0.13515625 0.0171875 0.01875
0 0.95 0.93203125 0.01328125 0.01640625
0 0.91328125 0.06328125 0.015625 0.0203125
0 0.33125 0.01015625 0.0140625 0.01484375
0 0.3453125 0.12890625 0.0234375 0.0609375
0 0.58515625 0.3578125 0.015625 0.015625