0 0.19296875 0.359375 0.0421875 0.05234375
0 0.2953125 0.06328125 0.0390625 0.04765625
0 0.290625 0.15078125 0.04453125 0.05078125
0 0.67421875 0.24296875 0.03359375 0.04921875
0 0.66640625 0.32421875 0.0375 0.05234375
0 0.09453125 0.57578125 0.03515625 0.05625
0 0.26328125 0.66171875 0.04296875 0.065625
0 0.45625 0.621875 0.04765625 0.0578125
0 0.2265625 0.85078125 0.03671875 0.0546875
0 0.61328125 0.5984375 0.040625 0.0546875
0 0.5015625 0.671875 0.040625 0.04921875
0 0.85859375 0.7203125 0.053125 0.05078125
0 0.8078125 0.87578125 0.0375 0.04921875