0 0.47265625 0.7265625 0.040625 0.04453125
0 0.3578125 0.78671875 0.03671875 0.03828125
0 0.45078125 0.90390625 0.03046875 0.04140625
0 0.34453125 0.41328125 0.0546875 0.05390625
0 0.22265625 0.55390625 0.03828125 0.0375
0 0.29921875 0.52109375 0.03046875 0.03203125
0 0.33125 0.63671875 0.028125 0.02109375
0 0.325 0.70859375 0.025 0.02109375
0 0.39296875 0.53828125 0.02265625 0.0234375
0 0.46640625 0.825 0.015625 0.01875
0 0.50546875 0.78828125 0.01796875 0.01953125
0 0.37421875 0.6046875 0.0171875 0.015625
0 0.4203125 0.64921875 0.01328125 0.0171875
0 0.08515625 0.75859375 0.0140625 0.02109375
0 0.1953125 0.69140625 0.0140625 0.02109375
0 0.25 0.490625 0.01875 0.0265625
0 0.4859375 0.8453125 0.0140625 0.01953125
0 0.36484375 0.9703125 0.021875 0.01796875
0 0.3390625 0.728125 0.0140625 0.02109375
0 0.26796875 0.6 0.01328125 0.01875
0 0.3796875 0.55703125 0.01171875 0.0140625
0 0.27578125 0.52578125 0.0140625 0.01953125
0 0.43046875 0.8796875 0.0109375 0.01640625
0 0.559375 0.36640625 0.0171875 0.0234375
0 0.29921875 0.84375 0.0140625 0.02109375
0 0.4078125 0.84375 0.01015625 0.01328125
0 0.6453125 0.23671875 0.0140625 0.02109375
0 0.47265625 0.8625 0.0109375 0.015625
0 0.4671875 0.78203125 0.01171875 0.01953125
0 0.53359375 0.7171875 0.01015625 0.01640625
0 0.5734375 0.209375 0.01875 0.025
0 0.53046875 0.60234375 0.0203125 0.0234375
0 0.18515625 0.72578125 0.01015625 0.0171875
0 0.875 0.14453125 0.015625 0.01953125
0 0.4078125 0.35703125 0.03046875 0.03359375
0 0.940625 0.26171875 0.02109375 0.02421875
0 0.26875 0.90078125 0.01796875 0.02265625
0 0.89296875 0.79375 0.02265625 0.02265625
0 0.98671875 0.23046875 0.021875 0.02578125
0 0.57421875 0.98125 0.01328125 0.021875
0 0.69375 0.328125 0.0265625 0.0703125
3 0.14453125 0.7234375 0.04453125 0.0640625
3 0.596875 0.2671875 0.040625 0.04296875