0 0.12421875 0.62109375 0.04375 0.06796875
0 0.2890625 0.65546875 0.0390625 0.05703125
0 0.67109375 0.4640625 0.04921875 0.06328125
0 0.60546875 0.790625 0.04140625 0.05546875
0 0.78125 0.5671875 0.03515625 0.0484375
0 0.46328125 0.5734375 0.04140625 0.0515625
0 0.3265625 0.20625 0.0359375 0.06015625
0 0.06015625 0.59609375 0.04375 0.06171875
0 0.1390625 0.403125 0.04140625 0.06015625
0 0.74140625 0.26875 0.0203125 0.028125
0 0.6671875 0.45625 0.01953125 0.02734375
0 0.77421875 0.44765625 0.0171875 0.0234375
0 0.59609375 0.22734375 0.02578125 0.03359375
0 0.7 0.19765625 0.025 0.0328125
0 0.25390625 0.58046875 0.02578125 0.03359375
0 0.39765625 0.38203125 0.025 0.0328125
0 0.37890625 0.23125 0.028125 0.034375
0 0.34609375 0.4671875 0.02890625 0.034375
0 0.071875 0.5 0.01953125 0.025
0 0.14609375 0.4921875 0.0203125 0.02578125
0 0.46328125 0.40546875 0.01953125 0.02578125
0 0.27265625 0.20625 0.0203125 0.0265625
0 0.21640625 0.52734375 0.01875 0.025
0 0.19765625 0.471875 0.0203125 0.02578125
0 0.4078125 0.4515625 0.01953125 0.02578125
0 0.19609375 0.19765625 0.02109375 0.02578125
0 0.3546875 0.3296875 0.01953125 0.02578125
0 0.453125 0.2078125 0.01953125 0.0265625
0 0.615625 0.6171875 0.03046875 0.040625
0 0.04453125 0.42890625 0.03359375 0.04453125
0 0.11171875 0.33828125 0.021875 0.02734375
0 0.1515625 0.2515625 0.0203125 0.028125
0 0.4515625 0.34140625 0.01953125 0.025
0 0.403125 0.31015625 0.01953125 0.02578125
0 0.3015625 0.275 0.01875 0.02578125
0 0.590625 0.4171875 0.03828125 0.053125
0 0.47109375 0.2796875 0.0203125 0.02578125
0 0.20546875 0.703125 0.02421875 0.03203125
0 0.28125 0.3640625 0.03359375 0.04453125
0 0.2640625 0.45546875 0.040625 0.05546875
0 0.72890625 0.3421875 0.01875 0.028125
0 0.5234375 0.32265625 0.03046875 0.04375
0 0.57265625 0.49921875 0.02734375 0.0375
0 0.45703125 0.49609375 0.0171875 0.02265625
0 0.5125 0.43984375 0.0171875 0.0234375
0 0.12109375 0.72890625 0.0203125 0.0265625
0 0.21171875 0.28203125 0.0359375 0.0515625
0 0.30234375 0.55390625 0.0203125 0.03359375
0 0.3546875 0.603125 0.02109375 0.0234375
0 0.5484375 0.590625 0.02734375 0.0453125
0 0.35625 0.60703125 0.0359375 0.053125
0 0.353125 0.596875 0.0015625 0.00625
0 0.65390625 0.6234375 0.025 0.03515625
0 0.6703125 0.715625 0.025 0.0375