0 0.60625 0.70859375 0.04140625 0.07265625
0 0.7453125 0.55 0.04140625 0.059375
0 0.75078125 0.46015625 0.0265625 0.05546875
0 0.43671875 0.70859375 0.034375 0.0609375
0 0.37734375 0.6765625 0.03671875 0.06484375
0 0.6765625 0.45390625 0.05 0.05
0 0.53671875 0.5796875 0.021875 0.0296875
0 0.465625 0.715625 0.04140625 0.0671875
0 0.57421875 0.49765625 0.02578125 0.03203125
0 0.76015625 0.61875 0.021875 0.03515625
0 0.5328125 0.7046875 0.04609375 0.059375
0 0.6 0.47734375 0.01796875 0.02265625
0 0.5625 0.56875 0.02265625 0.03203125
0 0.4953125 0.6 0.01953125 0.0421875
0 0.31015625 0.4453125 0.040625 0.03046875