0 0.46015625 0.528125 0.028125 0.0421875
0 0.54609375 0.575 0.0234375 0.0421875
0 0.64453125 0.24375 0.0328125 0.046875
0 0.6046875 0.0265625 0.0296875 0.0515625
0 0.40625 0.11015625 0.0328125 0.05546875
0 0.36875 0.44609375 0.01796875 0.02578125
0 0.30078125 0.3234375 0.0328125 0.03984375
0 0.37265625 0.25703125 0.0296875 0.04453125
0 0.4578125 0.3765625 0.021875 0.03515625
0 0.35234375 0.3578125 0.02578125 0.05703125
0 0.65625 0.609375 0.02890625 0.053125
0 0.8 0.3 0.01953125 0.0375
0 0.43359375 0.90234375 0.01953125 0.0296875
0 0.7015625 0.06640625 0.021875 0.0359375
0 0.3078125 0.64921875 0.02265625 0.03828125
0 0.67578125 0.3921875 0.0203125 0.03046875
0 0.60625 0.31953125 0.01484375 0.03046875
0 0.2640625 0.95703125 0.0203125 0.03515625