0 0.471875 0.67578125 0.05859375 0.034375
0 0.63125 0.37421875 0.034375 0.025
0 0.89453125 0.2359375 0.05234375 0.0390625
0 0.8984375 0.50078125 0.03671875 0.02578125
0 0.91953125 0.775 0.05234375 0.0515625
0 0.24453125 0.46953125 0.03984375 0.03359375
0 0.021875 0.46484375 0.03203125 0.0265625
0 0.21640625 0.28984375 0.0421875 0.03125
0 0.3125 0.61796875 0.0484375 0.02890625
0 0.85 0.51640625 0.03359375 0.02578125
0 0.684375 0.6484375 0.04453125 0.03203125
0 0.53515625 0.47734375 0.03125 0.02890625
0 0.571875 0.496875 0.02734375 0.0265625
0 0.0546875 0.35703125 0.03359375 0.025
0 0.61640625 0.01875 0.04296875 0.0296875