0 0.44609375 0.7171875 0.1078125 0.1234375
0 0.62109375 0.434375 0.06171875 0.0875
0 0.4046875 0.5203125 0.06640625 0.06015625
0 0.92265625 0.321875 0.06171875 0.08984375
0 0.76640625 0.49296875 0.05078125 0.0578125
0 0.79921875 0.58359375 0.04609375 0.04765625
0 0.28828125 0.440625 0.025 0.0296875
0 0.21171875 0.70703125 0.028125 0.03671875
0 0.28515625 0.7625 0.046875 0.0484375
0 0.165625 0.26796875 0.03203125 0.05078125
0 0.22421875 0.39765625 0.03828125 0.05
0 0.253125 0.69765625 0.03125 0.0328125
0 0.6703125 0.134375 0.06171875 0.0734375
0 0.54609375 0.1640625 0.04765625 0.06953125
0 0.95859375 0.75546875 0.04453125 0.0515625
0 0.76640625 0.64765625 0.02578125 0.03984375
0 0.9015625 0.79765625 0.04140625 0.05
0 0.89140625 0.2125 0.03984375 0.05390625