0 0.41484375 0.69140625 0.03125 0.05390625
0 0.415625 0.35390625 0.05 0.071875
0 0.66953125 0.09765625 0.05390625 0.0796875
0 0.2484375 0.16953125 0.04609375 0.06796875
0 0.15625 0.50546875 0.04453125 0.071875
0 0.525 0.8984375 0.07265625 0.08984375
0 0.015625 0.1171875 0.03125 0.06796875
0 0.20859375 0.0484375 0.04609375 0.0578125
0 0.76484375 0.75625 0.02578125 0.06328125
0 0.490625 0.5265625 0.04296875 0.05390625
3 0.1421875 0.384375 0.0625 0.0875
0 0.203125 0.83671875 0.03125 0.0578125
0 0.66953125 0.32421875 0.03125 0.05390625
0 0.2453125 0.15859375 0.025 0.0328125
0 0.31796875 0.51171875 0.0203125 0.03046875
0 0.046875 0.24609375 0.02421875 0.03046875
0 0.13671875 0.0484375 0.01484375 0.0234375
0 0.209375 0.11796875 0.02109375 0.02734375
0 0.8578125 0.31640625 0.02578125 0.05546875
0 0.7171875 0.83046875 0.0390625 0.0578125
0 0.56015625 0.61328125 0.028125 0.05546875