0 0.559375 0.59375 0.0953125 0.0734375
0 0.96171875 0.815625 0.071875 0.06171875
0 0.2515625 0.9734375 0.06953125 0.0328125
0 0.9015625 0.415625 0.0828125 0.0578125
0 0.72890625 0.51640625 0.034375 0.025
0 0.1625 0.5234375 0.04296875 0.03125
0 0.465625 0.3734375 0.04453125 0.02734375
0 0.5375 0.303125 0.06640625 0.0421875
0 0.0625 0.57890625 0.0375 0.0265625
0 0.43828125 0.55859375 0.07109375 0.0546875
0 0.55078125 0.47109375 0.06640625 0.0546875
0 0.8515625 0.54140625 0.05703125 0.03984375
0 0.03984375 0.66484375 0.03046875 0.01953125
0 0.4890625 0.6921875 0.03359375 0.0203125
0 0.36484375 0.453125 0.0328125 0.0234375
0 0.90078125 0.4703125 0.0265625 0.01875
0 0.52734375 0.653125 0.0390625 0.025
0 0.6515625 0.253125 0.06015625 0.0390625
0 0.10859375 0.6859375 0.0296875 0.0203125
0 0.73203125 0.4359375 0.02578125 0.01875
0 0.484375 0.7421875 0.03359375 0.021875
0 0.4828125 0.84140625 0.03125 0.0203125
0 0.921875 0.584375 0.0265625 0.01875
0 0.990625 0.37109375 0.01796875 0.025
0 0.51796875 0.8078125 0.02890625 0.01796875
0 0.45234375 0.6125 0.02890625 0.01875
0 0.71953125 0.228125 0.04296875 0.02890625
0 0.3890625 0.8421875 0.02265625 0.015625
0 0.76328125 0.63515625 0.02578125 0.01953125