0 0.1265625 0.2734375 0.06875 0.040625
0 0.3125 0.56796875 0.0765625 0.0328125
0 0.64296875 0.521875 0.0390625 0.0265625
0 0.7265625 0.56796875 0.05390625 0.02890625
0 0.28125 0.65859375 0.05546875 0.03984375
0 0.0734375 0.76953125 0.06640625 0.03828125
0 0.6015625 0.8296875 0.065625 0.04296875
0 0.275 0.86875 0.05703125 0.028125
0 0.88671875 0.8140625 0.0734375 0.03671875
0 0.54296875 0.596875 0.07109375 0.03828125
0 0.4765625 0.38125 0.02578125 0.01484375
0 0.82734375 0.9109375 0.08828125 0.04609375
0 0.4046875 0.35 0.02734375 0.01640625
0 0.11328125 0.6203125 0.02890625 0.01484375
0 0.971875 0.53828125 0.0484375 0.025
0 0.0484375 0.92734375 0.03671875 0.0203125
0 0.5796875 0.57109375 0.03203125 0.01796875
0 0.3625 0.35 0.03828125 0.021875
0 0.7984375 0.78203125 0.05 0.028125
0 0.93671875 0.8453125 0.02421875 0.0140625
0 0.72109375 0.8 0.02109375 0.0109375
0 0.5375 0.74765625 0.01953125 0.01171875
0 0.9921875 0.16796875 0.01328125 0.015625