0 0.14296875 0.54609375 0.0640625 0.06015625
0 0.1046875 0.1671875 0.05546875 0.07265625
0 0.34921875 0.28125 0.0578125 0.0546875
0 0.403125 0.16484375 0.06640625 0.06015625
0 0.58359375 0.2296875 0.0515625 0.05234375
0 0.56953125 0.76484375 0.04921875 0.04453125
0 0.89609375 0.85 0.06640625 0.08046875
0 0.83828125 0.4671875 0.06640625 0.06875
0 0.66875 0.721875 0.0671875 0.05546875
0 0.546875 0.6046875 0.040625 0.04609375
0 0.4203125 0.78515625 0.03125 0.03515625
0 0.43046875 0.32265625 0.04296875 0.03671875
0 0.725 0.553125 0.05859375 0.08828125
0 0.63515625 0.61328125 0.0625 0.05859375
0 0.59375 0.5359375 0.065625 0.06328125
0 0.55 0.3828125 0.06953125 0.0671875
0 0.94140625 0.2953125 0.03359375 0.04375
0 0.903125 0.1453125 0.05 0.046875
0 0.33125 0.01015625 0.09375 0.0203125
0 0.61875 0.33203125 0.03125 0.034375
0 0.0515625 0.421875 0.05390625 0.04375