0 0.45234375 0.2078125 0.06953125 0.05546875
0 0.76875 0.3703125 0.02890625 0.0265625
5 0.15703125 0.76796875 0.06796875 0.04765625
5 0.55 0.88125 0.06171875 0.08359375
5 0.4828125 0.7546875 0.02890625 0.03984375
5 0.515625 0.77421875 0.02890625 0.02734375
5 0.53671875 0.80625 0.0296875 0.03203125
5 0.7765625 0.8453125 0.04296875 0.0421875
5 0.69921875 0.82421875 0.0671875 0.0625
5 0.971875 0.6875 0.01953125 0.02578125
5 0.34609375 0.89765625 0.109375 0.05703125
5 0.65390625 0.6796875 0.0390625 0.04765625
5 0.75859375 0.759375 0.02265625 0.021875
5 0.4765625 0.50078125 0.0359375 0.03046875
5 0.52578125 0.54296875 0.03046875 0.02890625
5 0.51875 0.50078125 0.03515625 0.034375
5 0.809375 0.77890625 0.03125 0.02734375
5 0.89609375 0.778125 0.05234375 0.025
5 0.6296875 0.846875 0.028125 0.01875
5 0.3 0.7203125 0.0984375 0.071875
5 0.4578125 0.60390625 0.0640625 0.05390625
5 0.25 0.6046875 0.10703125 0.0671875
0 0.6421875 0.35 0.0359375 0.02421875
0 0.859375 0.39375 0.0234375 0.02890625
0 0.615625 0.4984375 0.02109375 0.0171875
0 0.58046875 0.28203125 0.03046875 0.025
5 0.91796875 0.58671875 0.02265625 0.021875
0 0.29140625 0.80625 0.02109375 0.01953125
0 0.31875 0.8265625 0.02109375 0.01875
5 0.265625 0.5234375 0.01875 0.01875
5 0.3109375 0.5265625 0.01640625 0.01796875
5 0.30234375 0.49140625 0.01484375 0.01484375
5 0.4125 0.5484375 0.01875 0.0234375
5 0.465625 0.5484375 0.01328125 0.01328125
5 0.56484375 0.80234375 0.01640625 0.01875
5 0.90625 0.69765625 0.0140625 0.01640625
5 0.928125 0.71171875 0.01328125 0.01328125
5 0.86484375 0.75234375 0.01328125 0.0140625
5 0.83515625 0.79140625 0.015625 0.0140625
5 0.76171875 0.68203125 0.01640625 0.0171875
5 0.71796875 0.7171875 0.01796875 0.015625
5 0.7 0.74375 0.0140625 0.0140625
5 0.7875 0.66875 0.0140625 0.0140625
5 0.78671875 0.53203125 0.01328125 0.01484375
5 0.8171875 0.48359375 0.015625 0.01640625
5 0.74609375 0.5125 0.01640625 0.01796875
5 0.859375 0.4546875 0.0140625 0.0234375
5 0.8734375 0.5078125 0.0171875 0.0125
5 0.8984375 0.53203125 0.01640625 0.0109375
5 0.9609375 0.5453125 0.01796875 0.01171875
5 0.96796875 0.428125 0.015625 0.0203125
5 0.70234375 0.32109375 0.0234375 0.0140625
5 0.746875 0.29296875 0.02109375 0.0171875
5 0.82578125 0.35703125 0.0171875 0.015625
5 0.74453125 0.46796875 0.01328125 0.015625
5 0.67109375 0.5375 0.015625 0.01953125
5 0.59609375 0.56953125 0.01171875 0.0125
5 0.684375 0.646875 0.01328125 0.0140625
5 0.95 0.73515625 0.0140625 0.01328125
5 0.9703125 0.71171875 0.01796875 0.02109375
5 0.99375 0.6484375 0.01171875 0.015625
5 0.9796875 0.665625 0.01328125 0.015625
5 0.93828125 0.6078125 0.0125 0.0140625
5 0.8171875 0.5578125 0.01640625 0.01484375
5 0.821875 0.53046875 0.01484375 0.01171875
5 0.85078125 0.65859375 0.015625 0.0140625
5 0.99140625 0.8765625 0.01640625 0.03828125