0 0.46171875 0.2984375 0.040625 0.0328125
0 0.3765625 0.3484375 0.0359375 0.0359375
0 0.61328125 0.3671875 0.0265625 0.01796875
0 0.6515625 0.36875 0.0296875 0.02734375
0 0.38359375 0.50234375 0.046875 0.04140625
0 0.453125 0.50546875 0.0359375 0.0375
0 0.4265625 0.596875 0.05390625 0.03125
0 0.340625 0.66328125 0.046875 0.03125
0 0.58359375 0.521875 0.034375 0.0328125
0 0.58046875 0.58125 0.040625 0.02734375
0 0.51640625 0.63671875 0.0578125 0.03046875
0 0.56953125 0.6390625 0.02578125 0.02421875
0 0.60546875 0.76875 0.04296875 0.034375
0 0.47890625 0.37734375 0.03359375 0.028125
0 0.2671875 0.56171875 0.0421875 0.02890625
0 0.6625 0.553125 0.03203125 0.03203125
0 0.6515625 0.50546875 0.03828125 0.0296875
0 0.3109375 0.375 0.06484375 0.0234375
0 0.30390625 0.41640625 0.0515625 0.02421875
0 0.15859375 0.4796875 0.06796875 0.04375
0 0.30703125 0.46875 0.05 0.0296875
0 0.71484375 0.36640625 0.0265625 0.02578125
0 0.725 0.4296875 0.03515625 0.021875
0 0.6859375 0.46484375 0.04296875 0.028125
0 0.6078125 0.471875 0.0515625 0.0265625
0 0.52890625 0.2734375 0.04296875 0.03125
0 0.603125 0.6921875 0.03359375 0.0328125
0 0.54921875 0.70625 0.02734375 0.01953125
0 0.67734375 0.7078125 0.03125 0.01875
0 0.678125 0.7046875 0.00234375 0.00234375
0 0.6953125 0.7640625 0.040625 0.02421875
0 0.5234375 0.30703125 0.02578125 0.0171875
0 0.69375 0.59765625 0.028125 0.0203125
0 0.43046875 0.43203125 0.025 0.01640625
0 0.4609375 0.4125 0.0296875 0.02109375
0 0.73203125 0.4765625 0.03125 0.0171875
0 0.53125 0.40078125 0.03203125 0.01875
0 0.71640625 0.515625 0.02421875 0.01640625
0 0.184375 0.5703125 0.028125 0.0234375
0 0.76484375 0.56640625 0.028125 0.01796875
0 0.759375 0.66875 0.0234375 0.01875
0 0.5828125 0.33125 0.021875 0.015625
0 0.7125 0.54921875 0.0234375 0.015625
0 0.5734375 0.24921875 0.02421875 0.0171875
0 0.353125 0.26015625 0.02578125 0.01875
0 0.46484375 0.26484375 0.0265625 0.01875
0 0.06953125 0.39140625 0.02578125 0.021875
0 0.48203125 0.21875 0.0234375 0.0171875
0 0.14453125 0.3234375 0.02265625 0.01796875
0 0.6296875 0.42578125 0.02578125 0.01796875
0 0.58125 0.815625 0.02109375 0.01640625
0 0.6859375 0.79609375 0.0234375 0.01640625
0 0.7859375 0.68203125 0.0234375 0.01484375
0 0.62578125 0.84375 0.02421875 0.01796875
0 0.29921875 0.20859375 0.0234375 0.0203125
0 0.1609375 0.7703125 0.02421875 0.01953125
0 0.46484375 0.74765625 0.02421875 0.01875
0 0.23046875 0.78046875 0.0234375 0.01953125
0 0.22734375 0.83125 0.0234375 0.02265625
0 0.38125 0.615625 0.0234375 0.01875
0 0.325 0.6078125 0.02109375 0.01640625
0 0.2125 0.45546875 0.02890625 0.021875
0 0.4578125 0.8359375 0.0296875 0.02109375
0 0.35546875 0.83671875 0.021875 0.01640625
0 0.1984375 0.89296875 0.02578125 0.0203125
0 0.8609375 0.7234375 0.028125 0.01484375
0 0.5 0.028125 0.02734375 0.01953125
0 0.1984375 0.04921875 0.02734375 0.0203125
0 0.296875 0.06328125 0.02421875 0.021875
0 0.35546875 0.08828125 0.02734375 0.021875
0 0.0109375 0.8421875 0.0203125 0.0203125
0 0.0671875 0.59453125 0.02421875 0.02421875
0 0.03828125 0.93984375 0.0203125 0.02109375
0 0.36484375 0.55546875 0.0265625 0.02109375
0 0.14765625 0.40390625 0.03671875 0.02578125
0 0.590625 0.8953125 0.02578125 0.01640625
0 0.65546875 0.93828125 0.02109375 0.015625
0 0.35546875 0.0125 0.02421875 0.01953125
0 0.296875 0.9640625 0.02421875 0.02265625
0 0.23515625 0.97109375 0.02265625 0.01953125
0 0.60390625 0.21484375 0.0234375 0.01875
0 0.0609375 0.340625 0.03046875 0.0234375
0 0.096875 0.025 0.02578125 0.021875
0 0.0078125 0.190625 0.01484375 0.01875
0 0.68671875 0.296875 0.03125 0.0171875
0 0.753125 0.8734375 0.0265625 0.0140625
0 0.40546875 0.77265625 0.03359375 0.0234375
0 0.43828125 0.99453125 0.02109375 0.0109375
0 0.2578125 0.615625 0.021875 0.021875
0 0.44296875 0.678125 0.02734375 0.021875
0 0.2234375 0.9953125 0.025 0.009375
0 0.43671875 0.98828125 0.0203125 0.0171875
0 0.68125 0.3109375 0.04375 0.053125
0 0.2171875 0.34453125 0.03984375 0.028125
0 0.3515625 0.7078125 0.03046875 0.0234375
0 0.52109375 0.78046875 0.02890625 0.02265625
0 0.459375 0.91953125 0.0265625 0.02109375
0 0.47578125 0.57265625 0.02890625 0.02421875
0 0.52890625 0.56484375 0.0296875 0.025
0 0.5703125 0.36875 0.02734375 0.0234375
0 0.59375 0.4046875 0.028125 0.0203125
0 0.31640625 0.30625 0.034375 0.02109375