0 0.26796875 0.10546875 0.06484375 0.08125
0 0.5765625 0.39609375 0.0421875 0.059375
0 0.4453125 0.57109375 0.0515625 0.053125
0 0.37578125 0.6140625 0.065625 0.05078125
0 0.22734375 0.865625 0.040625 0.04375
0 0.54765625 0.4359375 0.028125 0.03828125
0 0.6125 0.421875 0.03046875 0.0453125
0 0.64921875 0.5703125 0.03828125 0.0546875
0 0.653125 0.29765625 0.053125 0.05859375
0 0.1703125 0.31015625 0.0359375 0.05234375
0 0.165625 0.01953125 0.0359375 0.0390625
0 0.47890625 0.70390625 0.0328125 0.04609375
0 0.434375 0.7234375 0.0296875 0.04609375
0 0.11796875 0.4796875 0.03046875 0.02265625
0 0.31796875 0.53828125 0.02578125 0.0296875
0 0.15546875 0.23828125 0.0328125 0.0234375
0 0.2609375 0.26328125 0.03671875 0.0484375
0 0.2953125 0.8640625 0.04296875 0.03671875