0 0.240625 0.36484375 0.06796875 0.06015625
0 0.51484375 0.1671875 0.0890625 0.06640625
0 0.48515625 0.57421875 0.06171875 0.06640625
0 0.32734375 0.78984375 0.05546875 0.0546875
0 0.4375 0.81171875 0.06484375 0.05625
0 0.59453125 0.4390625 0.04296875 0.04375
0 0.18515625 0.62734375 0.0734375 0.05546875
0 0.4890625 0.9109375 0.04375 0.03671875
0 0.54375 0.6375 0.059375 0.05546875
0 0.73359375 0.646875 0.0953125 0.0859375
0 0.49140625 0.290625 0.03515625 0.0296875
0 0.01484375 0.42578125 0.0234375 0.0296875
0 0.1140625 0.95703125 0.0875 0.0671875
0 0.525 0.3578125 0.02734375 0.025
0 0.43515625 0.265625 0.0328125 0.02890625
0 0.74453125 0.5921875 0.028125 0.02265625
0 0.20390625 0.47890625 0.0421875 0.040625
0 0.10859375 0.246875 0.0234375 0.025
0 0.78671875 0.1796875 0.025 0.021875
0 0.090625 0.1484375 0.028125 0.02890625
0 0.38046875 0.83359375 0.0265625 0.021875
0 0.07890625 0.6046875 0.02421875 0.02265625
0 0.328125 0.28984375 0.0265625 0.02734375
0 0.3125 0.35859375 0.040625 0.0359375
0 0.7609375 0.92265625 0.05234375 0.034375
0 0.09921875 0.52109375 0.03515625 0.0375
0 0.8421875 0.46171875 0.0359375 0.04140625
0 0.603125 0.5703125 0.04921875 0.046875
0 0.4625 0.44375 0.0375 0.03515625
0 0.6640625 0.0171875 0.04296875 0.0234375
0 0.021875 0.26484375 0.04296875 0.04296875
0 0.775 0.871875 0.04296875 0.0390625