0 0.53828125 0.540625 0.121875 0.06640625
0 0.65234375 0.21953125 0.1125 0.06875
0 0.88515625 0.51875 0.06953125 0.09375
0 0.7796875 0.7203125 0.1015625 0.06875
0 0.16796875 0.4796875 0.0578125 0.0578125
0 0.42578125 0.44765625 0.09140625 0.05234375
0 0.26015625 0.503125 0.0609375 0.04296875
0 0.21953125 0.66953125 0.05859375 0.03359375
0 0.2375 0.821875 0.0625 0.03671875
0 0.0390625 0.71484375 0.07265625 0.04765625
0 0.446875 0.8625 0.06171875 0.03515625
0 0.38828125 0.9765625 0.046875 0.03984375
0 0.5671875 0.92734375 0.078125 0.04921875
0 0.7515625 0.709375 0.08515625 0.0515625
0 0.39921875 0.55078125 0.04140625 0.028125
0 0.91640625 0.63046875 0.0984375 0.07265625
0 0.3625 0.82421875 0.0640625 0.0453125
0 0.6625 0.87109375 0.07265625 0.03984375
0 0.7625 0.0921875 0.08359375 0.0765625