0 0.38515625 0.4734375 0.06640625 0.05
0 0.71484375 0.44609375 0.0484375 0.040625
0 0.11875 0.5859375 0.0515625 0.04375
0 0.54765625 0.8171875 0.0609375 0.04765625
0 0.56953125 0.47421875 0.04765625 0.0390625
0 0.63359375 0.55 0.0328125 0.0359375
0 0.7046875 0.58359375 0.03125 0.034375
0 0.42734375 0.6046875 0.04453125 0.0328125
0 0.35390625 0.55625 0.04765625 0.034375
0 0.23125 0.67890625 0.0515625 0.0328125
0 0.1921875 0.609375 0.04609375 0.0359375
0 0.0234375 0.70390625 0.03671875 0.0265625
0 0.17265625 0.74453125 0.03125 0.02265625
0 0.09296875 0.81875 0.0375 0.02265625
0 0.3453125 0.7953125 0.02265625 0.028125
0 0.5328125 0.7109375 0.02890625 0.03046875
0 0.52421875 0.62109375 0.03046875 0.028125
0 0.60859375 0.67265625 0.04609375 0.02734375
0 0.365625 0.39609375 0.05 0.02734375
0 0.2265625 0.44765625 0.03359375 0.03046875
0 0.140625 0.509375 0.03359375 0.02421875
0 0.4078125 0.2515625 0.0375 0.02890625
0 0.1015625 0.53203125 0.02109375 0.015625
0 0.24453125 0.77265625 0.0203125 0.01640625
0 0.221875 0.38515625 0.01953125 0.015625
0 0.51328125 0.77109375 0.0203125 0.015625
0 0.19375 0.3140625 0.025 0.0171875
0 0.50390625 0.49375 0.025 0.01875
0 0.4046875 0.43671875 0.0265625 0.01875
0 0.0328125 0.359375 0.02421875 0.01796875
0 0.4265625 0.5484375 0.0234375 0.01796875
0 0.74296875 0.75703125 0.01875 0.015625
0 0.47890625 0.765625 0.01953125 0.0140625
0 0.1109375 0.35390625 0.02109375 0.01640625
0 0.73203125 0.61171875 0.01796875 0.0140625
0 0.36328125 0.8234375 0.02265625 0.015625
0 0.81796875 0.52265625 0.02109375 0.01640625
0 0.1953125 0.26328125 0.021875 0.0171875
0 0.68203125 0.52109375 0.0203125 0.01640625
0 0.33125 0.19453125 0.01953125 0.0140625
0 0.16015625 0.1484375 0.021875 0.015625
0 0.184375 0.6765625 0.01953125 0.015625
0 0.365625 0.6328125 0.02109375 0.015625
0 0.0875 0.32265625 0.01875 0.0140625
0 0.21953125 0.89375 0.01796875 0.0140625
0 0.3171875 0.25859375 0.021875 0.01484375
0 0.06484375 0.21015625 0.0203125 0.0140625
0 0.56328125 0.8703125 0.0171875 0.0125
0 0.2921875 0.16640625 0.0234375 0.015625
0 0.51015625 0.15234375 0.02421875 0.01484375
0 0.78515625 0.6875 0.0171875 0.0140625
0 0.06953125 0.16796875 0.0203125 0.0140625
0 0.60859375 0.8515625 0.01640625 0.0125
0 0.2109375 0.1140625 0.021875 0.0140625
0 0.5984375 0.1734375 0.0203125 0.01484375
0 0.675 0.29453125 0.0203125 0.02265625
0 0.6859375 0.2546875 0.02109375 0.01484375
0 0.65546875 0.3625 0.02109375 0.01484375
0 0.23203125 0.2375 0.02265625 0.0171875
0 0.62421875 0.1046875 0.025 0.015625
0 0.6 0.64453125 0.0203125 0.0140625
0 0.54609375 0.4296875 0.07109375 0.046875
0 0.28359375 0.2734375 0.0171875 0.0125
0 0.45390625 0.54375 0.0328125 0.021875
0 0.22578125 0.07734375 0.021875 0.01640625
0 0.2546875 0.9 0.02421875 0.01640625
0 0.3703125 0.12265625 0.021875 0.01640625
0 0.47421875 0.57265625 0.021875 0.01484375
0 0.17109375 0.6546875 0.01640625 0.0125
0 0.53515625 0.0421875 0.02265625 0.0140625
0 0.2984375 0.65078125 0.01640625 0.01328125
0 0.56015625 0.11484375 0.01953125 0.01484375
0 0.66171875 0.209375 0.0203125 0.0125
0 0.3453125 0.2578125 0.01796875 0.0140625
0 0.04453125 0.31171875 0.01796875 0.01328125
0 0.0875 0.1765625 0.01875 0.0171875
0 0.50703125 0.28515625 0.01875 0.01328125
0 0.4703125 0.478125 0.0453125 0.03125
0 0.45703125 0.64296875 0.02265625 0.01640625
0 0.27265625 0.7296875 0.02734375 0.021875
0 0.88203125 0.84765625 0.03046875 0.02421875
0 0.00625 0.43828125 0.0125 0.01328125
0 0.49609375 0.64765625 0.0375 0.01796875
0 0.75390625 0.43046875 0.0171875 0.0125
0 0.9078125 0.96640625 0.02265625 0.028125
0 0.27421875 0.59375 0.0296875 0.01875
0 0.1953125 0.64453125 0.02109375 0.01171875
0 0.725 0.571875 0.01796875 0.0171875
0 0.73125 0.74375 0.01640625 0.0109375