0 0.5765625 0.375 0.0453125 0.0546875
0 0.4953125 0.36328125 0.0484375 0.0671875
0 0.6359375 0.246875 0.040625 0.053125
0 0.71875 0.38125 0.0375 0.0421875
0 0.7125 0.4953125 0.03984375 0.04765625
0 0.6328125 0.48203125 0.0578125 0.04453125
0 0.646875 0.31015625 0.0359375 0.04609375
0 0.275 0.72421875 0.04140625 0.0515625
0 0.3203125 0.75 0.03046875 0.03515625
0 0.30234375 0.7015625 0.02265625 0.0234375
0 0.4078125 0.7296875 0.02265625 0.02421875
0 0.3609375 0.6859375 0.02265625 0.025
0 0.35625 0.7359375 0.02109375 0.02265625
0 0.50859375 0.7421875 0.021875 0.025
0 0.45234375 0.71015625 0.0203125 0.02265625
0 0.54609375 0.7546875 0.02421875 0.028125
0 0.41953125 0.82421875 0.021875 0.02578125
0 0.36953125 0.81640625 0.01953125 0.02265625
0 0.47265625 0.66875 0.02265625 0.02421875
0 0.5421875 0.8 0.01953125 0.0234375
0 0.35234375 0.6453125 0.0203125 0.025
0 0.3390625 0.60625 0.02109375 0.0265625
0 0.44765625 0.60546875 0.01953125 0.02265625
0 0.59609375 0.74921875 0.02265625 0.0265625
0 0.29921875 0.5875 0.01953125 0.02109375
0 0.80859375 0.5609375 0.02578125 0.02890625
0 0.484375 0.53828125 0.025 0.02734375
0 0.878125 0.59140625 0.02109375 0.02421875
0 0.8890625 0.3390625 0.021875 0.0203125
0 0.85703125 0.15859375 0.021875 0.02578125
0 0.6015625 0.0625 0.02265625 0.025
0 0.646875 0.05859375 0.02265625 0.021875
0 0.94765625 0.3375 0.021875 0.02265625
0 0.71328125 0.6375 0.0328125 0.03671875