0 0.5609375 0.33359375 0.06015625 0.065625
0 0.821875 0.4953125 0.08828125 0.0734375
0 0.940625 0.51171875 0.05625 0.0515625
0 0.8109375 0.8421875 0.05859375 0.05078125
0 0.525 0.5890625 0.0484375 0.05078125
0 0.2625 0.23125 0.0609375 0.0546875
0 0.50078125 0.20625 0.0765625 0.05703125
0 0.5546875 0.51328125 0.03671875 0.0265625
0 0.78515625 0.7625 0.0296875 0.02578125
0 0.9078125 0.828125 0.0359375 0.03046875
0 0.6 0.65234375 0.02421875 0.021875
0 0.43046875 0.8296875 0.0265625 0.0203125
0 0.40703125 0.0375 0.040625 0.0328125
0 0.27421875 0.14140625 0.04375 0.03828125
0 0.3890625 0.10078125 0.04140625 0.02578125
0 0.64609375 0.821875 0.02890625 0.02734375
0 0.7046875 0.3484375 0.0296875 0.02109375
0 0.221875 0.53828125 0.03203125 0.02265625
0 0.2828125 0.05546875 0.0375 0.03046875
0 0.01171875 0.1921875 0.0234375 0.034375
0 0.496875 0.06171875 0.03984375 0.03515625
0 0.33125 0.50078125 0.02578125 0.01875
0 0.62890625 0.0453125 0.028125 0.025
0 0.3625 0.653125 0.03671875 0.03515625
0 0.25703125 0.63828125 0.04609375 0.0578125
0 0.13046875 0.21796875 0.04765625 0.046875
0 0.81328125 0.403125 0.04296875 0.05625
0 0.7765625 0.17890625 0.05625 0.05625
0 0.1015625 0.50703125 0.01953125 0.0171875
0 0.3140625 0.56171875 0.0234375 0.01875
0 0.203125 0.04609375 0.065625 0.04296875
0 0.01015625 0.52578125 0.0203125 0.02578125
0 0.03125 0.5578125 0.0609375 0.07265625
0 0.44453125 0.11484375 0.046875 0.03125
0 0.1296875 0.34765625 0.08125 0.0640625
0 0.72890625 0.6703125 0.0515625 0.04140625
0 0.0484375 0.38515625 0.06953125 0.05234375
0 0.40078125 0.60703125 0.03515625 0.02421875
0 0.15 0.67265625 0.06953125 0.07734375
0 0.253125 0.79609375 0.04296875 0.03671875
0 0.3703125 0.8796875 0.05234375 0.04453125
0 0.23125 0.1828125 0.06328125 0.03671875
0 0.24375 0.7375 0.07265625 0.06015625
0 0.871875 0.28984375 0.09609375 0.046875
0 0.0234375 0.728125 0.0390625 0.05