0 0.71171875 0.63359375 0.08984375 0.0875
0 0.49375 0.9375 0.0734375 0.084375
0 0.753125 0.9203125 0.0578125 0.0796875
0 0.14140625 0.41171875 0.04921875 0.0484375
0 0.12734375 0.2890625 0.046875 0.06484375
0 0.0359375 0.3640625 0.0375 0.053125
0 0.0546875 0.11015625 0.05 0.04453125
0 0.453125 0.1984375 0.0546875 0.059375
0 0.36171875 0.23203125 0.04140625 0.046875
0 0.4640625 0.3484375 0.04609375 0.04375
0 0.9578125 0.38515625 0.046875 0.0578125
0 0.7640625 0.28515625 0.04609375 0.04453125
0 0.66953125 0.3421875 0.05078125 0.0421875
0 0.796875 0.14765625 0.03046875 0.05
0 0.86953125 0.140625 0.0578125 0.06015625
0 0.15546875 0.534375 0.040625 0.04609375
0 0.2390625 0.52265625 0.0703125 0.053125
0 0.075 0.59375 0.04921875 0.0515625
0 0.584375 0.50234375 0.0546875 0.0609375
0 0.8 0.5828125 0.04375 0.03359375
0 0.859375 0.75078125 0.0375 0.04296875
0 0.3734375 0.4625 0.05 0.05
0 0.5734375 0.2796875 0.0609375 0.07421875
0 0.2046875 0.0859375 0.05703125 0.06796875
0 0.41171875 0.55390625 0.0390625 0.04453125
0 0.58515625 0.61796875 0.04453125 0.0484375
0 0.98515625 0.51328125 0.0296875 0.04453125