0 0.5546875 0.61484375 0.06171875 0.04296875
0 0.6828125 0.546875 0.0515625 0.05234375
0 0.6484375 0.8546875 0.05390625 0.04453125
0 0.2859375 0.9421875 0.0546875 0.046875
0 0.38671875 0.58203125 0.0546875 0.046875
0 0.57109375 0.11796875 0.046875 0.03203125
0 0.665625 0.24375 0.0421875 0.03671875
0 0.628125 0.79375 0.02890625 0.021875
0 0.29140625 0.453125 0.02890625 0.0234375
0 0.95234375 0.73671875 0.0265625 0.0234375
0 0.74609375 0.27421875 0.0375 0.02890625
0 0.68203125 0.6921875 0.02734375 0.02265625
0 0.69375 0.325 0.025 0.01875
0 0.090625 0.321875 0.03203125 0.02421875
0 0.94765625 0.35859375 0.02109375 0.0171875
0 0.7 0.634375 0.03359375 0.0328125
0 0.0109375 0.1734375 0.021875 0.025
0 0.96328125 0.25390625 0.03359375 0.02578125
0 0.08046875 0.03515625 0.0390625 0.02578125