0 0.43671875 0.58359375 0.05703125 0.053125
0 0.7234375 0.65078125 0.0515625 0.05625
0 0.83671875 0.66640625 0.04765625 0.04375
4 0.9625 0.86171875 0.0609375 0.0640625
0 0.59765625 0.76640625 0.05078125 0.0515625
0 0.40078125 0.8453125 0.05625 0.0359375
0 0.5125 0.865625 0.05078125 0.03671875
0 0.28359375 0.9390625 0.06171875 0.04921875
0 0.85234375 0.7234375 0.06484375 0.0375
0 0.38046875 0.66171875 0.0546875 0.04453125
0 0.43203125 0.89140625 0.04765625 0.03359375
0 0.40625 0.965625 0.0484375 0.04375
0 0.52578125 0.9515625 0.04375 0.0359375
0 0.61640625 0.94140625 0.0328125 0.04453125
0 0.696875 0.9421875 0.03984375 0.03203125
0 0.6984375 0.79296875 0.03203125 0.03203125
0 0.61015625 0.83515625 0.03828125 0.03671875
0 0.3546875 0.71171875 0.0453125 0.03125
0 0.4671875 0.92578125 0.034375 0.03125
0 0.59140625 0.2734375 0.02734375 0.025
0 0.6515625 0.24921875 0.01484375 0.015625
0 0.615625 0.2265625 0.0234375 0.01953125
0 0.671875 0.56796875 0.034375 0.0234375
0 0.73671875 0.5921875 0.03125 0.0296875
0 0.9234375 0.70625 0.03125 0.03203125
0 0.67109375 0.75703125 0.03125 0.028125