0 0.16328125 0.20078125 0.04453125 0.0765625
0 0.31796875 0.3015625 0.05625 0.05625
0 0.27734375 0.603125 0.04375 0.05390625
0 0.43203125 0.6421875 0.04375 0.05859375
0 0.71953125 0.56015625 0.04609375 0.06328125
0 0.6578125 0.91796875 0.03125 0.034375
0 0.47734375 0.9390625 0.05859375 0.03984375
0 0.1375 0.8546875 0.0515625 0.05703125
0 0.26796875 0.97734375 0.04296875 0.04453125
0 0.74140625 0.871875 0.03515625 0.0515625
0 0.4859375 0.5375 0.04140625 0.0546875
0 0.55 0.58046875 0.04453125 0.05546875
0 0.4328125 0.82734375 0.02265625 0.02734375
0 0.55 0.903125 0.0265625 0.02890625
0 0.69453125 0.959375 0.02734375 0.0203125
0 0.38046875 0.3421875 0.03125 0.040625
0 0.25703125 0.71953125 0.05234375 0.0546875