0 0.265625 0.58984375 0.06015625 0.0703125
0 0.728125 0.6828125 0.0671875 0.071875
0 0.921875 0.8171875 0.040625 0.06015625
0 0.57421875 0.915625 0.04765625 0.046875
0 0.7078125 0.228125 0.0546875 0.06640625
0 0.2515625 0.2671875 0.05625 0.07421875
0 0.3625 0.471875 0.0421875 0.04453125
0 0.4234375 0.0828125 0.03828125 0.05625
0 0.4828125 0.38828125 0.05078125 0.046875
0 0.421875 0.2859375 0.03515625 0.05234375
0 0.559375 0.68046875 0.03828125 0.05625
0 0.46171875 0.653125 0.06171875 0.06015625
0 0.64609375 0.37265625 0.040625 0.05859375
0 0.9703125 0.69296875 0.0421875 0.0546875
0 0.08125 0.4375 0.06015625 0.04296875
0 0.4375 0.53984375 0.03203125 0.03984375
0 0.5359375 0.5203125 0.025 0.0328125
0 0.35625 0.509375 0.02421875 0.02421875
0 0.490625 0.33125 0.02734375 0.0296875
0 0.45 0.165625 0.03046875 0.0359375
0 0.13984375 0.359375 0.0484375 0.04375
0 0.45625 0.86640625 0.03828125 0.0390625
0 0.62421875 0.9640625 0.03828125 0.02890625
0 0.97265625 0.78984375 0.04453125 0.034375