0 0.30703125 0.40390625 0.08046875 0.1375
0 0.73203125 0.2796875 0.078125 0.1390625
0 0.56328125 0.31796875 0.0609375 0.0953125
0 0.48203125 0.2109375 0.0671875 0.08671875
0 0.64609375 0.56953125 0.07109375 0.109375
0 0.84921875 0.14375 0.07734375 0.09296875
0 0.5703125 0.1203125 0.06328125 0.1109375
0 0.875 0.6171875 0.0546875 0.11484375
0 0.82890625 0.9265625 0.04609375 0.0828125
0 0.73515625 0.4609375 0.03515625 0.07265625
0 0.66796875 0.16640625 0.03515625 0.07890625
0 0.71953125 0.14765625 0.03828125 0.0609375
0 0.7828125 0.17578125 0.03125 0.05234375
0 0.82421875 0.28203125 0.0375 0.0703125
0 0.8234375 0.0296875 0.06171875 0.05859375
0 0.2078125 0.55859375 0.05625 0.0828125
0 0.15625 0.3828125 0.05703125 0.0953125
0 0.31875 0.6 0.05078125 0.096875
0 0.23984375 0.55234375 0.0359375 0.06640625
0 0.24921875 0.29296875 0.0484375 0.08515625