0 0.6203125 0.609375 0.053125 0.0609375
0 0.83984375 0.684375 0.046875 0.053125
0 0.2203125 0.5203125 0.059375 0.053125
0 0.37578125 0.6921875 0.04765625 0.04609375
0 0.2859375 0.5828125 0.03828125 0.04140625
0 0.64140625 0.8 0.04453125 0.04453125
0 0.55625 0.91484375 0.0421875 0.0453125
0 0.60234375 0.965625 0.04453125 0.04375
0 0.4421875 0.81171875 0.059375 0.065625
0 0.48359375 0.1703125 0.0546875 0.05234375
0 0.95234375 0.3625 0.06328125 0.0734375
0 0.8875 0.971875 0.0484375 0.04921875
0 0.10390625 0.815625 0.05859375 0.06796875
0 0.1125 0.0625 0.05703125 0.0546875
0 0.71328125 0.31484375 0.0625 0.078125
0 0.77734375 0.24609375 0.05703125 0.0546875
0 0.9921875 0.653125 0.01484375 0.05