0 0.3 0.646875 0.02578125 0.04375
0 0.275 0.50625 0.0234375 0.0390625
0 0.40703125 0.5171875 0.021875 0.04140625
0 0.3453125 0.34140625 0.0171875 0.03828125
0 0.5109375 0.34765625 0.01484375 0.02890625
0 0.3296875 0.8109375 0.0234375 0.0328125
0 0.3046875 0.4765625 0.0171875 0.03359375
0 0.2171875 0.30546875 0.021875 0.0328125
0 0.378125 0.28203125 0.01796875 0.03671875
0 0.4984375 0.26875 0.02109375 0.03125
0 0.5546875 0.41015625 0.01796875 0.0375
0 0.5421875 0.35078125 0.0140625 0.0265625
0 0.5796875 0.37890625 0.01953125 0.028125
0 0.56640625 0.571875 0.015625 0.0328125
0 0.5125 0.58984375 0.01328125 0.02265625
0 0.5421875 0.584375 0.0140625 0.028125
0 0.478125 0.440625 0.01953125 0.02265625
0 0.46953125 0.30078125 0.0140625 0.028125
0 0.321875 0.346875 0.01875 0.0375
0 0.18828125 0.446875 0.01640625 0.03125
0 0.2671875 0.32890625 0.0171875 0.02734375
0 0.32734375 0.2703125 0.02109375 0.0234375
0 0.446875 0.1703125 0.0109375 0.02890625
0 0.51953125 0.1265625 0.02109375 0.0265625
0 0.43671875 0.325 0.0140625 0.02890625
0 0.34453125 0.4140625 0.01640625 0.02265625
0 0.24375 0.43984375 0.015625 0.03046875
0 0.32265625 0.51015625 0.0140625 0.0265625
0 0.5 0.31875 0.015625 0.03046875
0 0.40859375 0.29375 0.015625 0.0296875
0 0.55546875 0.20703125 0.0125 0.02890625
0 0.26640625 0.65546875 0.015625 0.0265625
0 0.18203125 0.57265625 0.01875 0.03125
0 0.43671875 0.5265625 0.0140625 0.03203125
0 0.4265625 0.16640625 0.0125 0.0234375
0 0.46015625 0.20546875 0.01171875 0.0171875