0 0.2703125 0.66875 0.0640625 0.05
0 0.37109375 0.49296875 0.059375 0.040625
0 0.16015625 0.57734375 0.04140625 0.0359375
0 0.2875 0.5953125 0.0359375 0.03046875
0 0.378125 0.60859375 0.0375 0.0359375
0 0.121875 0.3796875 0.0203125 0.0265625
0 0.7375 0.2125 0.02890625 0.0265625
0 0.709375 0.175 0.0234375 0.02265625
0 0.903125 0.4578125 0.0265625 0.0265625
0 0.1765625 0.24453125 0.02109375 0.021875
0 0.2125 0.578125 0.0265625 0.021875
0 0.15078125 0.4390625 0.01953125 0.025
0 0.678125 0.2109375 0.015625 0.01875
0 0.91640625 0.23046875 0.01875 0.025
0 0.43203125 0.6328125 0.0265625 0.02890625
0 0.74765625 0.2359375 0.0140625 0.0171875
0 0.928125 0.50078125 0.0234375 0.01953125
0 0.14453125 0.6546875 0.03046875 0.02421875
0 0.103125 0.6328125 0.0234375 0.02578125
0 0.7578125 0.2984375 0.0171875 0.015625
0 0.853125 0.47265625 0.01328125 0.01328125
0 0.4 0.76875 0.0203125 0.01640625
0 0.02734375 0.53671875 0.03046875 0.0375
0 0.4375 0.73671875 0.02265625 0.01953125
0 0.0703125 0.64375 0.0171875 0.01875
0 0.81484375 0.45390625 0.0234375 0.025
0 0.98828125 0.14921875 0.0234375 0.0328125
0 0.5484375 0.79765625 0.025 0.02421875
0 0.4453125 0.54375 0.0234375 0.02109375
0 0.2015625 0.85078125 0.02421875 0.02265625
0 0.49765625 0.59921875 0.0265625 0.02890625
0 0.6125 0.58828125 0.03203125 0.03203125
0 0.19765625 0.45234375 0.0375 0.0296875
0 0.19453125 0.6640625 0.02421875 0.03125
0 0.453125 0.684375 0.03203125 0.03203125
0 0.51484375 0.6484375 0.025 0.028125