0 0.36875 0.525 0.065625 0.06328125
0 0.53828125 0.8078125 0.07578125 0.0671875
0 0.17734375 0.94453125 0.07109375 0.05703125
0 0.834375 0.82421875 0.0515625 0.04765625
0 0.4875 0.41171875 0.04921875 0.0453125
0 0.64453125 0.43984375 0.046875 0.04765625
0 0.21328125 0.05 0.0546875 0.04296875
0 0.37734375 0.11953125 0.0609375 0.04921875
0 0.35859375 0.21484375 0.04921875 0.05703125
0 0.50078125 0.275 0.05546875 0.05234375
0 0.70390625 0.22890625 0.04296875 0.04921875
0 0.93046875 0.51484375 0.0453125 0.05078125
0 0.73828125 0.60625 0.03671875 0.03828125
0 0.35234375 0.33671875 0.04921875 0.03828125
0 0.1375 0.68359375 0.05703125 0.05390625