0 0.3953125 0.128125 0.05859375 0.10390625
0 0.234375 0.2359375 0.03984375 0.059375
0 0.58828125 0.21484375 0.03359375 0.0765625
0 0.95859375 0.31953125 0.0484375 0.10390625
0 0.7171875 0.0703125 0.0375 0.06328125
0 0.11953125 0.22734375 0.0421875 0.06875
0 0.26171875 0.5515625 0.03671875 0.059375
0 0.396875 0.47109375 0.03515625 0.06484375
0 0.40625 0.275 0.03125 0.05234375
0 0.47109375 0.21796875 0.04375 0.0796875
0 0.5359375 0.11640625 0.03125 0.0609375
0 0.53671875 0.51171875 0.040625 0.07265625
0 0.48984375 0.63828125 0.04375 0.06875
0 0.4171875 0.696875 0.0515625 0.07421875
0 0.70234375 0.3421875 0.04609375 0.08203125
0 0.77734375 0.50546875 0.0421875 0.06328125
0 0.6 0.684375 0.02734375 0.05
0 0.76015625 0.84296875 0.0515625 0.0765625
0 0.92109375 0.77890625 0.03125 0.06328125
0 0.18515625 0.35078125 0.04921875 0.0703125
0 0.340625 0.3703125 0.03359375 0.0578125
0 0.13046875 0.87265625 0.0515625 0.0765625
0 0.17734375 0.75546875 0.04296875 0.06875
0 0.26953125 0.68828125 0.0296875 0.05390625
0 0.75078125 0.215625 0.0328125 0.0640625
0 0.22421875 0.63046875 0.034375 0.06171875
0 0.58828125 0.8765625 0.03984375 0.06328125
0 0.15859375 0.1484375 0.02890625 0.0546875
0 0.4390625 0.52109375 0.028125 0.05546875
0 0.46640625 0.8859375 0.0265625 0.04453125
0 0.6 0.0171875 0.0203125 0.03046875
0 0.634375 0.271875 0.02578125 0.04375
0 0.128125 0.0390625 0.0328125 0.05703125
0 0.628125 0.1234375 0.028125 0.05703125
0 0.9296875 0.58046875 0.03125 0.0515625
0 0.16640625 0.27890625 0.02890625 0.05078125
0 0.23515625 0.43515625 0.0203125 0.034375
0 0.95546875 0.68828125 0.0296875 0.05234375
0 0.634375 0.934375 0.03046875 0.05234375
0 0.5015625 0.359375 0.0359375 0.05625
0 0.5375 0.77890625 0.02890625 0.0546875
0 0.665625 0.6609375 0.0328125 0.05390625
0 0.96484375 0.82890625 0.03125 0.05234375
0 0.7609375 0.409375 0.0234375 0.03984375
0 0.8625 0.678125 0.0265625 0.0421875
0 0.825 0.69140625 0.03125 0.06015625
0 0.86328125 0.15546875 0.03359375 0.06015625
0 0.0640625 0.13125 0.0234375 0.053125
0 0.83515625 0.93203125 0.03046875 0.04921875
0 0.63046875 0.79296875 0.034375 0.0515625
0 0.3078125 0.86328125 0.034375 0.071875
0 0.0609375 0.73125 0.03515625 0.065625
0 0.1703125 0.534375 0.028125 0.0453125
0 0.18359375 0.940625 0.021875 0.0390625
0 0.24296875 0.425 0.02109375 0.03828125
0 0.08671875 0.39765625 0.02265625 0.040625
0 0.1484375 0.60859375 0.03359375 0.0578125
0 0.19921875 0.08515625 0.03203125 0.0484375
0 0.31015625 0.259375 0.0375 0.0609375
0 0.43359375 0.38125 0.0296875 0.06171875