0 0.090625 0.64765625 0.03828125 0.0515625
0 0.1109375 0.821875 0.03203125 0.053125
0 0.334375 0.74375 0.03046875 0.0453125
0 0.2140625 0.1140625 0.02734375 0.03046875
0 0.15859375 0.346875 0.03203125 0.0515625
0 0.109375 0.42578125 0.03828125 0.0421875
0 0.1828125 0.46796875 0.03203125 0.034375
0 0.1296875 0.50859375 0.03046875 0.025
0 0.353125 0.44296875 0.02890625 0.0421875
0 0.30078125 0.50625 0.03359375 0.03046875
0 0.2484375 0.5796875 0.02734375 0.0421875
0 0.37421875 0.6125 0.03046875 0.0453125
0 0.21796875 0.22265625 0.021875 0.03828125
0 0.4734375 0.03359375 0.03515625 0.04375
0 0.4578125 0.14453125 0.03203125 0.03828125
0 0.44609375 0.22890625 0.03046875 0.03203125
0 0.44609375 0.3328125 0.02421875 0.034375
0 0.41875 0.43515625 0.02734375 0.0421875
0 0.42109375 0.60859375 0.021875 0.03046875
0 0.4796875 0.76015625 0.03515625 0.02890625
0 0.49453125 0.621875 0.021875 0.03828125
0 0.4734375 0.2 0.021875 0.03046875
0 0.6328125 0.36796875 0.02578125 0.03984375
0 0.771875 0.4328125 0.02421875 0.0359375
0 0.6 0.98203125 0.03046875 0.03203125
0 0.4671875 0.82421875 0.02578125 0.0359375
0 0.359375 0.5640625 0.02578125 0.03984375
0 0.8265625 0.33828125 0.01875 0.034375
0 0.77265625 0.09609375 0.02578125 0.03984375
0 0.8984375 0.27578125 0.02734375 0.03046875
0 0.8359375 0.25546875 0.02578125 0.0359375
0 0.9796875 0.56953125 0.02421875 0.03203125
0 0.7140625 0.88515625 0.02421875 0.02890625
0 0.97890625 0.71875 0.02578125 0.03828125
0 0.97890625 0.78515625 0.02890625 0.034375
0 0.7890625 0.0453125 0.03359375 0.034375
0 0.89296875 0.12265625 0.021875 0.0359375
0 0.184375 0.09765625 0.03203125 0.04375
0 0.34453125 0.02109375 0.03515625 0.03046875
0 0.5015625 0.3484375 0.03359375 0.0390625