0 0.34609375 0.62265625 0.0234375 0.03046875
0 0.4328125 0.66328125 0.02265625 0.03203125
0 0.53984375 0.7484375 0.01640625 0.02421875
0 0.33359375 0.46640625 0.0203125 0.04453125
0 0.46953125 0.81875 0.01875 0.0265625
0 0.20390625 0.496875 0.02578125 0.0359375
0 0.44296875 0.57109375 0.0109375 0.01484375
0 0.68984375 0.48046875 0.01015625 0.0125
0 0.29453125 0.60703125 0.02109375 0.02890625
0 0.27890625 0.48046875 0.0203125 0.0265625
0 0.58046875 0.903125 0.01796875 0.025
0 0.740625 0.64453125 0.01015625 0.01171875
0 0.2921875 0.54375 0.01015625 0.01328125
0 0.43515625 0.72109375 0.00703125 0.01015625
0 0.0515625 0.378125 0.01484375 0.021875
0 0.28203125 0.57421875 0.0109375 0.015625
0 0.1078125 0.72421875 0.01171875 0.0171875
0 0.5203125 0.4953125 0.00703125 0.01015625
0 0.26796875 0.41015625 0.00625 0.01015625
0 0.375 0.5109375 0.00703125 0.01015625
0 0.48359375 0.690625 0.0140625 0.021875
0 0.1671875 0.58359375 0.01875 0.01875
0 0.4875 0.81953125 0.0125 0.02109375
0 0.178125 0.1375 0.01640625 0.021875