0 0.1796875 0.2015625 0.0859375 0.08125
0 0.49765625 0.47890625 0.01640625 0.0203125
0 0.509375 0.3375 0.0140625 0.0171875
0 0.55859375 0.3953125 0.0171875 0.01875
0 0.28515625 0.48359375 0.01640625 0.0234375
0 0.61015625 0.2515625 0.01328125 0.01953125
0 0.3578125 0.46640625 0.01796875 0.02265625
0 0.41953125 0.4921875 0.01328125 0.015625
0 0.5578125 0.63671875 0.01328125 0.015625
0 0.3796875 0.6140625 0.01015625 0.01328125
0 0.509375 0.515625 0.01484375 0.01640625
0 0.58515625 0.52734375 0.0140625 0.01796875
0 0.37734375 0.53828125 0.0125 0.0140625
0 0.50625 0.2578125 0.015625 0.0171875
0 0.54140625 0.540625 0.01484375 0.01796875
0 0.4234375 0.58515625 0.015625 0.01953125
0 0.55 0.4828125 0.0125 0.015625
0 0.384375 0.57109375 0.0125 0.015625
0 0.275 0.43671875 0.01328125 0.0203125
0 0.87578125 0.2875 0.015625 0.02109375
0 0.8125 0.14453125 0.015625 0.02109375
0 0.51875 0.66875 0.0140625 0.01796875
0 0.4375 0.6703125 0.01328125 0.015625
0 0.35546875 0.37734375 0.0203125 0.01953125
0 0.57578125 0.44921875 0.0125 0.01484375
0 0.35625 0.57890625 0.0125 0.01484375
0 0.54609375 0.5734375 0.0140625 0.01640625
0 0.196875 0.928125 0.01640625 0.0203125
0 0.590625 0.55625 0.01171875 0.01484375
0 0.42734375 0.7203125 0.0109375 0.01484375
0 0.425 0.45078125 0.021875 0.02421875
0 0.5015625 0.6109375 0.01484375 0.01796875
0 0.63125 0.6390625 0.0109375 0.01640625
0 0.30625 0.35625 0.028125 0.02734375
0 0.69765625 0.54296875 0.01484375 0.0234375
0 0.2640625 0.684375 0.01171875 0.0140625
0 0.4625 0.6 0.01328125 0.01640625