0 0.76953125 0.15546875 0.0765625 0.0703125
0 0.5078125 0.48359375 0.0328125 0.0328125
0 0.46640625 0.340625 0.0140625 0.01875
0 0.71015625 0.45 0.01640625 0.02265625
0 0.57890625 0.4796875 0.01328125 0.015625
0 0.425 0.40546875 0.0171875 0.0203125
0 0.46328125 0.64375 0.0140625 0.01640625
0 0.4203125 0.540625 0.01328125 0.0171875
0 0.35234375 0.2734375 0.01328125 0.0203125
0 0.49296875 0.5171875 0.0140625 0.01484375
0 0.628125 0.51875 0.0109375 0.0125
0 0.7125 0.4015625 0.0125 0.0171875
0 0.6328125 0.44296875 0.025 0.028125
0 0.5890625 0.57109375 0.01640625 0.01953125
0 0.09609375 0.34921875 0.0171875 0.021875
0 0.62421875 0.35703125 0.01875 0.0203125
0 0.13515625 0.196875 0.015625 0.021875
0 0.86640625 0.87578125 0.015625 0.0203125
0 0.46484375 0.54765625 0.0140625 0.0171875
0 0.4484375 0.49140625 0.01484375 0.01953125
0 0.63671875 0.59453125 0.0109375 0.01328125
0 0.5078125 0.66875 0.01484375 0.01953125
0 0.5875 0.65859375 0.0125 0.01484375
0 0.41953125 0.46328125 0.0140625 0.01640625
0 0.62578125 0.55234375 0.0109375 0.01328125
0 0.6703125 0.325 0.02421875 0.02421875
0 0.7140625 0.6125 0.01484375 0.0171875
0 0.6078125 0.57265625 0.0125 0.01484375
0 0.928125 0.02109375 0.02109375 0.0203125
0 0.7359375 0.16015625 0.01875 0.02109375
0 0.45703125 0.2625 0.015625 0.01875
0 0.3921875 0.65859375 0.0125 0.01796875
0 0.7078125 0.6984375 0.0140625 0.01640625
0 0.3109375 0.571875 0.0125 0.02265625
0 0.28046875 0.44140625 0.01953125 0.03671875
0 0.5140625 0.60859375 0.01640625 0.0234375
0 0.55625 0.6609375 0.01171875 0.015625
0 0.3046875 0.30625 0.0234375 0.0328125
0 0.61796875 0.71015625 0.01484375 0.01640625
0 0.31015625 0.6765625 0.028125 0.034375
0 0.56875 0.4359375 0.028125 0.0296875
0 0.753125 0.5359375 0.0578125 0.08046875
0 0.7484375 0.88984375 0.0234375 0.028125
0 0.3609375 0.409375 0.025 0.03984375
0 0.29375 0.08359375 0.0515625 0.075
0 0.86328125 0.06328125 0.021875 0.021875
0 0.771875 0.6703125 0.015625 0.01953125
0 0.55703125 0.85234375 0.01875 0.02890625
0 0.2546875 0.1859375 0.0234375 0.03125
0 0.496875 0.78984375 0.0203125 0.0171875
0 0.1515625 0.184375 0.01640625 0.0234375
0 0.4640625 0.58828125 0.01875 0.028125
0 0.42265625 0.571875 0.02265625 0.02578125
0 0.56796875 0.34375 0.028125 0.028125
0 0.35234375 0.3515625 0.03828125 0.01875
0 0.43203125 0.32578125 0.034375 0.02578125
0 0.4328125 0.37265625 0.01875 0.02578125
0 0.6109375 0.4078125 0.02109375 0.0171875
0 0.471875 0.503125 0.01015625 0.0171875
0 0.63828125 0.40859375 0.02578125 0.0125
0 0.6546875 0.553125 0.02421875 0.01875
0 0.5484375 0.5921875 0.028125 0.0171875
0 0.428125 0.60703125 0.01875 0.0125
0 0.60859375 0.528125 0.01875 0.0171875