0 0.62890625 0.8 0.01640625 0.0171875
0 0.66171875 0.78828125 0.01484375 0.0171875
0 0.68671875 0.79921875 0.01875 0.015625
0 0.74296875 0.81328125 0.01640625 0.01875
0 0.775 0.78671875 0.0171875 0.0203125
0 0.78203125 0.75859375 0.01875 0.0140625
0 0.846875 0.70859375 0.0171875 0.01953125
0 0.6546875 0.70703125 0.01640625 0.0203125
0 0.59296875 0.75 0.0171875 0.01484375
0 0.7171875 0.778125 0.01328125 0.01796875
0 0.71484375 0.74921875 0.01171875 0.0171875
0 0.8359375 0.76953125 0.0140625 0.0171875
0 0.815625 0.7953125 0.01953125 0.015625
0 0.79296875 0.8078125 0.0140625 0.01171875
0 0.78203125 0.84375 0.0140625 0.0140625
0 0.82578125 0.81484375 0.0125 0.0125
0 0.8546875 0.834375 0.0140625 0.0140625
0 0.80859375 0.8265625 0.009375 0.0125
0 0.8546875 0.75703125 0.0109375 0.0125
0 0.8875 0.7296875 0.0125 0.01328125
0 0.92109375 0.7484375 0.01875 0.015625
0 0.8171875 0.7375 0.015625 0.015625
0 0.76171875 0.8671875 0.01484375 0.0140625
0 0.66640625 0.76640625 0.0125 0.0125
0 0.69453125 0.7484375 0.0140625 0.01328125
0 0.81484375 0.84765625 0.0171875 0.0125
0 0.73125 0.7328125 0.0140625 0.0171875
0 0.5375 0.72578125 0.01171875 0.015625
0 0.11484375 0.29765625 0.015625 0.01484375
0 0.0953125 0.246875 0.0140625 0.015625
0 0.14296875 0.2265625 0.015625 0.01484375