0 0.396875 0.86796875 0.028125 0.02734375
0 0.56015625 0.66484375 0.02109375 0.025
0 0.46796875 0.68203125 0.01953125 0.0234375
0 0.553125 0.69765625 0.0171875 0.02109375
0 0.62265625 0.796875 0.0234375 0.02578125
0 0.66484375 0.7859375 0.01953125 0.0296875
0 0.69921875 0.7125 0.02890625 0.021875
0 0.7765625 0.76953125 0.0296875 0.02890625
0 0.69140625 0.6265625 0.02578125 0.02890625
0 0.7484375 0.640625 0.0234375 0.0234375
0 0.884375 0.69375 0.02890625 0.03515625
0 0.7765625 0.6859375 0.01953125 0.02109375
0 0.66015625 0.65546875 0.0234375 0.025
0 0.675 0.92265625 0.0328125 0.01953125