0 0.47890625 0.3921875 0.0265625 0.02890625
0 0.44453125 0.20625 0.02421875 0.02578125
0 0.4734375 0.2796875 0.021875 0.02265625
0 0.4 0.165625 0.01953125 0.021875
0 0.490625 0.22890625 0.01796875 0.01875
0 0.528125 0.24140625 0.0171875 0.01953125
0 0.559375 0.184375 0.02109375 0.021875
0 0.2765625 0.39921875 0.01953125 0.01875
0 0.6625 0.38984375 0.01953125 0.0203125
0 0.596875 0.353125 0.01796875 0.01875
0 0.3140625 0.35859375 0.01796875 0.0171875
0 0.3765625 0.3375 0.0203125 0.02109375
0 0.36875 0.38671875 0.01953125 0.0203125
0 0.2953125 0.4421875 0.0171875 0.0171875
0 0.83125 0.4734375 0.01796875 0.02265625
0 0.21953125 0.38984375 0.01484375 0.01875
0 0.56171875 0.3375 0.0203125 0.02109375
0 0.37734375 0.44765625 0.0171875 0.01640625
0 0.346875 0.46796875 0.01640625 0.0171875
0 0.51640625 0.28984375 0.0234375 0.0234375
0 0.6890625 0.36484375 0.0171875 0.01796875
0 0.4125 0.475 0.01875 0.01953125
0 0.63203125 0.3390625 0.01640625 0.01796875
0 0.54765625 0.41875 0.01640625 0.01875
0 0.06328125 0.76328125 0.01640625 0.0203125
0 0.83203125 0.5484375 0.01640625 0.02109375
0 0.740625 0.39140625 0.01875 0.02109375
0 0.2984375 0.584375 0.0171875 0.0171875
0 0.7015625 0.3296875 0.01953125 0.02421875
0 0.39375 0.29375 0.0234375 0.0296875
0 0.353125 0.54296875 0.01796875 0.01796875
0 0.184375 0.5203125 0.01875 0.0203125
0 0.1046875 0.60859375 0.01875 0.02265625
0 0.05546875 0.8421875 0.01640625 0.0203125
0 0.0953125 0.8109375 0.01640625 0.01953125
0 0.45859375 0.33359375 0.02109375 0.021875
0 0.115625 0.72734375 0.01640625 0.01796875
0 0.04921875 0.66875 0.01640625 0.01953125
0 0.125 0.659375 0.01953125 0.01953125
0 0.5640625 0.72265625 0.02421875 0.02265625
0 0.946875 0.4234375 0.02578125 0.025
0 0.73359375 0.565625 0.021875 0.01796875
0 0.55625 0.659375 0.021875 0.02109375
0 0.5109375 0.45703125 0.0234375 0.0203125
0 0.6796875 0.13671875 0.0203125 0.02265625
0 0.58671875 0.11640625 0.025 0.0265625
0 0.64765625 0.5375 0.02109375 0.021875
0 0.47890625 0.57421875 0.01875 0.02109375
0 0.7578125 0.67421875 0.01796875 0.0203125
0 0.02265625 0.8828125 0.01484375 0.0203125
0 0.365625 0.70234375 0.01875 0.02109375
0 0.23828125 0.60078125 0.01875 0.01875
0 0.496875 0.084375 0.02578125 0.0265625
0 0.240625 0.675 0.01796875 0.02265625
0 0.8109375 0.1265625 0.02265625 0.0234375
0 0.9046875 0.23046875 0.02578125 0.02578125