0 0.46328125 0.39765625 0.0328125 0.0375
0 0.5203125 0.4953125 0.025 0.03203125
0 0.5875 0.46875 0.0234375 0.01953125
0 0.6453125 0.58046875 0.0171875 0.021875
0 0.60859375 0.61796875 0.01640625 0.01875
0 0.74609375 0.45859375 0.01796875 0.01796875
0 0.5859375 0.63984375 0.01953125 0.02265625
0 0.471875 0.3625 0.021875 0.01953125
0 0.678125 0.36796875 0.0234375 0.021875
0 0.70859375 0.41953125 0.02421875 0.0203125
0 0.403125 0.43125 0.02265625 0.01953125
0 0.19453125 0.35 0.02421875 0.0203125
0 0.50859375 0.678125 0.01875 0.021875
0 0.46328125 0.49609375 0.0171875 0.015625
0 0.7578125 0.50703125 0.01875 0.02109375
0 0.653125 0.3796875 0.0234375 0.0203125
0 0.78359375 0.60546875 0.01796875 0.02265625
0 0.29453125 0.17890625 0.01953125 0.01953125
0 0.35390625 0.2828125 0.021875 0.01953125
0 0.453125 0.29609375 0.01953125 0.01796875
0 0.38671875 0.715625 0.02578125 0.028125
0 0.79296875 0.4765625 0.01640625 0.01875
0 0.6546875 0.528125 0.01640625 0.01875
0 0.74921875 0.38828125 0.0171875 0.01875
0 0.67578125 0.50859375 0.0171875 0.01953125
0 0.7515625 0.7484375 0.02109375 0.021875
0 0.6140625 0.69921875 0.021875 0.0203125
0 0.3296875 0.4765625 0.0328125 0.02890625
0 0.49296875 0.58203125 0.02109375 0.02265625
0 0.62421875 0.259375 0.03359375 0.02578125
0 0.6578125 0.70390625 0.015625 0.01640625
0 0.39296875 0.12890625 0.01640625 0.01875
0 0.23984375 0.7234375 0.03203125 0.0359375
0 0.55625 0.2984375 0.02734375 0.025
0 0.14609375 0.60546875 0.0234375 0.02421875
0 0.71171875 0.5140625 0.015625 0.01875
0 0.8390625 0.678125 0.0140625 0.01953125
0 0.040625 0.5671875 0.02265625 0.02109375
0 0.49921875 0.275 0.0328125 0.025
0 0.30859375 0.24765625 0.01484375 0.015625
0 0.33359375 0.1421875 0.0171875 0.01796875