0 0.2296875 0.59609375 0.075 0.0578125
0 0.31015625 0.50625 0.0609375 0.0703125
0 0.41953125 0.434375 0.0671875 0.0828125
0 0.4796875 0.446875 0.025 0.0578125
0 0.415625 0.6796875 0.0453125 0.078125
0 0.690625 0.71015625 0.059375 0.0765625
0 0.78515625 0.8671875 0.0609375 0.0734375
0 0.921875 0.7859375 0.0875 0.1296875
0 0.96640625 0.56015625 0.0671875 0.10625
0 0.5984375 0.44453125 0.0625 0.0765625
0 0.75 0.4515625 0.0796875 0.1046875
0 0.79921875 0.3484375 0.053125 0.075
0 0.94765625 0.28828125 0.0640625 0.084375
0 0.7515625 0.2453125 0.0421875 0.0671875
0 0.8328125 0.16875 0.0484375 0.0734375
0 0.54140625 0.1828125 0.05625 0.0671875
0 0.6609375 0.0203125 0.0625 0.040625