0 0.64296875 0.6390625 0.02890625 0.04140625
0 0.63515625 0.83671875 0.03359375 0.0453125
0 0.88125 0.7671875 0.02890625 0.03359375
0 0.8296875 0.7109375 0.025 0.03125
0 0.775 0.83125 0.025 0.0328125
0 0.71640625 0.7671875 0.02109375 0.0328125
0 0.4890625 0.7625 0.021875 0.0328125
0 0.73828125 0.6078125 0.0125 0.0140625
0 0.7828125 0.9328125 0.01328125 0.015625
0 0.7453125 0.9796875 0.0203125 0.02265625
0 0.85234375 0.96640625 0.0171875 0.0203125
0 0.78828125 0.9953125 0.0140625 0.009375
0 0.14921875 0.221875 0.02421875 0.0296875
0 0.54765625 0.11171875 0.040625 0.03359375
0 0.078125 0.7875 0.021875 0.02421875
0 0.015625 0.76640625 0.02421875 0.03046875
0 0.58359375 0.13359375 0.046875 0.0453125
0 0.55625 0.06015625 0.03359375 0.03203125
0 0.7453125 0.3015625 0.0265625 0.0390625
0 0.140625 0.9234375 0.05234375 0.053125
0 0.45390625 0.825 0.02734375 0.03125
0 0.71171875 0.16328125 0.0328125 0.02890625
0 0.37578125 0.028125 0.03203125 0.03671875
0 0.15546875 0.81328125 0.04765625 0.0515625
0 0.834375 0.8140625 0.01875 0.02265625
0 0.62109375 0.44453125 0.04453125 0.04140625
0 0.4953125 0.2234375 0.03125 0.0296875
0 0.67890625 0.98359375 0.0328125 0.03046875
0 0.32890625 0.475 0.05390625 0.07265625
0 0.77109375 0.06015625 0.02109375 0.0265625
0 0.5984375 0.72890625 0.0546875 0.05546875
0 0.06875 0.6328125 0.071875 0.06015625
0 0.61640625 0.26484375 0.03671875 0.040625
0 0.87734375 0.2609375 0.0203125 0.028125
0 0.9625 0.48515625 0.0375 0.053125
0 0.2546875 0.71171875 0.040625 0.040625
0 0.4484375 0.4515625 0.0265625 0.03984375
0 0.22578125 0.7609375 0.01953125 0.02421875
0 0.71796875 0.37265625 0.05234375 0.0546875
0 0.46484375 0.415625 0.04765625 0.06875