0 0.7609375 0.49609375 0.0203125 0.03125
0 0.81875 0.4640625 0.0296875 0.025
0 0.83671875 0.5578125 0.0140625 0.025
0 0.8046875 0.6609375 0.02265625 0.0203125
0 0.7453125 0.6265625 0.02734375 0.0140625
0 0.6953125 0.61640625 0.02890625 0.0203125
0 0.72734375 0.5265625 0.03125 0.025
0 0.76171875 0.56875 0.03125 0.03359375
0 0.9015625 0.67265625 0.02265625 0.0203125
0 0.54609375 0.7296875 0.03359375 0.02109375
0 0.4265625 0.615625 0.0265625 0.02265625
0 0.47578125 0.52890625 0.03125 0.0359375
0 0.47109375 0.45078125 0.02265625 0.03359375
0 0.421875 0.51796875 0.03125 0.01640625
0 0.2890625 0.31484375 0.0359375 0.0359375
0 0.3734375 0.171875 0.0703125 0.0484375
0 0.32734375 0.609375 0.0328125 0.03515625
0 0.390625 0.5671875 0.03125 0.02890625
0 0.37421875 0.3671875 0.0203125 0.02265625
0 0.29921875 0.4390625 0.02265625 0.0171875
0 0.61171875 0.3671875 0.02265625 0.02265625
0 0.646875 0.42890625 0.02265625 0.0140625
0 0.696875 0.43046875 0.0203125 0.0171875
0 0.9078125 0.3265625 0.02734375 0.02734375
0 0.9109375 0.23046875 0.03125 0.025
0 0.4328125 0.6765625 0.03125 0.0109375
0 0.4796875 0.64296875 0.02109375 0.01875
0 0.51796875 0.6796875 0.01640625 0.01875
0 0.446875 0.8015625 0.02265625 0.02734375
0 0.39140625 0.73515625 0.02265625 0.0203125
0 0.35703125 0.7484375 0.02265625 0.0203125
0 0.33046875 0.67421875 0.02265625 0.02265625
0 0.31484375 0.7328125 0.0265625 0.0171875
0 0.3046875 0.8671875 0.0296875 0.0265625
0 0.2859375 0.6875 0.0296875 0.02734375
0 0.37421875 0.4984375 0.0296875 0.0234375
0 0.43828125 0.1546875 0.0203125 0.02734375
0 0.6140625 0.4984375 0.02265625 0.02109375
0 0.7140625 0.72265625 0.0171875 0.0140625
0 0.75390625 0.7203125 0.0171875 0.0171875
0 0.6140625 0.58203125 0.02890625 0.02734375
0 0.6296875 0.6765625 0.0171875 0.025
0 0.5875 0.6515625 0.0265625 0.0203125