0 0.596875 0.1875 0.06171875 0.09765625
0 0.88984375 0.3578125 0.090625 0.10625
0 0.478125 0.46640625 0.090625 0.0859375
0 0.5234375 0.34921875 0.0796875 0.0671875
0 0.3078125 0.4046875 0.0609375 0.0875
0 0.4546875 0.64921875 0.090625 0.096875
0 0.0828125 0.740625 0.0546875 0.0703125
0 0.09296875 0.634375 0.084375 0.0890625
0 0.175 0.93125 0.0796875 0.0921875
0 0.36015625 0.959375 0.0671875 0.08125
0 0.6421875 0.890625 0.03671875 0.04140625
0 0.56015625 0.02265625 0.090625 0.0453125
0 0.5640625 0.93984375 0.0453125 0.06015625
0 0.0484375 0.3890625 0.05234375 0.0484375
0 0.71875 0.68046875 0.03671875 0.04296875