0 0.2078125 0.47734375 0.02109375 0.0390625
0 0.3875 0.69765625 0.03125 0.03203125
0 0.35546875 0.5828125 0.0171875 0.01796875
0 0.534375 0.4015625 0.01328125 0.015625
0 0.390625 0.61640625 0.01640625 0.0203125
0 0.47734375 0.5015625 0.02265625 0.021875
0 0.3421875 0.70390625 0.01640625 0.01875
0 0.5375 0.49609375 0.01953125 0.0171875
0 0.52890625 0.36328125 0.02265625 0.02109375
0 0.2421875 0.50859375 0.01875 0.021875
0 0.6140625 0.715625 0.02578125 0.03046875
0 0.41171875 0.46875 0.02421875 0.02109375
0 0.4140625 0.63984375 0.0203125 0.0234375
0 0.321875 0.36875 0.025 0.02265625
0 0.59765625 0.43125 0.02421875 0.02109375
0 0.21640625 0.60625 0.01875 0.0234375
0 0.54765625 0.29609375 0.01953125 0.01796875
0 0.49140625 0.67734375 0.01875 0.021875
0 0.646875 0.28359375 0.0203125 0.01953125
0 0.80703125 0.35078125 0.02421875 0.01953125
0 0.50859375 0.58515625 0.01640625 0.01875
0 0.24921875 0.75078125 0.01875 0.01953125
0 0.346875 0.52734375 0.01640625 0.021875
0 0.25546875 0.45859375 0.0203125 0.01953125
0 0.66875 0.478125 0.03203125 0.02734375
0 0.325 0.50859375 0.01640625 0.0203125
0 0.375 0.259375 0.03359375 0.02578125
0 0.70625 0.17890625 0.0171875 0.01796875
0 0.29296875 0.4203125 0.02578125 0.021875
0 0.63984375 0.3765625 0.01875 0.01875
0 0.34765625 0.37890625 0.0234375 0.0203125
0 0.853125 0.6046875 0.0234375 0.0234375
0 0.44375 0.2984375 0.02578125 0.0234375
0 0.5015625 0.275 0.03125 0.02421875
0 0.6078125 0.1296875 0.01796875 0.01953125
0 0.2515625 0.38828125 0.0171875 0.01796875
0 0.96171875 0.56640625 0.0234375 0.0203125
0 0.60078125 0.31328125 0.01796875 0.01953125
0 0.759375 0.72421875 0.03125 0.034375
0 0.1609375 0.6765625 0.01328125 0.0203125
0 0.66640625 0.1421875 0.01875 0.01875
0 0.95390625 0.3203125 0.0265625 0.02265625
0 0.690625 0.24765625 0.0171875 0.0171875
0 0.28828125 0.5125 0.0171875 0.02109375
0 0.89375 0.0734375 0.01640625 0.01484375
0 0.81015625 0.31796875 0.034375 0.03359375
0 0.15234375 0.72421875 0.01328125 0.0171875
0 0.93828125 0.365625 0.02109375 0.01953125