0 0.5296875 0.4484375 0.01640625 0.01640625
0 0.52421875 0.3546875 0.0078125 0.0171875
0 0.4421875 0.4296875 0.01015625 0.0140625
0 0.5828125 0.42734375 0.01015625 0.0125
0 0.5390625 0.5015625 0.0078125 0.01484375
0 0.52109375 0.50625 0.0109375 0.0125
0 0.503125 0.51171875 0.00625 0.0125
0 0.5265625 0.5328125 0.0171875 0.01484375
0 0.509375 0.53359375 0.00625 0.00859375
0 0.5515625 0.51640625 0.0125 0.0171875
0 0.53359375 0.4734375 0.0125 0.0125
0 0.5203125 0.47265625 0.01015625 0.0171875
0 0.50859375 0.4140625 0.0046875 0.02109375
0 0.56796875 0.44765625 0.0125 0.01484375
0 0.5703125 0.4265625 0.0109375 0.01484375
0 0.61484375 0.4890625 0.0109375 0.00859375
0 0.50703125 0.4390625 0.0109375 0.0078125