0 0.2734375 0.40625 0.0328125 0.04140625
0 0.31796875 0.3890625 0.03125 0.0171875
0 0.3578125 0.44765625 0.03984375 0.0203125
0 0.37265625 0.4078125 0.02578125 0.0203125
0 0.2921875 0.3546875 0.025 0.0203125
0 0.36015625 0.3421875 0.01875 0.01875
0 0.51875 0.2140625 0.02265625 0.0015625
0 0.2984375 0.32890625 0.0125 0.01875
0 0.31875 0.3265625 0.02265625 0.01875
0 0.24375 0.35859375 0.02578125 0.01875
0 0.265625 0.36875 0.01640625 0.0140625
0 0.34453125 0.3234375 0.01015625 0.0125
0 0.4 0.415625 0.01015625 0.0125
0 0.2890625 0.2609375 0.01015625 0.01484375
0 0.3453125 0.3765625 0.009375 0.0125
0 0.2671875 0.4015625 0.0109375 0.01484375
0 0.3015625 0.428125 0.0109375 0.0125
0 0.3125 0.353125 0.009375 0.0125
0 0.240625 0.42734375 0.01015625 0.0140625
0 0.3359375 0.2875 0.0109375 0.0140625
0 0.32890625 0.37109375 0.0109375 0.01328125
0 0.33515625 0.4484375 0.009375 0.0125
0 0.278125 0.44921875 0.0109375 0.0140625
0 0.28515625 0.3984375 0.01015625 0.01328125
0 0.29765625 0.4515625 0.01015625 0.01171875
0 0.25546875 0.48359375 0.01015625 0.01328125
0 0.2125 0.4 0.01171875 0.015625
0 0.31640625 0.41328125 0.01015625 0.015625
0 0.36484375 0.403125 0.009375 0.0109375
0 0.41015625 0.33828125 0.01015625 0.0140625
0 0.26953125 0.3359375 0.01015625 0.01484375
0 0.396875 0.4609375 0.01015625 0.01328125
0 0.19140625 0.41875 0.01015625 0.01328125
0 0.3890625 0.503125 0.00859375 0.0109375
0 0.25078125 0.30078125 0.01171875 0.0171875
0 0.28359375 0.50625 0.0109375 0.0140625
0 0.3109375 0.48671875 0.01015625 0.0125
0 0.1640625 0.4171875 0.0109375 0.01484375
0 0.19375 0.39296875 0.0109375 0.01484375
0 0.2390625 0.4921875 0.0109375 0.01328125
0 0.353125 0.525 0.01015625 0.01328125
0 0.4 0.51796875 0.01015625 0.01328125
0 0.27578125 0.228125 0.01015625 0.0140625
0 0.3109375 0.5125 0.01171875 0.01484375
0 0.18515625 0.35234375 0.01171875 0.015625
0 0.13046875 0.4078125 0.01171875 0.0140625
0 0.43984375 0.49609375 0.009375 0.01328125
0 0.30546875 0.5484375 0.01015625 0.01171875
0 0.13359375 0.5046875 0.01171875 0.015625
0 0.4546875 0.46171875 0.00859375 0.01171875
0 0.08671875 0.48125 0.0109375 0.01328125
0 0.190625 0.528125 0.01171875 0.01328125
0 0.159375 0.5203125 0.009375 0.0140625
0 0.22109375 0.33515625 0.0125 0.01796875
0 0.45390625 0.5078125 0.00859375 0.0125
0 0.12578125 0.3265625 0.0109375 0.015625
0 0.3375 0.57109375 0.01171875 0.0125
0 0.41328125 0.55625 0.0109375 0.0125
0 0.22421875 0.56015625 0.0125 0.01484375
0 0.4515625 0.53359375 0.009375 0.0125
0 0.47734375 0.4640625 0.00859375 0.01171875
0 0.48046875 0.40390625 0.009375 0.01328125
0 0.09375 0.55625 0.0109375 0.01328125
0 0.32265625 0.509375 0.0109375 0.01328125
0 0.4828125 0.5171875 0.01015625 0.0125
0 0.328125 0.04765625 0.0109375 0.0140625
0 0.44921875 0.3015625 0.01171875 0.01484375
0 0.2609375 0.55859375 0.01171875 0.0140625
0 0.259375 0.19921875 0.0140625 0.01796875
0 0.35703125 0.04453125 0.0109375 0.0140625
0 0.046875 0.6203125 0.01015625 0.0140625