0 0.1796875 0.27890625 0.0515625 0.03984375
0 0.6390625 0.4265625 0.0421875 0.0265625
0 0.61015625 0.2171875 0.03359375 0.03125
0 0.18671875 0.7140625 0.0578125 0.04375
0 0.56328125 0.68125 0.03359375 0.0296875
0 0.52265625 0.59296875 0.03515625 0.03359375
0 0.68515625 0.5828125 0.0265625 0.0265625
0 0.7453125 0.50859375 0.025 0.025
0 0.7453125 0.36796875 0.0296875 0.02109375
0 0.81875 0.24296875 0.03359375 0.025
0 0.9453125 0.18515625 0.02890625 0.03359375
0 0.975 0.37578125 0.03359375 0.0296875
0 0.8984375 0.31953125 0.02890625 0.02109375
0 0.87578125 0.4 0.0265625 0.0328125
0 0.9 0.61796875 0.0265625 0.025
0 0.8390625 0.61796875 0.03984375 0.02734375