0 0.96875 0.8203125 0.0609375 0.0921875
0 0.7515625 0.28125 0.059375 0.0625
0 0.3828125 0.51796875 0.0875 0.071875
0 0.3125 0.39765625 0.0625 0.0484375
0 0.20078125 0.36875 0.034375 0.046875
0 0.596875 0.2046875 0.0640625 0.0671875
0 0.65859375 0.4859375 0.02109375 0.025
0 0.36484375 0.18828125 0.03671875 0.03125
0 0.4421875 0.92265625 0.015625 0.01875
0 0.38125 0.23203125 0.03125 0.03515625
0 0.3171875 0.68828125 0.02265625 0.0453125
0 0.8390625 0.27421875 0.01484375 0.0265625
0 0.8390625 0.91875 0.01484375 0.021875
0 0.46015625 0.08828125 0.02890625 0.021875
0 0.946875 0.47578125 0.0328125 0.05703125
0 0.19453125 0.6859375 0.03203125 0.034375
0 0.10625 0.92109375 0.01640625 0.01953125
0 0.70703125 0.0484375 0.0203125 0.0265625
0 0.90625 0.6390625 0.025 0.03203125
0 0.2265625 0.896875 0.01796875 0.021875