0 0.02265625 0.621875 0.0359375 0.046875
0 0.103125 0.659375 0.040625 0.03125
0 0.0375 0.92890625 0.05625 0.0625
0 0.13671875 0.8734375 0.046875 0.0390625
0 0.06875 0.7953125 0.0421875 0.053125
0 0.1765625 0.78828125 0.0328125 0.0453125
0 0.68125 0.834375 0.0140625 0.015625
0 0.75234375 0.85 0.01953125 0.025
0 0.8453125 0.86953125 0.021875 0.0265625
0 0.96484375 0.9203125 0.0203125 0.01796875
0 0.9609375 0.759375 0.015625 0.0203125
0 0.66484375 0.8609375 0.0125 0.0140625
0 0.6703125 0.81171875 0.015625 0.0171875
0 0.8046875 0.75625 0.021875 0.02421875