0 0.41328125 0.509375 0.00859375 0.0109375
0 0.54765625 0.45625 0.0078125 0.01015625
0 0.46953125 0.4421875 0.00859375 0.01171875
0 0.403125 0.4484375 0.0078125 0.0109375
0 0.58671875 0.49765625 0.0078125 0.0109375
0 0.4875 0.46484375 0.00859375 0.0125
0 0.43359375 0.4640625 0.00703125 0.01015625
0 0.48203125 0.5078125 0.0078125 0.0109375
0 0.4984375 0.4890625 0.0078125 0.0109375
0 0.51328125 0.60234375 0.00859375 0.0109375
0 0.50625 0.415625 0.0078125 0.01171875
0 0.45703125 0.4859375 0.00703125 0.01015625
0 0.54609375 0.50546875 0.0078125 0.0109375
0 0.56875 0.5171875 0.00859375 0.0109375
0 0.459375 0.62578125 0.00859375 0.0109375
0 0.6 0.52109375 0.0078125 0.0125
0 0.4375 0.39609375 0.00703125 0.0109375
0 0.4875 0.6234375 0.00859375 0.0125
0 0.4546875 0.57890625 0.00859375 0.0109375
0 0.5140625 0.565625 0.0078125 0.01015625
0 0.409375 0.546875 0.00703125 0.01015625
0 0.4765625 0.5578125 0.0078125 0.01015625
0 0.51484375 0.4796875 0.0078125 0.0109375
0 0.509375 0.5265625 0.0078125 0.01015625
0 0.55546875 0.54375 0.00859375 0.01171875
0 0.5421875 0.54140625 0.0078125 0.0109375
0 0.46015625 0.5421875 0.0078125 0.0109375
0 0.54375 0.59921875 0.0078125 0.01171875
0 0.61015625 0.56640625 0.00859375 0.0109375
0 0.50078125 0.5546875 0.0078125 0.0109375
0 0.42890625 0.53984375 0.0078125 0.0109375
0 0.6359375 0.56875 0.00859375 0.0125
0 0.5953125 0.25234375 0.0078125 0.01328125
0 0.415625 0.2640625 0.00859375 0.0125
0 0.50546875 0.45546875 0.0078125 0.0125
0 0.38984375 0.5234375 0.00703125 0.01015625
0 0.521875 0.44296875 0.00703125 0.0109375
0 0.43125 0.49921875 0.00703125 0.01015625
0 0.55390625 0.26953125 0.00859375 0.01484375
0 0.534375 0.5640625 0.0078125 0.01015625
0 0.4859375 0.19921875 0.0109375 0.01328125
0 0.53203125 0.28203125 0.00859375 0.01484375
0 0.44609375 0.60703125 0.0078125 0.01171875
0 0.52578125 0.20234375 0.00859375 0.0125
0 0.4484375 0.37890625 0.00859375 0.0125
0 0.565625 0.54609375 0.0109375 0.0140625
0 0.5796875 0.4015625 0.0078125 0.0109375
0 0.5921875 0.41875 0.00859375 0.0125
0 0.3765625 0.221875 0.01171875 0.0203125
0 0.44296875 0.55546875 0.0078125 0.01171875