0 0.4953125 0.31875 0.0171875 0.0265625
0 0.53359375 0.3796875 0.01875 0.02265625
0 0.6046875 0.40703125 0.0203125 0.01640625
0 0.5078125 0.4125 0.0296875 0.01640625
0 0.4140625 0.3859375 0.02265625 0.0140625
0 0.45703125 0.43828125 0.02109375 0.01640625
0 0.51796875 0.47109375 0.02265625 0.0203125
0 0.6015625 0.52734375 0.01875 0.0171875
0 0.65234375 0.5640625 0.0171875 0.0171875
0 0.7015625 0.5109375 0.0203125 0.0203125
0 0.734375 0.56328125 0.02109375 0.02265625
0 0.6359375 0.62109375 0.0203125 0.0140625
0 0.65546875 0.64140625 0.0359375 0.0125
0 0.59609375 0.6078125 0.01875 0.025
0 0.5203125 0.584375 0.0265625 0.0265625
0 0.44609375 0.53984375 0.02109375 0.0203125
0 0.49140625 0.49140625 0.02109375 0.025
0 0.390625 0.4921875 0.03125 0.02265625
0 0.33046875 0.43359375 0.0125 0.025
0 0.3328125 0.27265625 0.0296875 0.03125
0 0.35546875 0.23828125 0.02109375 0.02734375
0 0.25078125 0.41015625 0.02265625 0.025
0 0.22734375 0.5875 0.025 0.02265625
0 0.28203125 0.55078125 0.01640625 0.0171875
0 0.33046875 0.525 0.0296875 0.03359375
0 0.16015625 0.6078125 0.0171875 0.025
0 0.3234375 0.62421875 0.02734375 0.02265625
0 0.27421875 0.63671875 0.02109375 0.025
0 0.4015625 0.62734375 0.0203125 0.01640625
0 0.4515625 0.66328125 0.02109375 0.0203125
0 0.39140625 0.71640625 0.0203125 0.01640625
0 0.50078125 0.66484375 0.0265625 0.025
0 0.53828125 0.678125 0.02734375 0.0265625
0 0.5890625 0.6703125 0.03359375 0.03125
0 0.5375 0.7703125 0.02890625 0.0296875
0 0.61875 0.76171875 0.04375 0.03515625
0 0.4796875 0.8203125 0.0296875 0.0265625
0 0.4109375 0.82421875 0.02734375 0.025
0 0.3765625 0.78203125 0.025 0.02265625
0 0.42578125 0.75703125 0.025 0.02734375
0 0.75625 0.6625 0.0296875 0.0265625
0 0.6671875 0.68515625 0.04375 0.02890625
0 0.82109375 0.67578125 0.0390625 0.02734375
0 0.4015625 0.25390625 0.0140625 0.02734375
0 0.42578125 0.3078125 0.02109375 0.0265625
0 0.4359375 0.21171875 0.02109375 0.0171875
0 0.428125 0.16796875 0.0296875 0.02734375
0 0.63671875 0.2578125 0.02734375 0.01640625
0 0.6625 0.28203125 0.01640625 0.0265625
0 0.703125 0.31875 0.03125 0.0203125
0 0.29609375 0.34296875 0.01640625 0.0265625
0 0.36328125 0.65625 0.025 0.0171875
0 0.46796875 0.3484375 0.02265625 0.03125
0 0.48359375 0.26640625 0.0203125 0.01640625
0 0.52421875 0.2234375 0.0109375 0.01875