0 0.79765625 0.375 0.0296875 0.02109375
0 0.71796875 0.32734375 0.03359375 0.0296875
0 0.7703125 0.25078125 0.02265625 0.0203125
0 0.83203125 0.22578125 0.0203125 0.02109375
0 0.59140625 0.23359375 0.02265625 0.02265625
0 0.61171875 0.3640625 0.02265625 0.0265625
0 0.62421875 0.4640625 0.02265625 0.0109375
0 0.49921875 0.41953125 0.02265625 0.0265625
0 0.53359375 0.3125 0.04375 0.0453125
0 0.4453125 0.35703125 0.0265625 0.02265625
0 0.42109375 0.2765625 0.0265625 0.0296875
0 0.37890625 0.33046875 0.0171875 0.02265625
0 0.41484375 0.196875 0.02109375 0.02265625
0 0.3703125 0.1390625 0.03515625 0.02734375
0 0.25625 0.16953125 0.03359375 0.0265625
0 0.3125 0.26484375 0.025 0.02265625
0 0.3703125 0.42265625 0.02265625 0.0203125
0 0.46953125 0.4734375 0.0203125 0.0203125
0 0.4859375 0.5890625 0.03125 0.025
0 0.5578125 0.48828125 0.03515625 0.0421875
0 0.5890625 0.58046875 0.02890625 0.03359375
0 0.7109375 0.54296875 0.02890625 0.0453125
0 0.6890625 0.7078125 0.0484375 0.03515625
0 0.61640625 0.79453125 0.0375 0.01875
0 0.5453125 0.73359375 0.03125 0.0265625
0 0.234375 0.30625 0.02109375 0.01640625
0 0.134375 0.225 0.0359375 0.03359375
0 0.6671875 0.2125 0.0203125 0.0203125
0 0.69140625 0.09375 0.02734375 0.02109375