0 0.5078125 0.5078125 0.0328125 0.02265625
0 0.96640625 0.3078125 0.0140625 0.01484375
0 0.6359375 0.4734375 0.0109375 0.01328125
0 0.96953125 0.43203125 0.01328125 0.015625
0 0.64765625 0.53828125 0.01015625 0.0125
0 0.5140625 0.5328125 0.0109375 0.0125
0 0.17109375 0.2453125 0.02421875 0.0296875
0 0.6375 0.4328125 0.0109375 0.0109375
0 0.503125 0.43671875 0.0125 0.0140625
0 0.5015625 0.46484375 0.0109375 0.01171875
0 0.50625 0.50234375 0.01171875 0.0125
0 0.6078125 0.4125 0.01171875 0.0125
0 0.4109375 0.03046875 0.03203125 0.03671875
0 0.684375 0.4125 0.015625 0.01171875
0 0.51640625 0.4328125 0.0140625 0.01796875
0 0.60234375 0.55234375 0.0109375 0.0125
0 0.54296875 0.51484375 0.015625 0.0171875
0 0.615625 0.4296875 0.0125 0.0140625
0 0.078125 0.3609375 0.025 0.04765625
0 0.07578125 0.178125 0.02890625 0.0359375
0 0.94375 0.590625 0.02421875 0.0265625
0 0.171875 0.1828125 0.028125 0.03203125
0 0.2640625 0.1734375 0.0171875 0.01953125
0 0.81171875 0.20078125 0.01875 0.021875
0 0.3 0.25625 0.01796875 0.01953125
0 0.55234375 0.48125 0.02578125 0.0296875
0 0.45234375 0.4171875 0.0296875 0.0390625
0 0.284375 0.21328125 0.025 0.0265625
0 0.24375 0.3265625 0.0203125 0.03515625
0 0.84765625 0.1234375 0.02734375 0.03046875
0 0.8390625 0.3 0.021875 0.02265625
0 0.9875 0.14375 0.015625 0.01484375
0 0.90703125 0.58125 0.02265625 0.02109375
0 0.959375 0.56484375 0.04609375 0.06328125
0 0.99765625 0.40546875 0.00390625 0.0234375
0 0.42890625 0.23515625 0.0171875 0.02265625
0 0.92265625 0.3296875 0.0203125 0.02421875