0 0.45078125 0.18125 0.0296875 0.03984375
0 0.446875 0.3359375 0.0359375 0.0296875
0 0.6171875 0.353125 0.0359375 0.01640625
0 0.65546875 0.40703125 0.0296875 0.02265625
0 0.59140625 0.4453125 0.0265625 0.0265625
0 0.5109375 0.40546875 0.02734375 0.0265625
0 0.54609375 0.5015625 0.0265625 0.02734375
0 0.5828125 0.56015625 0.04375 0.01875
0 0.665625 0.49921875 0.04765625 0.0296875
0 0.43671875 0.4578125 0.0359375 0.03125
0 0.3265625 0.428125 0.025 0.02265625
0 0.27421875 0.34609375 0.02734375 0.03984375
0 0.37578125 0.31953125 0.0515625 0.03125
0 0.25390625 0.24375 0.0390625 0.0359375
0 0.2140625 0.328125 0.03515625 0.03125
0 0.3609375 0.2078125 0.03515625 0.03125
0 0.4078125 0.134375 0.03515625 0.03359375
0 0.6421875 0.06328125 0.0421875 0.0203125
0 0.7171875 0.0578125 0.025 0.02734375
0 0.76328125 0.14921875 0.0359375 0.02734375
0 0.703125 0.1703125 0.03125 0.02734375
0 0.77734375 0.22734375 0.03515625 0.02109375
0 0.7203125 0.3296875 0.05625 0.0453125
0 0.6296875 0.2734375 0.0484375 0.0328125
0 0.6671875 0.22109375 0.0265625 0.02265625
0 0.79296875 0.5421875 0.025 0.0390625
0 0.2546875 0.4796875 0.03515625 0.0515625
0 0.11640625 0.4328125 0.0421875 0.0390625
0 0.1390625 0.5046875 0.0484375 0.04765625
0 0.2015625 0.6203125 0.0484375 0.025
0 0.28984375 0.61796875 0.03515625 0.02734375
0 0.33984375 0.6453125 0.04140625 0.02890625
0 0.2140625 0.71796875 0.0171875 0.03984375
0 0.2734375 0.7265625 0.03984375 0.02890625
0 0.36171875 0.8078125 0.05390625 0.0296875
0 0.4578125 0.66796875 0.0328125 0.025
0 0.4296875 0.5640625 0.0359375 0.03125
0 0.48828125 0.58203125 0.02734375 0.0203125
0 0.54609375 0.6671875 0.0359375 0.03125
0 0.56328125 0.16484375 0.0265625 0.0453125
0 0.33203125 0.49765625 0.02734375 0.01640625