0 0.42265625 0.478125 0.03671875 0.04296875
0 0.3453125 0.38203125 0.0375 0.0390625
0 0.35625 0.60859375 0.034375 0.04296875
0 0.38515625 0.65703125 0.0234375 0.02734375
0 0.53671875 0.6125 0.0234375 0.02578125
0 0.4734375 0.8640625 0.02421875 0.025
0 0.55625 0.675 0.028125 0.03046875
0 0.46875 0.896875 0.025 0.0265625
0 0.71171875 0.4203125 0.02734375 0.03125
0 0.5421875 0.8609375 0.028125 0.0265625
0 0.3421875 0.30234375 0.02734375 0.0328125
0 0.28671875 0.67109375 0.02265625 0.02578125
0 0.17734375 0.4296875 0.01875 0.02265625
0 0.15 0.2640625 0.02578125 0.025
0 0.265625 0.57578125 0.0234375 0.02578125
0 0.18203125 0.5375 0.02109375 0.0265625
0 0.9265625 0.52578125 0.0296875 0.03046875
0 0.634375 0.29296875 0.03125 0.0375
0 0.5546875 0.421875 0.0265625 0.025
0 0.475 0.2609375 0.0296875 0.0296875
0 0.89375 0.725 0.03515625 0.0359375
0 0.3765625 0.48515625 0.028125 0.0296875
0 0.9484375 0.746875 0.02265625 0.0265625
0 0.65859375 0.17734375 0.02421875 0.0296875
0 0.9046875 0.47734375 0.053125 0.05390625
0 0.84609375 0.85859375 0.03046875 0.03203125
0 0.71953125 0.9265625 0.02890625 0.0296875
0 0.82109375 0.65234375 0.03515625 0.0328125
0 0.7078125 0.1375 0.0375 0.04140625
0 0.63046875 0.95390625 0.03125 0.0296875
0 0.81953125 0.89140625 0.034375 0.04296875
0 0.9859375 0.84765625 0.0234375 0.03359375