0 0.34140625 0.02578125 0.0984375 0.040625
0 0.46328125 0.1890625 0.046875 0.0609375
0 0.1734375 0.17265625 0.0515625 0.0625
0 0.196875 0.35 0.0453125 0.05625
0 0.25859375 0.25703125 0.04375 0.0546875
0 0.05 0.27890625 0.0453125 0.0609375
0 0.028125 0.5578125 0.05625 0.1015625
0 0.0859375 0.79453125 0.1125 0.1109375
0 0.2484375 0.4515625 0.0734375 0.090625
0 0.309375 0.7078125 0.0734375 0.0625
0 0.40234375 0.446875 0.0453125 0.0578125
0 0.559375 0.4203125 0.11875 0.1125
0 0.6859375 0.5 0.04375 0.0578125
0 0.5859375 0.684375 0.0515625 0.05625
0 0.209375 0.86015625 0.0515625 0.0625
0 0.765625 0.60390625 0.0390625 0.0421875