0 0.15234375 0.71015625 0.0234375 0.028125
0 0.2171875 0.7609375 0.02421875 0.028125
0 0.2171875 0.8421875 0.02109375 0.021875
0 0.25546875 0.81171875 0.0234375 0.0296875
0 0.2828125 0.78046875 0.01953125 0.025
0 0.0796875 0.74921875 0.01953125 0.0296875
0 0.14453125 0.75546875 0.0234375 0.02578125
0 0.11015625 0.72890625 0.01953125 0.02890625
0 0.33984375 0.7875 0.0234375 0.0234375
0 0.31171875 0.80078125 0.01484375 0.0171875
0 0.30390625 0.74765625 0.0140625 0.01953125
0 0.40546875 0.7515625 0.01953125 0.01640625
0 0.33125 0.76640625 0.0171875 0.015625
0 0.14765625 0.8328125 0.02109375 0.0171875
0 0.1734375 0.81484375 0.01328125 0.0171875
0 0.18203125 0.7375 0.0171875 0.015625
0 0.18515625 0.79375 0.01875 0.01875
0 0.20859375 0.80625 0.01171875 0.01953125