0 0.51171875 0.234375 0.01328125 0.0171875
0 0.1703125 0.28671875 0.0125 0.015625
0 0.2875 0.23359375 0.01484375 0.01796875
0 0.3578125 0.3578125 0.0125 0.015625
0 0.11875 0.23046875 0.01328125 0.01640625
0 0.26171875 0.39140625 0.0125 0.0140625
0 0.2234375 0.17265625 0.0140625 0.01640625
0 0.36328125 0.1625 0.01484375 0.01640625
0 0.21640625 0.06640625 0.0140625 0.01484375
0 0.4546875 0.884375 0.03046875 0.028125
0 0.25859375 0.01796875 0.03359375 0.02734375
0 0.39921875 0.95234375 0.01953125 0.021875
0 0.85078125 0.77421875 0.025 0.02890625
0 0.54609375 0.171875 0.0265625 0.03125
0 0.975 0.41796875 0.0265625 0.02890625
0 0.44609375 0.934375 0.03046875 0.0296875
0 0.290625 0.83671875 0.03359375 0.03125
0 0.846875 0.39375 0.03203125 0.03125
0 0.86875 0.0734375 0.0421875 0.04765625
0 0.92109375 0.21015625 0.02109375 0.02109375
0 0.25625 0.6984375 0.0296875 0.03828125
0 0.7453125 0.28671875 0.040625 0.04296875
0 0.62578125 0.96875 0.03046875 0.0359375
0 0.9859375 0.23125 0.02421875 0.028125
0 0.5046875 0.775 0.02890625 0.02890625
0 0.7765625 0.23984375 0.02109375 0.025
0 0.27734375 0.44765625 0.0171875 0.01328125
0 0.23046875 0.93828125 0.01953125 0.02421875
0 0.44609375 0.72265625 0.03828125 0.0421875
0 0.47421875 0.96015625 0.04140625 0.0390625
0 0.7484375 0.98125 0.03125 0.03046875
0 0.38203125 0.55234375 0.0390625 0.03671875
0 0.678125 0.4 0.040625 0.03828125
0 0.315625 0.83984375 0.05625 0.03671875
0 0.03828125 0.796875 0.03828125 0.07265625
0 0.04296875 0.51484375 0.0234375 0.0265625
0 0.53671875 0.5921875 0.04609375 0.05703125
0 0.6671875 0.525 0.03984375 0.05
0 0.31640625 0.01953125 0.0484375 0.0328125
0 0.2125 0.35859375 0.02109375 0.021875
0 0.134375 0.1265625 0.021875 0.0390625