0 0.47109375 0.46953125 0.0265625 0.0203125
0 0.41953125 0.5046875 0.01171875 0.0125
0 0.44296875 0.38984375 0.0125 0.0125
0 0.41484375 0.4015625 0.01171875 0.01171875
0 0.52265625 0.53125 0.01171875 0.0125
0 0.525 0.4359375 0.01171875 0.01328125
0 0.3875 0.384375 0.0125 0.0140625
0 0.3734375 0.52421875 0.01171875 0.0140625
0 0.4875 0.5046875 0.01015625 0.01171875
0 0.42109375 0.42578125 0.01171875 0.0125
0 0.57265625 0.5171875 0.0109375 0.0125
0 0.37421875 0.5625 0.0125 0.01328125
0 0.50234375 0.44921875 0.01171875 0.01328125
0 0.415625 0.353125 0.01171875 0.01328125
0 0.4765625 0.590625 0.0125 0.0140625
0 0.56796875 0.54375 0.0109375 0.0125
0 0.3734375 0.41875 0.01015625 0.0109375
0 0.4171875 0.54375 0.01171875 0.0125
0 0.3375 0.38671875 0.01171875 0.0140625
0 0.34921875 0.35546875 0.0140625 0.0140625
0 0.3671875 0.59453125 0.0125 0.0140625
0 0.3328125 0.425 0.01171875 0.01328125
0 0.62578125 0.428125 0.01953125 0.01796875
0 0.64921875 0.56953125 0.01484375 0.0125
0 0.67890625 0.54765625 0.01328125 0.0125
0 0.48125 0.8015625 0.0203125 0.01640625
0 0.528125 0.3546875 0.015625 0.015625
0 0.7828125 0.6203125 0.01484375 0.015625
0 0.46875 0.35703125 0.015625 0.01640625
0 0.29765625 0.41171875 0.0125 0.0140625
0 0.30390625 0.38828125 0.0140625 0.01484375
0 0.275 0.46796875 0.015625 0.01640625
0 0.30546875 0.51015625 0.0109375 0.0125
0 0.63203125 0.5140625 0.015625 0.0140625
0 0.2625 0.60078125 0.01171875 0.0140625
0 0.265625 0.50625 0.01171875 0.0140625
0 0.29609375 0.48359375 0.0109375 0.0125
0 0.8109375 0.696875 0.01484375 0.0171875
0 0.25 0.5875 0.0125 0.0140625
0 0.79453125 0.7765625 0.01484375 0.015625
0 0.71953125 0.553125 0.0203125 0.0203125
0 0.4515625 0.571875 0.01875 0.01953125
0 0.7625 0.45859375 0.0140625 0.0140625
0 0.5875 0.36875 0.01328125 0.0140625
0 0.421875 0.7859375 0.01484375 0.01640625
0 0.45 0.78984375 0.02109375 0.01953125
0 0.2953125 0.45703125 0.0203125 0.02578125
0 0.3484375 0.40625 0.0203125 0.02890625
0 0.2828125 0.68671875 0.01171875 0.0171875
0 0.7046875 0.61484375 0.01640625 0.01796875
0 0.45234375 0.31171875 0.021875 0.02109375
0 0.39453125 0.7921875 0.0125 0.01484375
0 0.4859375 0.17421875 0.03046875 0.02890625