0 0.19453125 0.12734375 0.04375 0.03828125
0 0.82265625 0.04453125 0.0453125 0.03828125
0 0.54296875 0.0421875 0.0421875 0.03984375
0 0.403125 0.15703125 0.0453125 0.0375
0 0.1859375 0.11328125 0.04140625 0.03828125
0 0.73046875 0.12890625 0.04296875 0.03359375
0 0.94609375 0.10390625 0.03203125 0.0296875
0 0.8140625 0.190625 0.05078125 0.03671875
0 0.52578125 0.1734375 0.0421875 0.03125
0 0.80390625 0.29921875 0.06171875 0.04921875
0 0.61875 0.45703125 0.028125 0.0234375
0 0.7078125 0.22421875 0.04609375 0.03671875
0 0.1765625 0.2109375 0.0484375 0.03359375
0 0.23828125 0.371875 0.053125 0.04296875
0 0.428125 0.11875 0.0515625 0.0375
0 0.98203125 0.18125 0.0359375 0.0359375
0 0.640625 0.3078125 0.05 0.03984375
0 0.48359375 0.2328125 0.05 0.04296875
0 0.77578125 0.43671875 0.0484375 0.034375
0 0.4515625 0.078125 0.034375 0.040625
0 0.053125 0.26875 0.0484375 0.0390625
0 0.64296875 0.36953125 0.0390625 0.03515625
0 0.43515625 0.0453125 0.05546875 0.0453125
0 0.965625 0.40234375 0.046875 0.034375
0 0.6453125 0.05078125 0.0515625 0.0453125
0 0.97890625 0.28984375 0.04140625 0.0453125
0 0.240625 0.309375 0.05390625 0.03828125
0 0.896875 0.1796875 0.06171875 0.0453125
0 0.584375 0.08203125 0.0515625 0.03984375
0 0.43359375 0.27265625 0.04921875 0.053125
0 0.515625 0.09609375 0.0390625 0.03671875
0 0.5515625 0.33046875 0.040625 0.03671875
0 0.3296875 0.415625 0.04140625 0.03203125
0 0.44453125 0.38515625 0.06875 0.04453125
0 0.33515625 0.290625 0.04921875 0.04140625
0 0.290625 0.16640625 0.08125 0.07890625