0 0.20234375 0.375 0.02890625 0.02109375
0 0.28203125 0.32734375 0.0328125 0.0296875
0 0.2296875 0.25078125 0.02265625 0.0203125
0 0.16796875 0.22578125 0.02109375 0.02109375
0 0.40859375 0.23359375 0.02265625 0.02265625
0 0.38828125 0.3640625 0.02265625 0.0265625
0 0.37578125 0.4640625 0.02265625 0.0109375
0 0.50078125 0.41953125 0.02265625 0.0265625
0 0.46640625 0.3125 0.04375 0.0453125
0 0.5546875 0.35703125 0.0265625 0.02265625
0 0.57890625 0.2765625 0.0265625 0.0296875
0 0.62109375 0.33046875 0.0171875 0.02265625
0 0.58515625 0.196875 0.0203125 0.02265625
0 0.6296875 0.1390625 0.03515625 0.02734375
0 0.74375 0.16953125 0.03359375 0.0265625
0 0.6875 0.26484375 0.025 0.02265625
0 0.6296875 0.42265625 0.02265625 0.0203125
0 0.53046875 0.4734375 0.01875 0.0203125
0 0.5140625 0.5890625 0.03125 0.025
0 0.4421875 0.48828125 0.03515625 0.0421875
0 0.4109375 0.58046875 0.0296875 0.03359375
0 0.2890625 0.54296875 0.0296875 0.0453125
0 0.3109375 0.7078125 0.0484375 0.03515625
0 0.38359375 0.79453125 0.0375 0.01875
0 0.4546875 0.73359375 0.03125 0.0265625
0 0.765625 0.30625 0.02109375 0.01640625
0 0.865625 0.225 0.0359375 0.03359375
0 0.3328125 0.2125 0.0203125 0.0203125
0 0.30859375 0.09375 0.02734375 0.02109375