0 0.115625 0.3 0.23046875 0.334375
0 0.25390625 0.2859375 0.1234375 0.1953125
0 0.3578125 0.3015625 0.1328125 0.2265625
5 0.259375 0.728125 0.0609375 0.0546875
5 0.4296875 0.621875 0.015625 0.04296875
5 0.4078125 0.5453125 0.05859375 0.0328125
5 0.371875 0.6328125 0.040625 0.05078125
5 0.2421875 0.58984375 0.0703125 0.05625
1 0.39921875 0.70390625 0.0765625 0.1015625
0 0.94921875 0.58125 0.1015625 0.1078125
0 0.4578125 0.73125 0.040625 0.12109375
0 0.734375 0.70390625 0.08984375 0.084375
0 0.77421875 0.5875 0.0921875 0.11875
0 0.65 0.8125 0.08203125 0.1078125