0 0.4078125 0.6265625 0.03125 0.025
0 0.51640625 0.578125 0.02265625 0.0203125
0 0.5046875 0.71953125 0.02265625 0.0203125
0 0.57578125 0.646875 0.02265625 0.03359375
0 0.63359375 0.78515625 0.0203125 0.03125
0 0.20390625 0.20546875 0.0359375 0.0296875
0 0.6453125 0.5140625 0.02734375 0.0203125
0 0.6921875 0.5234375 0.03515625 0.02265625
0 0.83203125 0.52734375 0.0171875 0.02734375
0 0.75703125 0.67578125 0.0203125 0.0171875
0 0.29296875 0.7046875 0.02734375 0.025
0 0.1953125 0.6390625 0.03359375 0.02734375
0 0.42578125 0.8640625 0.0171875 0.0203125
0 0.3546875 0.89921875 0.0296875 0.03515625
0 0.4203125 0.97578125 0.0390625 0.02734375
0 0.20078125 0.78046875 0.02265625 0.0265625