0 0.3609375 0.128125 0.03515625 0.0875
0 0.2359375 0.1796875 0.08984375 0.078125
0 0.16015625 0.1171875 0.11328125 0.09375
0 0.3078125 0.059375 0.0765625 0.06875
0 0.2828125 0.61328125 0.11328125 0.046875
3 0.2453125 0.65078125 0.05390625 0.028125
1 0.7125 0.93671875 0.175 0.05
3 0.821875 0.74296875 0.1484375 0.03984375
3 0.93125 0.85078125 0.13671875 0.053125
5 0.828125 0.92890625 0.12890625 0.0453125
5 0.57890625 0.83125 0.0984375 0.0328125
5 0.6515625 0.8640625 0.1125 0.0359375
3 0.928125 0.7078125 0.125 0.040625
3 0.815625 0.6859375 0.09296875 0.03125
3 0.7421875 0.73203125 0.12890625 0.03828125