0 0.22109375 0.9203125 0.01328125 0.0125
0 0.17265625 0.09296875 0.01328125 0.02265625
0 0.2015625 0.2578125 0.0140625 0.03046875
0 0.14765625 0.90625 0.0109375 0.0109375
0 0.16484375 0.92109375 0.0125 0.01328125
0 0.11953125 0.87421875 0.0125 0.01328125
0 0.2875 0.92265625 0.0109375 0.0109375
0 0.18203125 0.9515625 0.0125 0.0125
0 0.08515625 0.88828125 0.01171875 0.01328125
0 0.109375 0.78828125 0.0140625 0.0125
0 0.15234375 0.8203125 0.0125 0.01171875
0 0.28125 0.95 0.0109375 0.0109375
0 0.221875 0.9484375 0.01171875 0.01171875
0 0.1671875 0.96796875 0.0109375 0.01171875
0 0.203125 0.965625 0.01171875 0.0125
0 0.184375 0.04453125 0.01328125 0.0203125
0 0.3078125 0.92265625 0.0109375 0.0109375
0 0.2515625 0.9796875 0.01328125 0.0140625
0 0.234375 0.7640625 0.01640625 0.0125
0 0.07421875 0.85546875 0.01015625 0.01171875
0 0.33125 0.94609375 0.01015625 0.0109375
0 0.25859375 0.6359375 0.01484375 0.02421875
0 0.18515625 0.9828125 0.0125 0.0125
0 0.16328125 0.8609375 0.0140625 0.01328125
0 0.1390625 0.9828125 0.01015625 0.01015625
0 0.11640625 0.7359375 0.0125 0.0109375
0 0.55390625 0.48359375 0.015625 0.015625
0 0.33359375 0.96796875 0.01015625 0.01171875
0 0.30703125 0.97578125 0.0125 0.01171875
0 0.80390625 0.5703125 0.0265625 0.03046875
0 0.61015625 0.8640625 0.05 0.03984375
0 0.53359375 0.98515625 0.03359375 0.0265625
0 0.646875 0.903125 0.03828125 0.03828125
0 0.79140625 0.1609375 0.01171875 0.0109375
0 0.8171875 0.98515625 0.02421875 0.0234375
0 0.4984375 0.89375 0.0546875 0.0515625
0 0.8765625 0.29765625 0.01015625 0.0140625
0 0.21640625 0.44921875 0.0234375 0.03125
0 0.20546875 0.384375 0.02109375 0.03515625