0 0.11796875 0.0640625 0.0328125 0.0390625
0 0.328125 0.3140625 0.01796875 0.0265625
0 0.28125 0.31328125 0.01953125 0.01953125
0 0.17890625 0.321875 0.015625 0.01875
0 0.22421875 0.340625 0.021875 0.01796875
0 0.16640625 0.38984375 0.01640625 0.021875
0 0.109375 0.39296875 0.0203125 0.0203125
0 0.18828125 0.4171875 0.01640625 0.01484375
0 0.21796875 0.39140625 0.01640625 0.0171875
0 0.38828125 0.4 0.021875 0.02265625
0 0.2109375 0.2484375 0.021875 0.02265625
0 0.14609375 0.24296875 0.01953125 0.01953125
0 0.2203125 0.184375 0.02734375 0.02421875
0 0.12890625 0.31328125 0.02265625 0.01953125
0 0.0984375 0.35546875 0.01953125 0.01953125
0 0.415625 0.24921875 0.02109375 0.0296875
0 0.4109375 0.2 0.0203125 0.02734375
0 0.3375 0.37109375 0.0203125 0.0171875
0 0.27421875 0.13125 0.021875 0.02421875
0 0.16015625 0.1046875 0.01875 0.01875
0 0.16875 0.215625 0.0171875 0.0171875
0 0.11953125 0.2421875 0.0234375 0.01796875