0 0.31015625 0.31328125 0.01796875 0.021875
0 0.46015625 0.32578125 0.01796875 0.015625
0 0.3875 0.4453125 0.015625 0.01796875
0 0.46875 0.4796875 0.0140625 0.01328125
0 0.559375 0.57578125 0.015625 0.0140625
0 0.42890625 0.46796875 0.0125 0.01875
0 0.49609375 0.42890625 0.0125 0.01640625
0 0.4515625 0.384375 0.0125 0.0125
0 0.46796875 0.3515625 0.01171875 0.01171875
0 0.5390625 0.584375 0.01171875 0.01171875
0 0.49765625 0.28671875 0.01171875 0.0125
0 0.403125 0.39921875 0.01171875 0.01171875
0 0.403125 0.42890625 0.01171875 0.01328125
0 0.54765625 0.58359375 0.0125 0.0125
0 0.36953125 0.4234375 0.01484375 0.01484375
0 0.3890625 0.36875 0.0109375 0.01171875
0 0.50703125 0.490625 0.01171875 0.0125
0 0.4 0.2796875 0.0109375 0.0109375
0 0.621875 0.59375 0.01171875 0.0125
0 0.52578125 0.4890625 0.0109375 0.0125
0 0.49921875 0.37734375 0.01171875 0.01171875
0 0.46484375 0.4078125 0.0125 0.01328125
0 0.503125 0.5265625 0.0109375 0.01171875
0 0.5984375 0.5875 0.0125 0.0125
0 0.36875 0.28671875 0.0109375 0.0109375
0 0.35234375 0.425 0.01171875 0.0125
0 0.446875 0.253125 0.01171875 0.0109375
0 0.45859375 0.5109375 0.01171875 0.01171875
0 0.43359375 0.2671875 0.0125 0.0125
0 0.46328125 0.284375 0.0109375 0.01171875
0 0.3375 0.4546875 0.01171875 0.01171875
0 0.615625 0.62734375 0.01328125 0.0125
0 0.58125 0.5359375 0.01171875 0.0125
0 0.5671875 0.5515625 0.01015625 0.0109375
0 0.31953125 0.40703125 0.0109375 0.0109375
0 0.51875 0.50703125 0.0125 0.01484375
0 0.47421875 0.51328125 0.0125 0.01328125
0 0.596875 0.61484375 0.0109375 0.0109375
0 0.54765625 0.4984375 0.0109375 0.01171875
0 0.42265625 0.3921875 0.01171875 0.01328125
0 0.39296875 0.48203125 0.0109375 0.01171875
0 0.3046875 0.38125 0.01015625 0.01171875
0 0.60625 0.53203125 0.0125 0.01328125
0 0.52421875 0.42265625 0.01171875 0.0125
0 0.4046875 0.2578125 0.01328125 0.0140625
0 0.35390625 0.496875 0.01171875 0.01328125
0 0.6359375 0.5625 0.01015625 0.0125
0 0.5390625 0.56484375 0.01328125 0.015625
0 0.3203125 0.375 0.0109375 0.0125
0 0.58125 0.6046875 0.0109375 0.01171875
0 0.4265625 0.353125 0.0140625 0.01484375
0 0.3625 0.371875 0.01328125 0.0140625
0 0.62421875 0.55390625 0.01171875 0.01328125
0 0.56796875 0.4875 0.01015625 0.01171875
0 0.571875 0.334375 0.01171875 0.0125
0 0.4796875 0.45078125 0.015625 0.01640625
0 0.6203125 0.4953125 0.01015625 0.01171875
0 0.3640625 0.25546875 0.0109375 0.0109375
0 0.47734375 0.38828125 0.0140625 0.0140625
0 0.2953125 0.4859375 0.01171875 0.0125
0 0.43828125 0.46015625 0.01640625 0.01484375
0 0.36796875 0.4859375 0.01640625 0.015625
0 0.2890625 0.41015625 0.0109375 0.01171875
0 0.64453125 0.53984375 0.01015625 0.01171875
0 0.3578125 0.31015625 0.01484375 0.01484375
0 0.5171875 0.17890625 0.01328125 0.01484375
0 0.38671875 0.40703125 0.015625 0.01796875
0 0.6046875 0.478125 0.0109375 0.0109375
0 0.32890625 0.3203125 0.01171875 0.01171875
0 0.53671875 0.35390625 0.015625 0.0171875
0 0.5953125 0.5515625 0.01171875 0.01328125
0 0.56328125 0.465625 0.01171875 0.015625
0 0.4984375 0.509375 0.0140625 0.015625
0 0.3109375 0.52421875 0.0109375 0.01171875
0 0.38671875 0.24453125 0.0140625 0.0140625
0 0.4625 0.18984375 0.01484375 0.01640625
0 0.3703125 0.37734375 0.02265625 0.02265625
0 0.54921875 0.37421875 0.01328125 0.015625
0 0.565625 0.43125 0.0109375 0.01171875
0 0.32578125 0.56328125 0.0109375 0.01171875
0 0.60625 0.628125 0.0125 0.01328125
0 0.44609375 0.20625 0.01640625 0.01875
0 0.58671875 0.51640625 0.01484375 0.01484375
0 0.646875 0.6328125 0.01171875 0.01171875
0 0.49140625 0.22109375 0.01328125 0.01328125
0 0.60078125 0.36015625 0.01484375 0.015625
0 0.41796875 0.15546875 0.01484375 0.01640625
0 0.64609375 0.48125 0.01171875 0.0203125
0 0.29140625 0.5421875 0.01328125 0.0140625
0 0.36484375 0.525 0.0140625 0.0171875