0 0.3046875 0.309375 0.0828125 0.1046875
0 0.5171875 0.3578125 0.05625 0.078125
0 0.68515625 0.37421875 0.075 0.0734375
0 0.4734375 0.72109375 0.0625 0.075
0 0.33671875 0.7046875 0.0578125 0.0484375
0 0.046875 0.86640625 0.053125 0.0578125
0 0.1265625 0.8703125 0.046875 0.05625
0 0.034375 0.67734375 0.0375 0.0421875
0 0.17265625 0.37421875 0.0453125 0.05625
0 0.84453125 0.6109375 0.059375 0.06875
0 0.7890625 0.7296875 0.059375 0.0703125
0 0.8515625 0.0953125 0.0671875 0.0609375
0 0.0453125 0.2578125 0.090625 0.121875
0 0.9265625 0.02890625 0.03125 0.053125