0 0.08984375 0.20859375 0.0984375 0.1578125
0 0.034375 0.42578125 0.059375 0.10625
0 0.215625 0.13125 0.06875 0.0734375
0 0.315625 0.29140625 0.078125 0.0828125
0 0.25 0.54453125 0.084375 0.09375
0 0.2 0.64921875 0.0515625 0.065625
0 0.16796875 0.83125 0.08125 0.0625
0 0.2515625 0.7421875 0.053125 0.0515625
0 0.0515625 0.7109375 0.0546875 0.0609375
0 0.34296875 0.971875 0.0671875 0.05625
0 0.4046875 0.5609375 0.06875 0.071875
0 0.46640625 0.81953125 0.0625 0.0546875
0 0.6890625 0.4984375 0.075 0.0859375
0 0.5828125 0.3140625 0.046875 0.0609375
0 0.77109375 0.39921875 0.0328125 0.053125
0 0.5203125 0.55078125 0.03125 0.03203125