0 0.05078125 0.0671875 0.03984375 0.0390625
0 0.25859375 0.1203125 0.03671875 0.03828125
0 0.1921875 0.5328125 0.02890625 0.03203125
0 0.646875 0.85390625 0.02890625 0.034375
0 0.21875 0.49765625 0.0328125 0.03828125
0 0.16875 0.47734375 0.03515625 0.034375
0 0.02890625 0.725 0.0578125 0.05625
0 0.06875 0.80546875 0.0375 0.03828125
0 0.49140625 0.89296875 0.03046875 0.0375
0 0.7875 0.546875 0.04296875 0.04921875
0 0.69453125 0.2140625 0.03203125 0.04375
0 0.9296875 0.05703125 0.0359375 0.04296875
0 0.83828125 0.471875 0.03046875 0.03515625
0 0.29921875 0.7640625 0.034375 0.0390625
0 0.5375 0.85859375 0.03359375 0.0359375
0 0.0171875 0.53671875 0.034375 0.0453125
0 0.37578125 0.04140625 0.059375 0.053125
0 0.478125 0.0984375 0.0453125 0.0609375