0 0.4703125 0.4484375 0.01640625 0.01640625
0 0.47578125 0.3546875 0.00859375 0.0171875
0 0.5578125 0.4296875 0.01015625 0.0140625
0 0.4171875 0.42734375 0.01015625 0.0125
0 0.4609375 0.5015625 0.00859375 0.01484375
0 0.47890625 0.50625 0.0109375 0.0125
0 0.496875 0.51171875 0.00625 0.0125
0 0.4734375 0.5328125 0.0171875 0.01484375
0 0.490625 0.53359375 0.00625 0.00859375
0 0.4484375 0.51640625 0.0125 0.0171875
0 0.46640625 0.4734375 0.0125 0.0125
0 0.4796875 0.47265625 0.01015625 0.0171875
0 0.49140625 0.4140625 0.0046875 0.02109375
0 0.43203125 0.44765625 0.0125 0.01484375
0 0.4296875 0.4265625 0.0109375 0.01484375
0 0.38515625 0.4890625 0.0109375 0.00859375
0 0.49296875 0.4390625 0.0109375 0.0078125