0 0.90078125 0.33515625 0.01484375 0.01640625
0 0.0390625 0.23984375 0.025 0.03359375
0 0.82578125 0.20859375 0.01796875 0.01640625
0 0.96953125 0.0640625 0.0140625 0.0140625
0 0.95703125 0.08046875 0.0125 0.0125
0 0.9328125 0.20859375 0.0203125 0.0234375
0 0.86640625 0.12578125 0.01953125 0.01875
0 0.996875 0.1921875 0.00625 0.01484375
0 0.39921875 0.55078125 0.0171875 0.0171875
0 0.87109375 0.42734375 0.0125 0.0078125
0 0.98515625 0.378125 0.025 0.01953125
0 0.290625 0.06953125 0.0203125 0.02421875
0 0.16796875 0.58515625 0.01640625 0.02421875
0 0.8734375 0.9328125 0.01953125 0.02421875
0 0.4203125 0.2484375 0.01875 0.01875
0 0.5359375 0.6859375 0.02421875 0.0265625
0 0.6234375 0.9796875 0.021875 0.0234375
0 0.30390625 0.875 0.03359375 0.03515625
0 0.33125 0.78671875 0.040625 0.03828125
0 0.978125 0.94453125 0.028125 0.02734375
0 0.37265625 0.584375 0.0203125 0.02265625
0 0.28125 0.77578125 0.02421875 0.025
0 0.3453125 0.8640625 0.0328125 0.03515625
0 0.46171875 0.090625 0.0375 0.03046875
0 0.4265625 0.97109375 0.0203125 0.02578125
0 0.346875 0.9328125 0.0296875 0.03125
0 0.30078125 0.68515625 0.03046875 0.0390625
0 0.40859375 0.07265625 0.03984375 0.0359375
0 0.421875 0.728125 0.02734375 0.03125
0 0.5453125 0.71796875 0.02265625 0.02578125
0 0.16015625 0.18828125 0.0359375 0.05