0 0.5 0.49375 0.02265625 0.0140625
0 0.54765625 0.52421875 0.028125 0.021875
0 0.50390625 0.53359375 0.021875 0.0140625
0 0.54375 0.58984375 0.01171875 0.0125
0 0.4390625 0.64453125 0.0203125 0.0078125
0 0.41953125 0.66328125 0.01640625 0.01484375
0 0.74921875 0.5328125 0.01640625 0.01796875
0 0.684375 0.61640625 0.0140625 0.01484375
0 0.665625 0.6046875 0.0125 0.01171875
0 0.68984375 0.6421875 0.021875 0.01484375
0 0.76015625 0.6703125 0.01875 0.021875
0 0.590625 0.73359375 0.0140625 0.01484375
0 0.5890625 0.55078125 0.02421875 0.01796875
0 0.6171875 0.54765625 0.0140625 0.0140625
0 0.67734375 0.53671875 0.0125 0.01796875
0 0.6625 0.56015625 0.01015625 0.0140625
0 0.63828125 0.4671875 0.0078125 0.01640625
0 0.61484375 0.47109375 0.01640625 0.0140625
0 0.65703125 0.446875 0.01484375 0.01875
0 0.41484375 0.4484375 0.01796875 0.01640625
0 0.44375 0.49765625 0.01171875 0.0046875
0 0.465625 0.4921875 0.0125 0.0125
0 0.40703125 0.525 0.0203125 0.0078125
0 0.4875 0.55703125 0.01484375 0.01484375
0 0.43984375 0.575 0.0140625 0.01015625
0 0.48203125 0.6 0.0125 0.0125
0 0.60703125 0.40234375 0.0265625 0.01796875
0 0.69921875 0.4390625 0.01796875 0.01484375
0 0.721875 0.42421875 0.0125 0.01875
0 0.73984375 0.459375 0.0203125 0.025
0 0.59921875 0.58046875 0.01640625 0.02421875
0 0.578125 0.75625 0.01484375 0.01484375
0 0.6359375 0.80234375 0.01796875 0.01640625
0 0.578125 0.796875 0.01640625 0.01484375
0 0.6046875 0.78828125 0.0140625 0.021875
0 0.5546875 0.81640625 0.01640625 0.01875
0 0.675 0.80390625 0.0203125 0.0203125
0 0.44921875 0.434375 0.0203125 0.021875
0 0.38203125 0.40703125 0.03515625 0.03046875
0 0.5046875 0.43125 0.025 0.025