0 0.5046875 0.31875 0.0171875 0.0265625
0 0.46640625 0.3796875 0.0203125 0.02265625
0 0.3953125 0.40703125 0.02109375 0.01640625
0 0.4921875 0.4125 0.0296875 0.01640625
0 0.5859375 0.3859375 0.02265625 0.0140625
0 0.54296875 0.43828125 0.0203125 0.01640625
0 0.48203125 0.47109375 0.02265625 0.0203125
0 0.3984375 0.52734375 0.0203125 0.0171875
0 0.34765625 0.5640625 0.0171875 0.0171875
0 0.2984375 0.5109375 0.02109375 0.0203125
0 0.265625 0.56328125 0.02109375 0.02265625
0 0.3640625 0.62109375 0.0203125 0.0140625
0 0.34453125 0.64140625 0.0359375 0.0125
0 0.40390625 0.6078125 0.0203125 0.025
0 0.4796875 0.584375 0.0265625 0.0265625
0 0.55390625 0.53984375 0.0203125 0.0203125
0 0.50859375 0.49140625 0.02109375 0.025
0 0.609375 0.4921875 0.03125 0.02265625
0 0.66953125 0.43359375 0.0125 0.025
0 0.6671875 0.27265625 0.0296875 0.03125
0 0.64453125 0.23828125 0.0203125 0.02734375
0 0.74921875 0.41015625 0.02265625 0.025
0 0.77265625 0.5875 0.025 0.02265625
0 0.71796875 0.55078125 0.01640625 0.0171875
0 0.66953125 0.525 0.02890625 0.03359375
0 0.83984375 0.6078125 0.0171875 0.025
0 0.6765625 0.62421875 0.02734375 0.02265625
0 0.72578125 0.63671875 0.0203125 0.025
0 0.5984375 0.62734375 0.01875 0.01640625
0 0.5484375 0.66328125 0.0203125 0.0203125
0 0.60859375 0.71640625 0.01875 0.01640625
0 0.49921875 0.66484375 0.0265625 0.025
0 0.46171875 0.678125 0.02734375 0.0265625
0 0.4109375 0.6703125 0.0328125 0.03125
0 0.4625 0.7703125 0.0296875 0.0296875
0 0.38125 0.76171875 0.0421875 0.03515625
0 0.5203125 0.8203125 0.02890625 0.0265625
0 0.5890625 0.82421875 0.02734375 0.025
0 0.6234375 0.78203125 0.025 0.02265625
0 0.57421875 0.75703125 0.025 0.02734375
0 0.24375 0.6625 0.0296875 0.0265625
0 0.3328125 0.68515625 0.0421875 0.02890625
0 0.17890625 0.67578125 0.0390625 0.02734375
0 0.5984375 0.25390625 0.0140625 0.02734375
0 0.57421875 0.3078125 0.0203125 0.0265625
0 0.5640625 0.21171875 0.0203125 0.0171875
0 0.571875 0.16796875 0.02890625 0.02734375
0 0.36328125 0.2578125 0.02734375 0.01640625
0 0.3375 0.28203125 0.01640625 0.0265625
0 0.296875 0.31875 0.03125 0.0203125
0 0.70390625 0.34296875 0.01640625 0.0265625
0 0.63671875 0.65625 0.025 0.0171875
0 0.53203125 0.3484375 0.02265625 0.03125
0 0.51640625 0.26640625 0.01875 0.01640625
0 0.47578125 0.2234375 0.0109375 0.01875