0 0.1890625 0.08046875 0.0375 0.0578125
0 0.171875 0.6546875 0.03984375 0.0484375
0 0.309375 0.74765625 0.040625 0.0546875
0 0.3015625 0.03828125 0.0390625 0.04296875
0 0.503125 0.13984375 0.04296875 0.0671875
0 0.37421875 0.2125 0.0421875 0.06328125
0 0.4203125 0.384375 0.04609375 0.0515625
0 0.93671875 0.30234375 0.04609375 0.065625
0 0.72890625 0.32109375 0.046875 0.0734375
0 0.2421875 0.20234375 0.03984375 0.05
0 0.76484375 0.1296875 0.02890625 0.0328125
0 0.90078125 0.02890625 0.0359375 0.05390625
0 0.0640625 0.203125 0.0421875 0.04921875
0 0.9125 0.509375 0.04921875 0.05625
0 0.04609375 0.84609375 0.02890625 0.05390625
0 0.9875 0.12421875 0.025 0.06015625
0 0.85234375 0.184375 0.05078125 0.06953125
0 0.0234375 0.3109375 0.03828125 0.04765625
0 0.7203125 0.02578125 0.05078125 0.04921875
0 0.265625 0.30546875 0.0359375 0.053125
0 0.91015625 0.15390625 0.0296875 0.03984375
0 0.66875 0.62421875 0.03046875 0.03671875
0 0.54375 0.44375 0.0234375 0.04375
0 0.6703125 0.1671875 0.0390625 0.059375
0 0.39296875 0.51484375 0.0296875 0.04296875
0 0.578125 0.17109375 0.03984375 0.0640625
0 0.34296875 0.3828125 0.03359375 0.065625
0 0.14921875 0.52734375 0.03203125 0.06640625
0 0.53828125 0.3046875 0.034375 0.0546875
0 0.24453125 0.5734375 0.028125 0.0453125
0 0.1140625 0.2890625 0.0578125 0.06875
0 0.63203125 0.0390625 0.0453125 0.07109375
0 0.80390625 0.35625 0.03984375 0.04140625
0 0.4875 0.60390625 0.0328125 0.03984375
0 0.64375 0.3984375 0.03984375 0.04453125
0 0.27109375 0.6875 0.03046875 0.06796875
0 0.3421875 0.49921875 0.034375 0.05625
0 0.47890625 0.353125 0.05 0.07421875
0 0.77421875 0.4875 0.0390625 0.059375
0 0.4796875 0.81953125 0.03046875 0.04921875
0 0.58671875 0.746875 0.0375 0.071875
0 0.17734375 0.32578125 0.06015625 0.0796875
0 0.36875 0.67890625 0.04375 0.0703125
0 0.01171875 0.6734375 0.0234375 0.06484375
0 0.20390625 0.70390625 0.03671875 0.05390625
0 0.41875 0.7171875 0.02265625 0.03203125
0 0.6359375 0.69453125 0.0484375 0.0453125
0 0.415625 0.778125 0.0484375 0.078125
0 0.06640625 0.47890625 0.040625 0.05546875