0 0.54921875 0.18125 0.02890625 0.03984375
0 0.553125 0.3359375 0.0359375 0.0296875
0 0.3828125 0.353125 0.0359375 0.01640625
0 0.34453125 0.40703125 0.0296875 0.02265625
0 0.40859375 0.4453125 0.0265625 0.0265625
0 0.4890625 0.40546875 0.02734375 0.0265625
0 0.45390625 0.5015625 0.0265625 0.02734375
0 0.4171875 0.56015625 0.04375 0.01875
0 0.334375 0.49921875 0.04765625 0.0296875
0 0.56328125 0.4578125 0.0359375 0.03125
0 0.6734375 0.428125 0.025 0.02265625
0 0.72578125 0.34609375 0.02734375 0.03984375
0 0.62421875 0.31953125 0.05 0.03125
0 0.74609375 0.24375 0.0390625 0.0359375
0 0.7859375 0.328125 0.03515625 0.03125
0 0.6390625 0.2078125 0.03515625 0.03125
0 0.5921875 0.134375 0.03515625 0.03359375
0 0.3578125 0.06328125 0.0421875 0.0203125
0 0.2828125 0.0578125 0.025 0.02734375
0 0.23671875 0.14921875 0.0359375 0.02734375
0 0.296875 0.1703125 0.03125 0.02734375
0 0.22265625 0.22734375 0.03515625 0.02109375
0 0.2796875 0.3296875 0.05625 0.0453125
0 0.3703125 0.2734375 0.0484375 0.0328125
0 0.3328125 0.22109375 0.0265625 0.02265625
0 0.20703125 0.5421875 0.025 0.0390625
0 0.7453125 0.4796875 0.03515625 0.0515625
0 0.88359375 0.4328125 0.0421875 0.0390625
0 0.8609375 0.5046875 0.0484375 0.04765625
0 0.7984375 0.6203125 0.0484375 0.025
0 0.71015625 0.61796875 0.03515625 0.02734375
0 0.66015625 0.6453125 0.0421875 0.02890625
0 0.7859375 0.71796875 0.0171875 0.03984375
0 0.7265625 0.7265625 0.03984375 0.02890625
0 0.63828125 0.8078125 0.05390625 0.0296875
0 0.5421875 0.66796875 0.03359375 0.025
0 0.5703125 0.5640625 0.0359375 0.03125
0 0.51171875 0.58203125 0.02734375 0.0203125
0 0.45390625 0.6671875 0.0359375 0.03125
0 0.43671875 0.16484375 0.0265625 0.0453125
0 0.66796875 0.49765625 0.02734375 0.01640625