0 0.028125 0.83828125 0.03359375 0.0359375
0 0.790625 0.284375 0.071875 0.059375
0 0.9140625 0.35078125 0.05 0.05
0 0.81484375 0.103125 0.02109375 0.03046875
0 0.88046875 0.73125 0.02890625 0.02890625
0 0.653125 0.75 0.028125 0.02890625
0 0.0859375 0.85234375 0.02578125 0.0296875
0 0.784375 0.309375 0.04609375 0.07421875
0 0.65 0.0421875 0.015625 0.01796875
0 0.73046875 0.04765625 0.0171875 0.01875
0 0.6234375 0.12109375 0.01484375 0.0203125
0 0.53359375 0.053125 0.0140625 0.01875
0 0.675 0.23046875 0.01875 0.0203125
0 0.775 0.1484375 0.01640625 0.01953125
0 0.9859375 0.046875 0.01796875 0.02265625
0 0.55703125 0.22421875 0.01875 0.01875
0 0.71796875 0.31171875 0.01953125 0.02109375
0 0.82109375 0.1625 0.0234375 0.0265625
0 0.67578125 0.11640625 0.02890625 0.03359375
0 0.07578125 0.86796875 0.01875 0.0140625
0 0.10859375 0.80625 0.01640625 0.01171875
0 0.06171875 0.8125 0.0203125 0.015625
0 0.6078125 0.3875 0.021875 0.02578125
0 0.57890625 0.1015625 0.0265625 0.04453125
0 0.12421875 0.8328125 0.0140625 0.01171875
0 0.040625 0.8015625 0.02421875 0.0203125
0 0.3703125 0.4828125 0.01875 0.01875
0 0.671875 0.271875 0.02734375 0.03125
0 0.078125 0.93046875 0.01640625 0.0125
0 0.428125 0.98046875 0.0234375 0.01953125
0 0.94453125 0.703125 0.01171875 0.0109375
0 0.1953125 0.8546875 0.01640625 0.01328125