0 0.95078125 0.11171875 0.0984375 0.140625
0 0.95390625 0.50703125 0.0921875 0.1484375
0 0.9484375 0.8015625 0.0734375 0.096875
0 0.5265625 0.88125 0.103125 0.1046875
0 0.6453125 0.7765625 0.11875 0.146875
0 0.4625 0.68046875 0.0953125 0.10625
0 0.09765625 0.90859375 0.1 0.1328125
0 0.165625 0.7734375 0.1015625 0.096875
0 0.05078125 0.50390625 0.06875 0.0703125
0 0.16328125 0.515625 0.065625 0.0875
0 0.096875 0.34921875 0.0671875 0.0703125
0 0.1078125 0.18515625 0.075 0.0703125
0 0.14609375 0.03359375 0.0703125 0.053125
0 0.3828125 0.03984375 0.0875 0.065625
0 0.3953125 0.4015625 0.0625 0.08125
0 0.45390625 0.26953125 0.065625 0.0890625
0 0.63828125 0.36640625 0.0859375 0.0875
0 0.8890625 0.6765625 0.0765625 0.0796875