0 0.478125 0.4046875 0.015625 0.0171875
0 0.53046875 0.37578125 0.0125 0.00859375
0 0.44453125 0.4078125 0.02109375 0.0140625
0 0.42890625 0.4609375 0.01015625 0.0125
0 0.49453125 0.44921875 0.01171875 0.01328125
0 0.48203125 0.434375 0.01171875 0.0125
0 0.459375 0.44375 0.01640625 0.015625
0 0.4546875 0.46484375 0.01328125 0.01328125
0 0.5390625 0.4203125 0.0125 0.01171875
0 0.5203125 0.44453125 0.0125 0.01171875
0 0.534375 0.45625 0.0125 0.009375
0 0.56953125 0.45625 0.009375 0.00703125
0 0.58984375 0.4453125 0.009375 0.009375
0 0.5859375 0.48359375 0.01640625 0.0109375
0 0.6078125 0.46640625 0.0125 0.009375
0 0.51953125 0.49140625 0.01171875 0.00703125
0 0.54453125 0.509375 0.01171875 0.0109375
0 0.56953125 0.53046875 0.01953125 0.0140625
0 0.60078125 0.5421875 0.009375 0.0109375
0 0.540625 0.55703125 0.01328125 0.01328125
0 0.50234375 0.509375 0.02109375 0.0125
0 0.4890625 0.521875 0.01640625 0.00859375
0 0.4546875 0.546875 0.009375 0.0125
0 0.45078125 0.50078125 0.015625 0.0109375
0 0.48828125 0.4796875 0.01796875 0.0140625
0 0.41484375 0.50859375 0.0125 0.00703125
0 0.39375 0.4859375 0.0140625 0.0078125
0 0.42734375 0.48984375 0.01640625 0.01328125
0 0.4828125 0.5578125 0.01171875 0.01171875
0 0.5 0.584375 0.01640625 0.0140625
0 0.5171875 0.53515625 0.0140625 0.0125
0 0.571875 0.4984375 0.01953125 0.01171875
0 0.38515625 0.44375 0.01328125 0.01875
0 0.359375 0.44375 0.01328125 0.01640625
0 0.42890625 0.6046875 0.01171875 0.01640625
0 0.571875 0.5984375 0.01484375 0.0171875
0 0.42578125 0.75625 0.0140625 0.01640625
0 0.46875 0.734375 0.0171875 0.01875