0 0.071875 0.1375 0.03984375 0.0375
0 0.22109375 0.31875 0.0234375 0.03671875
0 0.296875 0.2859375 0.02890625 0.02734375
0 0.22109375 0.2375 0.03671875 0.040625
0 0.1859375 0.17734375 0.02734375 0.0390625
0 0.26484375 0.0921875 0.0375 0.03515625
0 0.328125 0.2140625 0.03671875 0.03515625
0 0.4453125 0.2953125 0.02578125 0.0328125
0 0.440625 0.33359375 0.0296875 0.02890625
0 0.3078125 0.375 0.0328125 0.0390625
0 0.253125 0.3609375 0.040625 0.03515625
0 0.37890625 0.26796875 0.03125 0.03359375
0 0.38203125 0.20234375 0.03515625 0.03515625
0 0.1875 0.28671875 0.03125 0.03125
0 0.1140625 0.30546875 0.0375 0.040625
0 0.0359375 0.37109375 0.0328125 0.03671875
0 0.5328125 0.31875 0.02578125 0.03515625
0 0.32578125 0.0796875 0.0234375 0.02734375
0 0.1734375 0.05 0.025 0.025
0 0.334375 0.0453125 0.01953125 0.03125
0 0.1765625 0.24765625 0.02734375 0.02890625
0 0.3390625 0.34453125 0.01953125 0.021875