0 0.403125 0.32421875 0.1578125 0.2703125
0 0.04921875 0.33828125 0.05859375 0.11484375
0 0.08359375 0.8296875 0.0734375 0.1171875
0 0.37890625 0.77421875 0.08125 0.1359375
0 0.715625 0.58515625 0.06953125 0.0921875
0 0.90390625 0.74765625 0.0859375 0.15625
0 0.75234375 0.96875 0.078125 0.0625
0 0.8390625 0.17109375 0.040625 0.10078125
0 0.5796875 0.1140625 0.04921875 0.07890625
0 0.175 0.11640625 0.084375 0.10703125
0 0.634375 0.08046875 0.03359375 0.08046875
0 0.9703125 0.03984375 0.046875 0.0796875