1 0.62265625 0.14765625 0.11875 0.08515625
5 0.31171875 0.58671875 0.02578125 0.00703125
4 0.30546875 0.4796875 0.0234375 0.01484375
4 0.23984375 0.45546875 0.0171875 0.00703125
0 0.2703125 0.53515625 0.00546875 0.00625
0 0.28984375 0.528125 0.00703125 0.00546875
0 0.26015625 0.52890625 0.00546875 0.0078125
0 0.26953125 0.515625 0.00625 0.003125
0 0.309375 0.52578125 0.0046875 0.00546875
0 0.2921875 0.49453125 0.0015625 0.00546875
0 0.29609375 0.55546875 0.00234375 0.00234375
0 0.2875 0.5515625 0.0046875 0.003125
0 0.20859375 0.528125 0.0046875 0.00390625
0 0.22109375 0.53125 0.003125 0.00390625
0 0.2578125 0.5015625 0.0015625 0.00234375
0 0.26953125 0.50546875 0.00390625 0.0015625
0 0.2578125 0.5125 0.003125 0.00390625
0 0.24921875 0.50625 0.00234375 0.00234375
0 0.2953125 0.503125 0.0046875 0.00234375
0 0.30703125 0.55 0.00390625 0.003125
0 0.2953125 0.54375 0.00546875 0.003125
0 0.2515625 0.53828125 0.0046875 0.0046875
0 0.2375 0.52890625 0.00390625 0.00234375
0 0.2453125 0.52421875 0.00234375 0.00390625
5 0.35234375 0.53359375 0.01484375 0.05546875
1 0.55078125 0.74609375 0.1671875 0.11484375
1 0.5796875 0.65 0.06875 0.0390625
1 0.46484375 0.921875 0.0359375 0.03828125
2 0.565625 0.88046875 0.059375 0.05546875
2 0.97578125 0.53828125 0.03671875 0.04375
2 0.9171875 0.64296875 0.0484375 0.053125