4 0.1328125 0.0484375 0.06875 0.04375
4 0.34140625 0.06328125 0.040625 0.034375
4 0.040625 0.1609375 0.05 0.05625
4 0.11484375 0.16796875 0.0375 0.0375
4 0.259375 0.275 0.0375 0.0375
4 0.2390625 0.30859375 0.0375 0.03125
4 0.3984375 0.27734375 0.04375 0.04375
4 0.4234375 0.32421875 0.0296875 0.03125
4 0.384375 0.37421875 0.0296875 0.03125
4 0.16484375 0.30234375 0.065625 0.06875
4 0.0609375 0.29609375 0.04375 0.0484375
4 0.21796875 0.43828125 0.065625 0.046875
4 0.234375 0.3984375 0.0375 0.0375
4 0.3265625 0.390625 0.0375 0.034375
4 0.3171875 0.33828125 0.0421875 0.040625
4 0.2984375 0.453125 0.03125 0.03125
4 0.25703125 0.48359375 0.034375 0.0359375
4 0.10078125 0.4734375 0.034375 0.0359375
4 0.059375 0.4328125 0.040625 0.034375
4 0.03359375 0.48359375 0.03125 0.034375
4 0.5625 0.38984375 0.03125 0.03125
4 0.42421875 0.45078125 0.03125 0.03125
4 0.43125 0.3953125 0.03125 0.03125
4 0.36015625 0.5328125 0.025 0.03125
4 0.3078125 0.584375 0.06875 0.096875
4 0.1765625 0.62109375 0.0375 0.046875
4 0.078125 0.55859375 0.025 0.028125
4 0.09140625 0.640625 0.0328125 0.03125
4 0.109375 0.7296875 0.0296875 0.046875
4 0.059375 0.78359375 0.0359375 0.040625
4 0.02109375 0.66953125 0.0421875 0.078125
4 0.50546875 0.703125 0.04375 0.0390625
4 0.5453125 0.646875 0.034375 0.028125
4 0.390625 0.67109375 0.03125 0.03125
4 0.584375 0.87265625 0.03125 0.0296875
4 0.4421875 0.8515625 0.05 0.046875
4 0.2734375 0.671875 0.034375 0.03125
4 0.20625 0.63125 0.0328125 0.0328125