4 0.1328125 0.9515625 0.06875 0.04375
4 0.34140625 0.93671875 0.040625 0.0359375
4 0.040625 0.8390625 0.0515625 0.0578125
4 0.11484375 0.83203125 0.0375 0.0390625
4 0.259375 0.725 0.0390625 0.0390625
4 0.2390625 0.69140625 0.0375 0.03125
4 0.3984375 0.72265625 0.04375 0.04375
4 0.4234375 0.67578125 0.0296875 0.03125
4 0.384375 0.62578125 0.0296875 0.03125
4 0.16484375 0.69765625 0.065625 0.06875
4 0.0609375 0.70390625 0.04375 0.0484375
4 0.21796875 0.56171875 0.065625 0.046875
4 0.234375 0.6015625 0.0375 0.0375
4 0.3265625 0.609375 0.0375 0.034375
4 0.3171875 0.66171875 0.0421875 0.040625
4 0.2984375 0.546875 0.03125 0.03125
4 0.25703125 0.51640625 0.034375 0.0359375
4 0.10078125 0.5265625 0.034375 0.0359375
4 0.059375 0.5671875 0.0421875 0.0359375
4 0.03359375 0.51640625 0.03125 0.034375
4 0.5625 0.61015625 0.0328125 0.03125
4 0.42421875 0.54921875 0.03125 0.0328125
4 0.43125 0.6046875 0.03125 0.03125
4 0.36015625 0.4671875 0.0265625 0.0328125
4 0.3078125 0.415625 0.06875 0.096875
4 0.1765625 0.37890625 0.0375 0.0484375
4 0.078125 0.44140625 0.0265625 0.028125
4 0.09140625 0.359375 0.0328125 0.03125
4 0.109375 0.2703125 0.0296875 0.046875
4 0.059375 0.21640625 0.0359375 0.040625
4 0.02109375 0.33046875 0.0421875 0.078125
4 0.50546875 0.296875 0.04375 0.0390625
4 0.5453125 0.353125 0.034375 0.028125
4 0.390625 0.32890625 0.03125 0.03125
4 0.584375 0.12734375 0.03125 0.0296875
4 0.4421875 0.1484375 0.0515625 0.046875
4 0.2734375 0.328125 0.0359375 0.0328125
4 0.20625 0.36875 0.0328125 0.0328125