4 0.47734375 0.9140625 0.0640625 0.103125
4 0.85234375 0.72265625 0.046875 0.046875
4 0.42265625 0.746875 0.03125 0.03125
4 0.49453125 0.7328125 0.059375 0.065625
4 0.63984375 0.5984375 0.03125 0.0390625
4 0.615625 0.703125 0.0359375 0.0640625
4 0.7109375 0.63203125 0.0328125 0.0359375
4 0.63984375 0.4828125 0.0359375 0.04375
4 0.7171875 0.4765625 0.0734375 0.05
4 0.78359375 0.44375 0.040625 0.046875
4 0.81328125 0.49375 0.03125 0.040625
4 0.878125 0.54609375 0.034375 0.0390625
4 0.896875 0.41484375 0.0328125 0.0453125
4 0.93203125 0.52890625 0.021875 0.028125
4 0.896875 0.67734375 0.028125 0.034375
4 0.5046875 0.59140625 0.0546875 0.0625
4 0.4046875 0.71328125 0.03125 0.0390625
4 0.340625 0.56953125 0.0375 0.0390625
4 0.546875 0.41953125 0.0390625 0.046875
4 0.60390625 0.39609375 0.0359375 0.0390625
4 0.8046875 0.384375 0.0375 0.0390625
4 0.778125 0.25390625 0.028125 0.0328125
4 0.6421875 0.19765625 0.03125 0.0359375
4 0.8515625 0.22890625 0.0328125 0.040625
4 0.69921875 0.103125 0.04375 0.04375
4 0.46875 0.121875 0.040625 0.04375
4 0.5671875 0.103125 0.028125 0.034375
4 0.5453125 0.146875 0.0234375 0.0234375
4 0.9765625 0.175 0.034375 0.040625
4 0.7765625 0.084375 0.03125 0.03125
4 0.7609375 0.13828125 0.028125 0.0296875
4 0.65390625 0.01875 0.0390625 0.0375