4 0.0859375 0.47734375 0.103125 0.0640625
4 0.27734375 0.85234375 0.046875 0.046875
4 0.253125 0.42265625 0.03125 0.03125
4 0.2671875 0.49453125 0.065625 0.059375
4 0.4015625 0.63984375 0.0390625 0.03125
4 0.296875 0.615625 0.0640625 0.034375
4 0.36796875 0.7109375 0.0359375 0.03125
4 0.5171875 0.63984375 0.04375 0.0375
4 0.5234375 0.7171875 0.05 0.071875
4 0.55625 0.78359375 0.046875 0.040625
4 0.50625 0.81328125 0.040625 0.03125
4 0.45390625 0.878125 0.0390625 0.034375
4 0.58515625 0.896875 0.04375 0.0328125
4 0.47109375 0.93203125 0.028125 0.021875
4 0.32265625 0.896875 0.034375 0.028125
4 0.40859375 0.5046875 0.0625 0.053125
4 0.28671875 0.4046875 0.0375 0.03125
4 0.43046875 0.340625 0.0390625 0.0375
4 0.58046875 0.546875 0.046875 0.0390625
4 0.60390625 0.60390625 0.0390625 0.034375
4 0.615625 0.8046875 0.040625 0.0375
4 0.74609375 0.778125 0.0328125 0.028125
4 0.80234375 0.6421875 0.034375 0.03125
4 0.77109375 0.8515625 0.040625 0.0328125
4 0.896875 0.69921875 0.04375 0.04375
4 0.878125 0.46875 0.04375 0.040625
4 0.896875 0.5671875 0.034375 0.028125
4 0.853125 0.5453125 0.021875 0.021875
4 0.825 0.9765625 0.040625 0.034375
4 0.915625 0.7765625 0.03125 0.03125
4 0.86171875 0.7609375 0.028125 0.028125
4 0.98125 0.65390625 0.0375 0.0375