4 0.23203125 0.4140625 0.0359375 0.0328125
4 0.26015625 0.3859375 0.021875 0.0203125
4 0.31015625 0.3421875 0.0203125 0.0234375
4 0.30859375 0.39296875 0.01875 0.0203125
4 0.34140625 0.42890625 0.0609375 0.025
4 0.38984375 0.37734375 0.0265625 0.0265625
4 0.42890625 0.34375 0.01875 0.021875
4 0.48671875 0.353125 0.0265625 0.0375
4 0.4921875 0.29453125 0.0515625 0.0421875
4 0.4375 0.27578125 0.03125 0.034375
4 0.2109375 0.5140625 0.065625 0.040625
4 0.2765625 0.5171875 0.0265625 0.028125
4 0.26875 0.54609375 0.05 0.03125
4 0.325 0.578125 0.04375 0.034375
4 0.4109375 0.50390625 0.0578125 0.0546875
4 0.40234375 0.46796875 0.0234375 0.028125
4 0.390625 0.55390625 0.0359375 0.046875
4 0.3875 0.6125 0.021875 0.0203125
4 0.30859375 0.62734375 0.0234375 0.025
4 0.278125 0.6125 0.0296875 0.0359375
4 0.13515625 0.67421875 0.0265625 0.03125
4 0.04453125 0.66640625 0.0625 0.0515625
4 0.0515625 0.61640625 0.0328125 0.0234375
4 0.1 0.62421875 0.028125 0.0515625
4 0.1625 0.51640625 0.028125 0.0390625
4 0.16875 0.58046875 0.0328125 0.0359375
4 0.22421875 0.36015625 0.0171875 0.01875
4 0.515625 0.4859375 0.0453125 0.053125
4 0.54296875 0.47265625 0.021875 0.0234375
4 0.50703125 0.421875 0.0359375 0.0359375
4 0.5984375 0.3515625 0.0625 0.06875
4 0.63359375 0.35546875 0.015625 0.015625
4 0.66796875 0.3328125 0.0546875 0.059375
4 0.7671875 0.334375 0.03125 0.03125
4 0.740625 0.36953125 0.0203125 0.0234375
4 0.65 0.41875 0.0578125 0.0515625
4 0.61640625 0.49140625 0.0328125 0.03125
4 0.57578125 0.2421875 0.0265625 0.025
4 0.7296875 0.43515625 0.0453125 0.0296875
4 0.76171875 0.52578125 0.05 0.10625
4 0.71015625 0.5171875 0.040625 0.0421875
4 0.7 0.56015625 0.059375 0.0359375
4 0.57734375 0.57109375 0.0625 0.046875
4 0.509375 0.53125 0.025 0.021875
4 0.4515625 0.52578125 0.0328125 0.0421875
4 0.47734375 0.51953125 0.03125 0.059375
4 0.5390625 0.60390625 0.0265625 0.03125
4 0.65625 0.60234375 0.0265625 0.0296875
4 0.66484375 0.63515625 0.078125 0.05
4 0.72734375 0.653125 0.028125 0.0359375
4 0.73359375 0.740625 0.028125 0.028125
4 0.7984375 0.6078125 0.059375 0.0546875
4 0.8046875 0.54765625 0.0234375 0.0234375
4 0.840625 0.45078125 0.03125 0.025
4 0.903125 0.49921875 0.025 0.0296875
4 0.9609375 0.575 0.028125 0.04375
4 0.91953125 0.53671875 0.01875 0.01875
4 0.8828125 0.565625 0.025 0.0359375
4 0.9125 0.5890625 0.0171875 0.0203125
4 0.95546875 0.62890625 0.034375 0.05
4 0.8484375 0.6375 0.0234375 0.0234375
4 0.9 0.6859375 0.05625 0.0359375
4 0.88125 0.76484375 0.01875 0.0203125
4 0.9640625 0.675 0.0234375 0.04375
4 0.94609375 0.696875 0.01875 0.0203125
4 0.92265625 0.65859375 0.025 0.0390625
4 0.834375 0.49453125 0.021875 0.0265625
4 0.56015625 0.4265625 0.0265625 0.021875