3 0.5734375 0.45625 0.0234375 0.0234375
3 0.34140625 0.36953125 0.0390625 0.028125
3 0.4796875 0.440625 0.0265625 0.03125
3 0.54921875 0.3828125 0.0296875 0.028125
3 0.4640625 0.39453125 0.034375 0.034375
3 0.3046875 0.484375 0.028125 0.028125
3 0.36875 0.5171875 0.028125 0.025
3 0.22109375 0.6109375 0.0265625 0.0265625
3 0.26875 0.6953125 0.025 0.0296875
3 0.43828125 0.60234375 0.0203125 0.0203125
3 0.459375 0.6140625 0.0234375 0.0203125
3 0.57578125 0.66640625 0.021875 0.025
3 0.60703125 0.69765625 0.0171875 0.0203125
3 0.51640625 0.78828125 0.021875 0.0234375
3 0.16328125 0.6015625 0.0296875 0.028125
3 0.19453125 0.6453125 0.0546875 0.0390625
3 0.803125 0.67890625 0.053125 0.0703125
3 0.76015625 0.69765625 0.0234375 0.0265625
3 0.6390625 0.69609375 0.04375 0.034375
3 0.40625 0.68828125 0.025 0.0265625
3 0.33828125 0.6421875 0.0296875 0.0375
3 0.38203125 0.62734375 0.0265625 0.028125
3 0.2296875 0.58515625 0.028125 0.0359375
3 0.39609375 0.446875 0.0328125 0.025
3 0.5421875 0.296875 0.028125 0.028125
3 0.4171875 0.546875 0.0265625 0.0265625
3 0.6609375 0.525 0.028125 0.025
3 0.565625 0.61328125 0.025 0.03125
3 0.96640625 0.51953125 0.025 0.028125
3 0.871875 0.6140625 0.0296875 0.0296875
3 0.8640625 0.41484375 0.0265625 0.0265625
3 0.79453125 0.5109375 0.0234375 0.028125
3 0.85078125 0.58828125 0.028125 0.028125
3 0.75 0.66796875 0.03125 0.0375
3 0.87734375 0.740625 0.021875 0.0265625
3 0.91796875 0.415625 0.028125 0.0296875
3 0.3421875 0.5203125 0.0375 0.03125