4 0.5859375 0.76796875 0.03125 0.0359375
4 0.6140625 0.73984375 0.01875 0.021875
4 0.6578125 0.68984375 0.0234375 0.01875
4 0.60703125 0.69140625 0.01875 0.01875
4 0.57109375 0.65859375 0.025 0.0609375
4 0.62265625 0.61015625 0.0265625 0.025
4 0.65625 0.57109375 0.021875 0.01875
4 0.646875 0.51328125 0.0375 0.0265625
4 0.70546875 0.5078125 0.0421875 0.05
4 0.72421875 0.5625 0.034375 0.03125
4 0.4859375 0.7890625 0.040625 0.065625
4 0.4828125 0.7234375 0.028125 0.025
4 0.45390625 0.73125 0.03125 0.05
4 0.421875 0.675 0.034375 0.04375
4 0.49609375 0.5890625 0.0546875 0.0578125
4 0.53203125 0.59765625 0.028125 0.0234375
4 0.44609375 0.609375 0.046875 0.034375
4 0.3875 0.6125 0.021875 0.021875
4 0.37265625 0.69140625 0.025 0.0234375
4 0.3875 0.721875 0.0359375 0.028125
4 0.32578125 0.86484375 0.03125 0.0265625
4 0.33359375 0.95546875 0.0515625 0.0625
4 0.38359375 0.9484375 0.0234375 0.0328125
4 0.37578125 0.9 0.05 0.0296875
4 0.48359375 0.8375 0.040625 0.028125
4 0.41953125 0.83125 0.0359375 0.03125
4 0.63984375 0.77578125 0.01875 0.0171875
4 0.5140625 0.484375 0.053125 0.04375
4 0.52734375 0.45703125 0.0234375 0.021875
4 0.578125 0.49296875 0.034375 0.034375
4 0.6484375 0.4015625 0.06875 0.0625
4 0.64453125 0.36640625 0.015625 0.015625
4 0.6671875 0.33203125 0.059375 0.053125
4 0.665625 0.2328125 0.03125 0.03125
4 0.63046875 0.259375 0.021875 0.0203125
4 0.58125 0.35 0.05 0.0578125
4 0.50859375 0.38359375 0.03125 0.0328125
4 0.7578125 0.42421875 0.025 0.0265625
4 0.56484375 0.2703125 0.028125 0.0453125
4 0.47421875 0.23828125 0.10625 0.05
4 0.4828125 0.28984375 0.0421875 0.040625
4 0.43984375 0.3 0.034375 0.059375
4 0.42890625 0.42265625 0.046875 0.0625
4 0.46875 0.490625 0.021875 0.025
4 0.47421875 0.5484375 0.040625 0.03125
4 0.48046875 0.52265625 0.059375 0.03125
4 0.39609375 0.4609375 0.03125 0.025
4 0.39765625 0.34375 0.0296875 0.0265625
4 0.36484375 0.33515625 0.05 0.078125
4 0.346875 0.27265625 0.0375 0.028125
4 0.259375 0.26640625 0.028125 0.028125
4 0.3921875 0.2015625 0.0546875 0.059375
4 0.45234375 0.1953125 0.021875 0.0234375
4 0.54921875 0.159375 0.025 0.03125
4 0.50078125 0.096875 0.028125 0.025
4 0.425 0.0390625 0.04375 0.028125
4 0.46328125 0.08046875 0.01875 0.01875
4 0.434375 0.1171875 0.034375 0.025
4 0.4109375 0.0875 0.0203125 0.0171875
4 0.37109375 0.04453125 0.05 0.034375
4 0.3625 0.1515625 0.0234375 0.0234375
4 0.3140625 0.1 0.0375 0.05625
4 0.23515625 0.11875 0.0203125 0.01875
4 0.325 0.0359375 0.04375 0.0234375
4 0.303125 0.05390625 0.0203125 0.01875
4 0.34140625 0.07734375 0.0375 0.025
4 0.50546875 0.165625 0.025 0.021875
4 0.5734375 0.43984375 0.021875 0.025