4 0.16953125 0.296875 0.0796875 0.1078125
4 0.071875 0.01875 0.03125 0.0375
4 0.06484375 0.134375 0.0421875 0.0953125
4 0.1203125 0.178125 0.040625 0.0375
4 0.18359375 0.1140625 0.0625 0.05625
4 0.24609375 0.08515625 0.0375 0.0375
4 0.31953125 0.12890625 0.0359375 0.071875
4 0.353125 0.04453125 0.04375 0.0640625
4 0.4765625 0.15 0.0703125 0.071875
4 0.32890625 0.27421875 0.0546875 0.09375
4 0.26953125 0.35625 0.0921875 0.0890625
4 0.04921875 0.3421875 0.0703125 0.10625
4 0.03359375 0.446875 0.0671875 0.078125
4 0.10625 0.43984375 0.0359375 0.040625
4 0.1140625 0.5328125 0.03125 0.034375
4 0.09296875 0.60625 0.028125 0.03125
4 0.37578125 0.4546875 0.0703125 0.0796875
4 0.30234375 0.4859375 0.109375 0.053125
4 0.39609375 0.6 0.04375 0.046875
4 0.49453125 0.66328125 0.0359375 0.034375
4 0.52421875 0.5640625 0.034375 0.0421875
4 0.44765625 0.365625 0.034375 0.040625
4 0.62890625 0.325 0.0671875 0.0375
4 0.7234375 0.17421875 0.0375 0.04375
4 0.5890625 0.17265625 0.05625 0.0671875
4 0.6421875 0.215625 0.059375 0.0609375
4 0.7765625 0.3390625 0.0671875 0.040625
4 0.60625 0.4609375 0.059375 0.078125
4 0.65625 0.52109375 0.0296875 0.0328125
4 0.61171875 0.5390625 0.0421875 0.0671875
4 0.60078125 0.60625 0.0609375 0.04375
4 0.82109375 0.4046875 0.04375 0.04375
4 0.78671875 0.5625 0.0640625 0.040625
4 0.4390625 0.5109375 0.06875 0.0546875