4 0.703125 0.83046875 0.10625 0.0796875
4 0.98125 0.928125 0.0375 0.03125
4 0.865625 0.93515625 0.09375 0.0421875
4 0.821875 0.8796875 0.0375 0.040625
4 0.8859375 0.81640625 0.05625 0.0625
4 0.91484375 0.75390625 0.0375 0.0375
4 0.87109375 0.68046875 0.071875 0.0359375
4 0.95546875 0.646875 0.0625 0.04375
4 0.85 0.5234375 0.071875 0.06875
4 0.72578125 0.67109375 0.09375 0.05625
4 0.64375 0.73046875 0.0875 0.0921875
4 0.6578125 0.95078125 0.10625 0.0703125
4 0.553125 0.96640625 0.078125 0.0671875
4 0.56015625 0.89375 0.040625 0.034375
4 0.4671875 0.8859375 0.034375 0.03125
4 0.39375 0.90703125 0.03125 0.0265625
4 0.5453125 0.62421875 0.078125 0.0703125
4 0.5140625 0.69765625 0.053125 0.109375
4 0.4 0.60390625 0.046875 0.04375
4 0.33671875 0.50546875 0.034375 0.0375
4 0.4359375 0.47578125 0.040625 0.034375
4 0.634375 0.55234375 0.040625 0.034375
4 0.675 0.37109375 0.0375 0.0671875
4 0.82578125 0.2765625 0.04375 0.0375
4 0.82734375 0.4109375 0.0671875 0.05625
4 0.784375 0.3578125 0.059375 0.059375
4 0.6609375 0.2234375 0.040625 0.065625
4 0.5390625 0.39375 0.078125 0.059375
4 0.47890625 0.34375 0.0328125 0.028125
4 0.4609375 0.38828125 0.065625 0.0421875
4 0.39375 0.39921875 0.04375 0.0609375
4 0.5953125 0.17890625 0.04375 0.04375
4 0.4375 0.21328125 0.040625 0.0640625
4 0.4890625 0.5609375 0.053125 0.06875