4 0.8421875 0.15703125 0.028125 0.040625
4 0.9796875 0.41484375 0.021875 0.025
4 0.92265625 0.45546875 0.025 0.0296875
4 0.83671875 0.39375 0.05625 0.053125
4 0.79765625 0.38671875 0.028125 0.0375
4 0.72890625 0.37734375 0.025 0.025
4 0.53828125 0.40390625 0.0390625 0.03125
4 0.63515625 0.459375 0.028125 0.028125
4 0.565625 0.48515625 0.028125 0.0265625
4 0.5234375 0.46875 0.028125 0.03125
4 0.2828125 0.6359375 0.0015625 0.0015625
4 0.27890625 0.62734375 0.03125 0.0328125
4 0.53671875 0.59375 0.0421875 0.046875
4 0.49453125 0.52421875 0.040625 0.0359375
4 0.37890625 0.525 0.0375 0.05625
4 0.58046875 0.54296875 0.06875 0.0375
4 0.60625 0.60234375 0.025 0.0234375
4 0.67109375 0.64921875 0.025 0.025
4 0.68984375 0.540625 0.025 0.028125
4 0.67265625 0.5046875 0.025 0.021875
4 0.3875 0.39375 0.0234375 0.021875
4 0.38828125 0.7546875 0.025 0.025
4 0.5234375 0.7390625 0.0234375 0.021875
4 0.56015625 0.7078125 0.025 0.046875
4 0.54453125 0.64453125 0.021875 0.0390625
4 0.57421875 0.63203125 0.01875 0.01875
4 0.33984375 0.740625 0.025 0.01875
4 0.321875 0.6765625 0.021875 0.0421875
4 0.4140625 0.52890625 0.01875 0.01875
4 0.77265625 0.59375 0.040625 0.0484375
4 0.71640625 0.5953125 0.025 0.028125
4 0.7578125 0.69609375 0.028125 0.028125
4 0.7171875 0.76171875 0.04375 0.025
4 0.690625 0.73828125 0.028125 0.040625
4 0.64765625 0.81015625 0.028125 0.0265625
4 0.7 0.85390625 0.028125 0.03125
4 0.61015625 0.8078125 0.028125 0.053125
4 0.71171875 0.93515625 0.028125 0.0265625
4 0.73046875 0.82109375 0.0375 0.0375
4 0.80234375 0.80546875 0.0171875 0.0171875
4 0.765625 0.6625 0.01875 0.040625
4 0.81953125 0.6671875 0.0203125 0.025
4 0.85390625 0.66640625 0.021875 0.025
4 0.85 0.63125 0.0171875 0.021875