4 0.8421875 0.84296875 0.028125 0.040625
4 0.9796875 0.58515625 0.021875 0.0265625
4 0.92265625 0.54453125 0.0265625 0.0296875
4 0.83671875 0.60625 0.0578125 0.0515625
4 0.79765625 0.61328125 0.028125 0.0375
4 0.72890625 0.62265625 0.0265625 0.025
4 0.53828125 0.59609375 0.0390625 0.0328125
4 0.63515625 0.540625 0.028125 0.028125
4 0.565625 0.51484375 0.028125 0.0265625
4 0.5234375 0.53125 0.028125 0.03125
4 0.2828125 0.3640625 0.0015625 0.0015625
4 0.27890625 0.37265625 0.03125 0.0328125
4 0.53671875 0.40625 0.0421875 0.0484375
4 0.49453125 0.47578125 0.040625 0.0359375
4 0.37890625 0.475 0.0375 0.0578125
4 0.58046875 0.45703125 0.06875 0.0375
4 0.60625 0.39765625 0.0265625 0.0234375
4 0.67109375 0.35078125 0.0234375 0.0265625
4 0.68984375 0.459375 0.025 0.028125
4 0.67265625 0.4953125 0.0234375 0.0234375
4 0.3875 0.60625 0.0234375 0.0203125
4 0.38828125 0.2453125 0.025 0.0234375
4 0.5234375 0.2609375 0.0234375 0.021875
4 0.56015625 0.2921875 0.025 0.046875
4 0.54453125 0.35546875 0.021875 0.0390625
4 0.57421875 0.36796875 0.01875 0.0203125
4 0.33984375 0.259375 0.025 0.01875
4 0.321875 0.3234375 0.021875 0.0421875
4 0.4140625 0.47109375 0.01875 0.0203125
4 0.77265625 0.40625 0.040625 0.0484375
4 0.71640625 0.4046875 0.025 0.028125
4 0.7578125 0.30390625 0.0296875 0.0296875
4 0.7171875 0.23828125 0.04375 0.025
4 0.690625 0.26171875 0.028125 0.0421875
4 0.64765625 0.18984375 0.028125 0.0265625
4 0.7 0.14609375 0.028125 0.03125
4 0.61015625 0.1921875 0.028125 0.053125
4 0.71171875 0.06484375 0.028125 0.0265625
4 0.73046875 0.17890625 0.0375 0.0375
4 0.80234375 0.19453125 0.0171875 0.0171875
4 0.765625 0.3375 0.01875 0.0390625
4 0.81953125 0.3328125 0.0203125 0.0265625
4 0.85390625 0.33359375 0.021875 0.025
4 0.85 0.36875 0.0171875 0.0234375