4 0.43671875 0.41484375 0.040625 0.0359375
4 0.30703125 0.14609375 0.028125 0.025
4 0.37734375 0.20703125 0.03125 0.028125
4 0.24140625 0.3125 0.03125 0.0328125
4 0.23125 0.625 0.08125 0.0859375
4 0.22265625 0.55234375 0.040625 0.0375
4 0.253125 0.70859375 0.040625 0.040625
4 0.30625 0.71953125 0.046875 0.05
4 0.32890625 0.91640625 0.175 0.1671875
4 0.38984375 0.7703125 0.0546875 0.05
4 0.14609375 0.8609375 0.0421875 0.0421875
4 0.13203125 0.80703125 0.04375 0.04375
4 0.071875 0.78203125 0.0375 0.040625
4 0.0734375 0.9125 0.059375 0.0609375
4 0.0765625 0.66484375 0.11875 0.109375
4 0.06796875 0.5609375 0.034375 0.034375
4 0.0859375 0.31484375 0.071875 0.0640625
4 0.41640625 0.69765625 0.0640625 0.0375
4 0.30703125 0.49765625 0.05 0.046875
4 0.33046875 0.53671875 0.0390625 0.0390625
4 0.0390625 0.96875 0.03125 0.0421875