4 0.58515625 0.56328125 0.0359375 0.040625
4 0.85390625 0.69296875 0.025 0.028125
4 0.79296875 0.62265625 0.028125 0.03125
4 0.6875 0.75859375 0.0328125 0.03125
4 0.375 0.76875 0.0859375 0.08125
4 0.44765625 0.77734375 0.0375 0.040625
4 0.29140625 0.746875 0.040625 0.040625
4 0.28046875 0.69375 0.0515625 0.046875
4 0.08359375 0.67109375 0.1671875 0.175
4 0.2296875 0.61015625 0.05 0.0546875
4 0.1390625 0.85390625 0.0421875 0.0421875
4 0.19296875 0.86796875 0.04375 0.04375
4 0.21796875 0.928125 0.040625 0.0375
4 0.0875 0.9265625 0.0609375 0.059375
4 0.33515625 0.9234375 0.109375 0.11875
4 0.4390625 0.93203125 0.034375 0.034375
4 0.68515625 0.9140625 0.0640625 0.071875
4 0.30234375 0.58359375 0.0375 0.0640625
4 0.50234375 0.69296875 0.046875 0.05
4 0.46328125 0.66953125 0.0390625 0.0390625
4 0.03125 0.9609375 0.0421875 0.03125