4 0.94921875 0.89140625 0.040625 0.0421875
4 0.88984375 0.9 0.084375 0.0875
4 0.975 0.9203125 0.025 0.0375
4 0.934375 0.82890625 0.0375 0.0375
4 0.9703125 0.7703125 0.0203125 0.0203125
4 0.96484375 0.68828125 0.0484375 0.040625
4 0.9078125 0.78203125 0.028125 0.0296875
4 0.78203125 0.95 0.03125 0.0328125
4 0.69375 0.9140625 0.03125 0.0328125
4 0.7015625 0.9859375 0.04375 0.028125
4 0.61171875 0.94765625 0.034375 0.034375
4 0.55703125 0.9296875 0.05625 0.05625
4 0.68359375 0.8125 0.075 0.109375
4 0.78203125 0.80625 0.1125 0.103125
4 0.7546875 0.7390625 0.0265625 0.025
4 0.7484375 0.68671875 0.034375 0.03125
4 0.7171875 0.71484375 0.040625 0.05
4 0.596875 0.68671875 0.059375 0.1796875
4 0.65078125 0.6109375 0.0484375 0.05
4 0.703125 0.64453125 0.040625 0.0359375
4 0.78359375 0.64921875 0.08125 0.0609375
4 0.86015625 0.66796875 0.0375 0.0296875
4 0.84609375 0.7203125 0.040625 0.040625
4 0.859375 0.59296875 0.028125 0.03125
4 0.90625 0.63359375 0.0359375 0.0796875
4 0.96640625 0.55234375 0.040625 0.0484375
4 0.96875 0.4375 0.0625 0.059375
4 0.88359375 0.4875 0.028125 0.0296875
4 0.75703125 0.5203125 0.0328125 0.028125
4 0.7671875 0.4921875 0.021875 0.0203125
4 0.64296875 0.54921875 0.065625 0.04375
4 0.58828125 0.46015625 0.04375 0.0390625
4 0.55234375 0.4890625 0.021875 0.025
4 0.525 0.428125 0.025 0.025
4 0.70390625 0.37265625 0.046875 0.0375
4 0.66875 0.40078125 0.025 0.034375
4 0.64609375 0.31328125 0.0671875 0.0625
4 0.709375 0.303125 0.028125 0.0375
4 0.84296875 0.34921875 0.046875 0.06875
4 0.8453125 0.4375 0.025 0.03125
4 0.909375 0.3609375 0.046875 0.0578125
4 0.75234375 0.31171875 0.028125 0.028125
4 0.5125 0.3609375 0.0265625 0.034375
4 0.46796875 0.25859375 0.0375 0.0625
4 0.43046875 0.25 0.03125 0.03125
4 0.54375 0.265625 0.03125 0.03125
4 0.65703125 0.25 0.025 0.0328125
4 0.70546875 0.25859375 0.034375 0.0265625
4 0.8 0.196875 0.01875 0.021875
4 0.81171875 0.15859375 0.028125 0.025
4 0.84609375 0.21796875 0.0625 0.03125
4 0.7140625 0.10546875 0.0390625 0.0375
4 0.57421875 0.0875 0.0203125 0.028125
4 0.4984375 0.0375 0.05 0.0375
4 0.6078125 0.0203125 0.034375 0.0328125
4 0.725 0.06015625 0.028125 0.021875
4 0.58984375 0.18125 0.0296875 0.034375
4 0.5421875 0.15703125 0.028125 0.025
4 0.51328125 0.18125 0.028125 0.0359375
4 0.8109375 0.56953125 0.040625 0.040625
4 0.73515625 0.87890625 0.03125 0.0375
4 0.35859375 0.859375 0.040625 0.04375