4 0.10859375 0.05078125 0.0421875 0.040625
4 0.1 0.11015625 0.0875 0.084375
4 0.0796875 0.025 0.0375 0.025
4 0.17109375 0.065625 0.0375 0.0359375
4 0.2296875 0.0296875 0.0203125 0.0203125
4 0.31171875 0.03515625 0.0421875 0.0484375
4 0.21796875 0.0921875 0.0296875 0.028125
4 0.05 0.21796875 0.0328125 0.03125
4 0.0859375 0.30625 0.0328125 0.03125
4 0.0140625 0.2984375 0.028125 0.04375
4 0.05234375 0.38828125 0.034375 0.0359375
4 0.0703125 0.44296875 0.05625 0.0578125
4 0.1875 0.31640625 0.109375 0.0765625
4 0.19375 0.21796875 0.1046875 0.1140625
4 0.2609375 0.2453125 0.0265625 0.0265625
4 0.31328125 0.2515625 0.03125 0.034375
4 0.28515625 0.2828125 0.05 0.040625
4 0.31328125 0.403125 0.1796875 0.059375
4 0.3890625 0.34921875 0.05 0.0484375
4 0.35546875 0.296875 0.0359375 0.040625
4 0.35078125 0.21640625 0.0609375 0.0828125
4 0.33203125 0.13984375 0.0296875 0.0375
4 0.2796875 0.15390625 0.0390625 0.040625
4 0.40703125 0.140625 0.03125 0.0296875
4 0.36640625 0.09375 0.0796875 0.0359375
4 0.44765625 0.03359375 0.0484375 0.040625
4 0.5625 0.03125 0.059375 0.0625
4 0.5125 0.11640625 0.0296875 0.028125
4 0.4796875 0.24296875 0.028125 0.0328125
4 0.5078125 0.2328125 0.0203125 0.021875
4 0.45078125 0.35703125 0.04375 0.0640625
4 0.53984375 0.41171875 0.0390625 0.0453125
4 0.5109375 0.44765625 0.025 0.021875
4 0.571875 0.475 0.025 0.0265625
4 0.62734375 0.29609375 0.0390625 0.046875
4 0.59921875 0.33125 0.0359375 0.0234375
4 0.68671875 0.35390625 0.0625 0.0671875
4 0.696875 0.290625 0.0390625 0.028125
4 0.65078125 0.15703125 0.0671875 0.0453125
4 0.5625 0.1546875 0.03125 0.025
4 0.6390625 0.090625 0.0578125 0.046875
4 0.68828125 0.24765625 0.028125 0.028125
4 0.6390625 0.4875 0.034375 0.0265625
4 0.74140625 0.53203125 0.0625 0.0375
4 0.75 0.56953125 0.03125 0.03125
4 0.734375 0.45625 0.03125 0.03125
4 0.75 0.34296875 0.0328125 0.0265625
4 0.74140625 0.29453125 0.0265625 0.0328125
4 0.803125 0.2 0.021875 0.0203125
4 0.84140625 0.18828125 0.025 0.028125
4 0.78203125 0.15390625 0.03125 0.0640625
4 0.89453125 0.2859375 0.0390625 0.0390625
4 0.9125 0.42578125 0.0296875 0.0203125
4 0.9625 0.5015625 0.0375 0.05
4 0.9796875 0.3921875 0.0328125 0.034375
4 0.93984375 0.275 0.021875 0.028125
4 0.81875 0.41015625 0.034375 0.0296875
4 0.84296875 0.4578125 0.025 0.0296875
4 0.81875 0.48671875 0.0359375 0.028125
4 0.43046875 0.1890625 0.040625 0.0421875
4 0.12109375 0.26484375 0.0390625 0.03125
4 0.140625 0.64140625 0.04375 0.0421875