4 0.89140625 0.05078125 0.0421875 0.040625
4 0.9 0.11015625 0.0875 0.084375
4 0.9203125 0.025 0.0375 0.025
4 0.82890625 0.065625 0.0375 0.0375
4 0.7703125 0.0296875 0.0203125 0.0203125
4 0.68828125 0.03515625 0.040625 0.0484375
4 0.78203125 0.0921875 0.0296875 0.028125
4 0.95 0.21796875 0.0328125 0.03125
4 0.9140625 0.30625 0.0328125 0.03125
4 0.9859375 0.2984375 0.028125 0.04375
4 0.94765625 0.38828125 0.034375 0.034375
4 0.9296875 0.44296875 0.05625 0.05625
4 0.8125 0.31640625 0.109375 0.075
4 0.80625 0.21796875 0.103125 0.1125
4 0.7390625 0.2453125 0.025 0.0265625
4 0.68671875 0.2515625 0.03125 0.034375
4 0.71484375 0.2828125 0.05 0.040625
4 0.68671875 0.403125 0.1796875 0.059375
4 0.6109375 0.34921875 0.05 0.0484375
4 0.64453125 0.296875 0.0359375 0.040625
4 0.64921875 0.21640625 0.0609375 0.08125
4 0.66796875 0.13984375 0.0296875 0.0375
4 0.7203125 0.15390625 0.040625 0.040625
4 0.59296875 0.140625 0.03125 0.028125
4 0.63359375 0.09375 0.0796875 0.0359375
4 0.55234375 0.03359375 0.0484375 0.040625
4 0.4375 0.03125 0.059375 0.0625
4 0.4875 0.11640625 0.0296875 0.028125
4 0.5203125 0.24296875 0.028125 0.0328125
4 0.4921875 0.2328125 0.0203125 0.021875
4 0.54921875 0.35703125 0.04375 0.065625
4 0.46015625 0.41171875 0.0390625 0.04375
4 0.4890625 0.44765625 0.025 0.021875
4 0.428125 0.475 0.025 0.025
4 0.37265625 0.29609375 0.0375 0.046875
4 0.40078125 0.33125 0.034375 0.025
4 0.31328125 0.35390625 0.0625 0.0671875
4 0.303125 0.290625 0.0375 0.028125
4 0.34921875 0.15703125 0.06875 0.046875
4 0.4375 0.1546875 0.03125 0.025
4 0.3609375 0.090625 0.0578125 0.046875
4 0.31171875 0.24765625 0.028125 0.028125
4 0.3609375 0.4875 0.034375 0.0265625
4 0.25859375 0.53203125 0.0625 0.0375
4 0.25 0.56953125 0.03125 0.03125
4 0.265625 0.45625 0.03125 0.03125
4 0.25 0.34296875 0.0328125 0.025
4 0.25859375 0.29453125 0.0265625 0.034375
4 0.196875 0.2 0.021875 0.01875
4 0.15859375 0.18828125 0.025 0.028125
4 0.21796875 0.15390625 0.03125 0.0625
4 0.10546875 0.2859375 0.0375 0.0390625
4 0.0875 0.42578125 0.028125 0.0203125
4 0.0375 0.5015625 0.0375 0.05
4 0.0203125 0.3921875 0.0328125 0.034375
4 0.06015625 0.275 0.021875 0.028125
4 0.18125 0.41015625 0.034375 0.0296875
4 0.15703125 0.4578125 0.025 0.028125
4 0.18125 0.48671875 0.0359375 0.028125
4 0.56953125 0.1890625 0.040625 0.040625
4 0.87890625 0.26484375 0.0375 0.03125
4 0.859375 0.64140625 0.04375 0.040625