0 0.4078125 0.42421875 0.01640625 0.02734375
0 0.4171875 0.453125 0.01484375 0.01875
0 0.4515625 0.453125 0.0140625 0.021875
0 0.4390625 0.46171875 0.02265625 0.0328125
0 0.421875 0.48203125 0.01796875 0.03359375
0 0.3828125 0.41328125 0.0109375 0.06015625
0 0.44375 0.559375 0.028125 0.03671875
0 0.5984375 0.615625 0.0203125 0.025
0 0.58828125 0.6296875 0.01875 0.03515625
0 0.38046875 0.528125 0.0578125 0.040625
0 0.35703125 0.56796875 0.03046875 0.0328125
0 0.30859375 0.584375 0.0109375 0.02265625
0 0.28203125 0.56875 0.01484375 0.034375
4 0.09296875 0.51953125 0.03125 0.04296875
5 0.7421875 0.65625 0.04453125 0.04140625
3 0.16796875 0.91484375 0.0890625 0.0765625