1 0.325 0.03515625 0.078125 0.0703125
1 0.31328125 0.165625 0.06015625 0.0875
1 0.4359375 0.04765625 0.1 0.0734375
1 0.5109375 0.1484375 0.08671875 0.06875
1 0.615625 0.0890625 0.046875 0.065625
1 0.075 0.465625 0.09140625 0.04609375
1 0.19609375 0.65546875 0.09609375 0.07265625
1 0.22578125 0.7390625 0.0796875 0.05
1 0.17109375 0.8125 0.0734375 0.059375
1 0.28203125 0.8109375 0.0453125 0.075
1 0.46875 0.58125 0.04921875 0.04921875
1 0.5171875 0.62265625 0.05390625 0.05078125
1 0.49140625 0.771875 0.05078125 0.07109375
1 0.56875 0.85 0.04921875 0.06484375
1 0.7046875 0.71171875 0.07734375 0.06640625