2 0.73046875 0.846875 0.0609375 0.06171875
2 0.59296875 0.83203125 0.0671875 0.06640625
2 0.7234375 0.93984375 0.078125 0.05703125
2 0.74921875 0.71328125 0.0578125 0.03828125
2 0.86171875 0.76328125 0.0765625 0.1390625
2 0.82421875 0.92421875 0.0515625 0.08515625
2 0.9375 0.78203125 0.03984375 0.06640625
2 0.36171875 0.83046875 0.0796875 0.196875
2 0.47890625 0.82890625 0.0609375 0.0703125
2 0.43828125 0.72578125 0.0296875 0.0671875
2 0.51953125 0.7 0.0421875 0.065625
2 0.45546875 0.40625 0.08046875 0.034375
2 0.478125 0.29765625 0.040625 0.03984375
1 0.7546875 0.421875 0.05234375 0.05
1 0.17890625 0.0328125 0.0484375 0.06484375