1 0.08984375 0.07265625 0.11171875 0.10703125
1 0.07890625 0.26796875 0.1203125 0.14140625
1 0.40546875 0.1125 0.13046875 0.065625
1 0.85546875 0.0765625 0.07578125 0.08046875
1 0.7640625 0.12734375 0.08828125 0.0671875
1 0.73125 0.25078125 0.07421875 0.07265625
1 0.5703125 0.3 0.12265625 0.10859375
1 0.44921875 0.271875 0.06015625 0.08359375
1 0.1890625 0.6859375 0.046875 0.08671875
1 0.31328125 0.55859375 0.0703125 0.06328125
1 0.60859375 0.48046875 0.06953125 0.0828125
1 0.84375 0.5015625 0.059375 0.05859375
1 0.32109375 0.7984375 0.0390625 0.046875
1 0.38359375 0.8 0.02890625 0.03671875
1 0.46171875 0.82421875 0.1046875 0.0796875
1 0.43671875 0.92578125 0.1328125 0.03515625
1 0.6765625 0.89609375 0.06328125 0.0328125
1 0.5796875 0.9234375 0.021875 0.01953125
1 0.81875 0.8734375 0.01875 0.03359375
1 0.74609375 0.38671875 0.0578125 0.06015625
1 0.0703125 0.5734375 0.08125 0.08671875
1 0.05234375 0.83203125 0.0625 0.0640625
1 0.1453125 0.54765625 0.03984375 0.06640625