1 0.15625 0.64296875 0.09375 0.1015625
1 0.20703125 0.1921875 0.0703125 0.06796875
1 0.725 0.053125 0.065625 0.03828125
1 0.865625 0.01953125 0.06875 0.0390625
1 0.1640625 0.409375 0.075 0.05
1 0.05234375 0.740625 0.0671875 0.08984375
1 0.8015625 0.16796875 0.08125 0.0453125
1 0.67890625 0.1125 0.0921875 0.028125
1 0.63515625 0.0640625 0.0484375 0.025
1 0.92265625 0.10390625 0.0484375 0.0390625
1 0.97890625 0.16953125 0.0421875 0.0421875
1 0.925 0.20625 0.04765625 0.04375
1 0.6421875 0.18203125 0.05234375 0.03515625
1 0.453125 0.159375 0.0625 0.02578125
1 0.29921875 0.96484375 0.0578125 0.05078125