1 0.9421875 0.67265625 0.115625 0.1234375
1 0.6171875 0.70625 0.09296875 0.10625
1 0.75 0.7328125 0.06875 0.09296875
1 0.80390625 0.8671875 0.1109375 0.11875
1 0.8203125 0.040625 0.0375 0.034375
1 0.8890625 0.09609375 0.046875 0.0484375
1 0.79609375 0.34375 0.10234375 0.053125
1 0.38515625 0.790625 0.06328125 0.05546875
1 0.49609375 0.384375 0.04140625 0.03984375
1 0.42421875 0.375 0.06484375 0.05234375
1 0.409375 0.44453125 0.025 0.0328125
1 0.46640625 0.57265625 0.0234375 0.03828125
1 0.47265625 0.6296875 0.0484375 0.0375