1 0.8859375 0.578125 0.153125 0.18046875
1 0.328125 0.77421875 0.0359375 0.034375
1 0.05703125 0.5765625 0.0453125 0.01796875
1 0.5859375 0.30078125 0.03125 0.02265625
1 0.30234375 0.0453125 0.01953125 0.01171875
1 0.2984375 0.07265625 0.01953125 0.02578125
1 0.3234375 0.06328125 0.0171875 0.0203125
1 0.35234375 0.1234375 0.01640625 0.03125
1 0.3921875 0.0921875 0.02890625 0.01484375
1 0.39453125 0.1125 0.0328125 0.02578125
1 0.38046875 0.14609375 0.025 0.02109375
1 0.459375 0.28828125 0.025 0.021875
1 0.3828125 0.1734375 0.0265625 0.01484375
1 0.37578125 0.19921875 0.02734375 0.025
1 0.403125 0.21796875 0.015625 0.0375
1 0.425 0.2203125 0.0171875 0.0234375
1 0.53359375 0.09140625 0.0171875 0.02421875
1 0.453125 0.10625 0.03671875 0.0234375
1 0.4390625 0.14375 0.02265625 0.0296875
1 0.46953125 0.13515625 0.03046875 0.02421875
1 0.4546875 0.17734375 0.03203125 0.02109375
1 0.471875 0.1578125 0.02421875 0.01171875
1 0.50078125 0.14765625 0.0296875 0.02109375
1 0.4984375 0.18203125 0.04140625 0.01953125
1 0.50625 0.165625 0.0296875 0.00703125
1 0.53359375 0.14609375 0.025 0.0390625
1 0.465625 0.2171875 0.02578125 0.025
1 0.4625 0.19609375 0.021875 0.0078125
1 0.4953125 0.21328125 0.01484375 0.02578125
1 0.53515625 0.26171875 0.021875 0.025
1 0.52265625 0.22109375 0.025 0.0265625
1 0.571875 0.16875 0.03046875 0.0171875
1 0.54140625 0.1890625 0.028125 0.0203125