1 0.09921875 0.740625 0.0234375 0.01875
1 0.2203125 0.5890625 0.02109375 0.03046875
1 0.15859375 0.65 0.02421875 0.02734375
1 0.22109375 0.7484375 0.02421875 0.028125
1 0.1953125 0.6734375 0.02265625 0.03359375
1 0.3171875 0.0328125 0.065625 0.03046875
1 0.3140625 0.0953125 0.03828125 0.06484375
1 0.28203125 0.2140625 0.0421875 0.05625
1 0.20234375 0.2953125 0.05859375 0.096875
1 0.14375 0.240625 0.040625 0.07421875
1 0.09609375 0.26953125 0.01953125 0.08828125
1 0.52265625 0.6015625 0.08828125 0.12734375
1 0.52109375 0.93984375 0.09609375 0.08828125
1 0.68828125 0.82109375 0.1171875 0.0796875
1 0.78359375 0.70625 0.0640625 0.065625
1 0.95703125 0.70859375 0.07734375 0.12265625
1 0.734375 0.28515625 0.04453125 0.03984375
1 0.6140625 0.30546875 0.028125 0.0359375
1 0.55625 0.0828125 0.040625 0.05
1 0.50234375 0.209375 0.03671875 0.06875
1 0.52734375 0.290625 0.05703125 0.02890625