1 0.1765625 0.38828125 0.06171875 0.05546875
1 0.25 0.2171875 0.03125 0.03828125
1 0.2546875 0.10390625 0.06015625 0.04609375
1 0.2671875 0.9484375 0.046875 0.04375
1 0.34375 0.59609375 0.046875 0.04765625
1 0.37890625 0.67265625 0.0515625 0.06484375
1 0.13984375 0.9890625 0.0296875 0.02109375
1 0.23125 0.5015625 0.034375 0.03203125
1 0.2984375 0.271875 0.040625 0.03515625
1 0.0359375 0.20703125 0.02890625 0.0328125
1 0.2390625 0.01484375 0.040625 0.0265625
1 0.3828125 0.6171875 0.015625 0.01875