1 0.6609375 0.0734375 0.06953125 0.065625
1 0.65390625 0.15390625 0.05859375 0.05078125
1 0.5203125 0.1328125 0.0625 0.04375
1 0.57890625 0.175 0.0578125 0.034375
1 0.3953125 0.34296875 0.040625 0.0609375
1 0.8328125 0.65546875 0.090625 0.0609375
1 0.25703125 0.7890625 0.1296875 0.146875
1 0.375 0.67109375 0.078125 0.09765625
1 0.47890625 0.6546875 0.05078125 0.05625
1 0.55703125 0.68046875 0.0640625 0.07265625
1 0.6078125 0.80859375 0.09765625 0.06953125
1 0.6078125 0.9484375 0.140625 0.08359375
1 0.3640625 0.16796875 0.06328125 0.07265625
1 0.175 0.21796875 0.071875 0.06640625
1 0.22265625 0.35078125 0.0484375 0.08515625
1 0.08359375 0.4859375 0.10859375 0.10546875