1 0.1359375 0.33203125 0.13125 0.13671875
3 0.0203125 0.0859375 0.040625 0.05859375
3 0.1265625 0.1859375 0.06640625 0.0703125
0 0.52421875 0.378125 0.1421875 0.084375
0 0.553125 0.2609375 0.1640625 0.1625
0 0.44609375 0.246875 0.1265625 0.15
0 0.5015625 0.12890625 0.16015625 0.14453125
0 0.434375 0.346875 0.103125 0.146875
0 0.67890625 0.31640625 0.146875 0.1484375
0 0.66015625 0.15234375 0.20703125 0.1796875
0 0.8609375 0.13984375 0.22265625 0.165625
5 0.2 0.6703125 0.1078125 0.1328125
3 0.146875 0.4625 0.0703125 0.078125
3 0.35546875 0.721875 0.0546875 0.0796875
3 0.8484375 0.6890625 0.1421875 0.1046875
3 0.953125 0.59296875 0.09375 0.084375
3 0.771875 0.50859375 0.109375 0.0765625