2 0.7125 0.48515625 0.08671875 0.0265625
2 0.71875 0.253125 0.04609375 0.04296875
2 0.825 0.421875 0.053125 0.04296875
2 0.83828125 0.271875 0.06796875 0.053125
2 0.7828125 0.0625 0.053125 0.034375
2 0.91875 0.1625 0.059375 0.121875
2 0.9421875 0.27265625 0.05390625 0.03984375
2 0.75859375 0.14140625 0.12109375 0.04765625
2 0.815625 0.51171875 0.075 0.03828125
2 0.72421875 0.5703125 0.06328125 0.04765625
2 0.865625 0.6359375 0.05 0.046875
2 0.284375 0.5140625 0.08984375 0.08984375
2 0.3875 0.5328125 0.078125 0.1
1 0.42109375 0.24375 0.06953125 0.034375