1 0.2765625 0.69921875 0.26015625 0.2625
1 0.80546875 0.77578125 0.3453125 0.30859375
1 0.36015625 0.496875 0.16484375 0.1046875
1 0.64296875 0.52578125 0.2171875 0.1140625
1 0.09609375 0.8640625 0.08125 0.12734375
1 0.55703125 0.96015625 0.15234375 0.0796875
1 0.06015625 0.67109375 0.084375 0.10859375
4 0.17109375 0.5328125 0.0546875 0.0359375
4 0.2359375 0.28359375 0.046875 0.0234375
4 0.55078125 0.384375 0.04296875 0.03046875
4 0.78203125 0.43203125 0.02421875 0.02890625
1 0.65703125 0.32734375 0.13515625 0.14453125
4 0.25 0.4 0.0421875 0.03203125
4 0.13828125 0.2296875 0.02578125 0.0125
1 0.64609375 0.31484375 0.1578125 0.11171875
1 0.52265625 0.74296875 0.18984375 0.11640625