1 0.01953125 0.1109375 0.03359375 0.075
1 0.05859375 0.30078125 0.1171875 0.2234375
1 0.15234375 0.03828125 0.1265625 0.05390625
1 0.1875 0.16796875 0.08671875 0.0796875
1 0.28046875 0.14609375 0.0609375 0.0671875
1 0.265625 0.27890625 0.053125 0.0546875
1 0.22890625 0.7171875 0.0890625 0.07109375
1 0.36484375 0.909375 0.08359375 0.075
1 0.88046875 0.1109375 0.0359375 0.08046875
1 0.9140625 0.21328125 0.03359375 0.02578125
1 0.88125 0.31484375 0.040625 0.05390625
1 0.85 0.38359375 0.04453125 0.0484375
1 0.64921875 0.35 0.06484375 0.01875
1 0.72890625 0.33125 0.04140625 0.034375
1 0.68984375 0.26796875 0.05390625 0.0609375
1 0.77578125 0.1671875 0.06484375 0.03125
1 0.73203125 0.2078125 0.07265625 0.01875
1 0.4984375 0.78515625 0.05 0.11953125
1 0.62890625 0.7078125 0.1046875 0.13125