1 0.63046875 0.1046875 0.0578125 0.1
1 0.76484375 0.28671875 0.05703125 0.07890625
1 0.9359375 0.70234375 0.128125 0.2140625
1 0.9515625 0.909375 0.046875 0.071875
1 0.83203125 0.84453125 0.04453125 0.08828125
1 0.85859375 0.9734375 0.1140625 0.053125
1 0.7296875 0.8578125 0.05234375 0.046875
1 0.6515625 0.88515625 0.046875 0.03203125
1 0.73203125 0.7296875 0.04765625 0.0703125
1 0.6625 0.7515625 0.06171875 0.090625
1 0.57265625 0.8515625 0.0765625 0.05546875
1 0.35859375 0.3078125 0.09609375 0.140625
1 0.47109375 0.19921875 0.0765625 0.10390625
1 0.1625 0.6109375 0.06953125 0.02734375
1 0.1234375 0.68046875 0.08046875 0.0609375
1 0.28359375 0.66328125 0.04921875 0.0640625
1 0.35703125 0.6625 0.05234375 0.059375
1 0.4203125 0.74453125 0.06796875 0.0546875
1 0.31328125 0.7328125 0.0796875 0.05625
1 0.0921875 0.79140625 0.04921875 0.04765625
1 0.30859375 0.8421875 0.06953125 0.12734375
1 0.2265625 0.84296875 0.03046875 0.04765625