1 0.353125 0.81484375 0.059375 0.0515625
1 0.0375 0.66015625 0.05078125 0.0453125
1 0.29453125 0.33671875 0.0203125 0.0234375
1 0.0484375 0.2515625 0.02421875 0.021875
1 0.91328125 0.7890625 0.0453125 0.0375
1 0.14140625 0.825 0.0484375 0.02265625
1 0.1828125 0.77578125 0.040625 0.0234375
1 0.45078125 0.65703125 0.0421875 0.03203125
1 0.36015625 0.909375 0.0578125 0.028125
1 0.1109375 0.67265625 0.05078125 0.03359375
1 0.2140625 0.65546875 0.05625 0.0203125
1 0.20625 0.56171875 0.04609375 0.0203125
1 0.24140625 0.6109375 0.0609375 0.021875