1 0.6734375 0.63671875 0.090625 0.1109375
1 0.24609375 0.05859375 0.0734375 0.0953125
1 0.296875 0.96484375 0.0625 0.0703125
1 0.66640625 0.15703125 0.0921875 0.1015625
1 0.90625 0.55625 0.059375 0.09609375
1 0.5578125 0.26953125 0.071875 0.08671875
1 0.36171875 0.07578125 0.0296875 0.08671875
1 0.303125 0.190625 0.046875 0.08828125
1 0.2984375 0.39453125 0.03671875 0.10546875
1 0.07578125 0.4765625 0.0296875 0.07734375
1 0.184375 0.4609375 0.0375 0.04609375
1 0.603125 0.03515625 0.03125 0.0515625