1 0.04921875 0.32890625 0.0984375 0.10078125
1 0.165625 0.2515625 0.06796875 0.140625
1 0.1546875 0.4203125 0.0875 0.1
1 0.275 0.2796875 0.08671875 0.1453125
1 0.31953125 0.146875 0.10546875 0.08671875
1 0.72578125 0.04609375 0.08203125 0.08515625
1 0.8390625 0.16796875 0.125 0.07265625
1 0.878125 0.378125 0.11015625 0.0625
1 0.80859375 0.49375 0.17734375 0.09921875
1 0.56875 0.5734375 0.05625 0.103125
1 0.6453125 0.57734375 0.034375 0.08203125
1 0.21015625 0.7828125 0.0734375 0.075
1 0.459375 0.8296875 0.06484375 0.07421875
1 0.74296875 0.6859375 0.0390625 0.075
1 0.8671875 0.6828125 0.05390625 0.1
1 0.60859375 0.871875 0.06953125 0.134375
1 0.71484375 0.8578125 0.0765625 0.09296875