1 0.13671875 0.4546875 0.13515625 0.0625
1 0.22421875 0.3765625 0.09296875 0.0625
1 0.15703125 0.24609375 0.12265625 0.0734375
1 0.18359375 0.1453125 0.1140625 0.08359375
1 0.315625 0.19296875 0.09453125 0.1109375
1 0.34296875 0.77421875 0.1171875 0.0734375
1 0.34609375 0.9234375 0.09140625 0.103125
1 0.6578125 0.12734375 0.08125 0.0859375
1 0.83203125 0.35078125 0.09453125 0.0921875
1 0.909375 0.45390625 0.10625 0.07265625
1 0.659375 0.82734375 0.12265625 0.10625
1 0.6390625 0.5359375 0.10859375 0.06171875
1 0.6609375 0.6171875 0.08984375 0.05546875
1 0.80625 0.62890625 0.090625 0.11953125
1 0.8234375 0.80546875 0.075 0.09765625