1 0.19765625 0.59453125 0.1296875 0.1015625
1 0.41484375 0.65078125 0.0921875 0.0984375
1 0.1453125 0.78671875 0.134375 0.1171875
1 0.3109375 0.14921875 0.1 0.15078125
1 0.49296875 0.3078125 0.0921875 0.08359375
1 0.6015625 0.07578125 0.075 0.0890625
1 0.784375 0.10703125 0.09453125 0.0828125
1 0.859375 0.20546875 0.05625 0.07265625
1 0.9625 0.228125 0.075 0.084375
1 0.9015625 0.290625 0.04375 0.0375
1 0.90078125 0.34453125 0.04296875 0.01953125
1 0.959375 0.3734375 0.04453125 0.046875
1 0.8140625 0.27421875 0.03046875 0.0703125
1 0.84765625 0.390625 0.03828125 0.040625
1 0.7671875 0.821875 0.05234375 0.06796875
1 0.5859375 0.7671875 0.15625 0.134375