1 0.03984375 0.1875 0.0796875 0.053125
1 0.1546875 0.13515625 0.09765625 0.06015625
1 0.23671875 0.08515625 0.08359375 0.02578125
1 0.10078125 0.55546875 0.10078125 0.07265625
1 0.3265625 0.6328125 0.06875 0.06796875
1 0.6109375 0.50078125 0.140625 0.0921875
1 0.9546875 0.4453125 0.090625 0.10625
1 0.90390625 0.69765625 0.0921875 0.0765625
1 0.77578125 0.8625 0.11171875 0.08359375
1 0.64453125 0.79921875 0.1265625 0.08828125
1 0.528125 0.01875 0.09921875 0.03671875
1 0.5734375 0.08984375 0.08046875 0.04140625
1 0.63671875 0.028125 0.0640625 0.05625
1 0.6796875 0.08125 0.07265625 0.05