2 0.34609375 0.13828125 0.1359375 0.1078125
2 0.190625 0.3359375 0.08125 0.175
2 0.30390625 0.30859375 0.0890625 0.14140625
2 0.2859375 0.5328125 0.24140625 0.153125
2 0.32265625 0.42734375 0.0984375 0.0453125
1 0.54921875 0.275 0.04609375 0.07109375
1 0.5375 0.58203125 0.0546875 0.05859375
1 0.70078125 0.1171875 0.0671875 0.0296875
2 0.1140625 0.5109375 0.06640625 0.04765625
2 0.1 0.59453125 0.06484375 0.0421875
2 0.034375 0.584375 0.04140625 0.06953125
2 0.01640625 0.484375 0.03203125 0.09375
2 0.2125 0.975 0.03828125 0.03125
2 0.3203125 0.8453125 0.01953125 0.03203125
2 0.2234375 0.71875 0.01953125 0.02734375
2 0.0953125 0.96015625 0.01171875 0.01953125
2 0.12890625 0.9703125 0.0140625 0.0203125
2 0.16875 0.8421875 0.03359375 0.01875
2 0.43203125 0.77734375 0.0359375 0.03515625
2 0.4328125 0.83046875 0.02265625 0.02734375
2 0.36015625 0.84453125 0.02890625 0.02578125
2 0.34453125 0.91484375 0.01875 0.02734375
2 0.3 0.9140625 0.01171875 0.025
2 0.309375 0.88515625 0.021875 0.0171875
2 0.3703125 0.8828125 0.01875 0.0171875
2 0.45234375 0.87734375 0.0171875 0.0171875
2 0.39609375 0.8875 0.01796875 0.040625
2 0.2625 0.8984375 0.01640625 0.03359375
2 0.2125 0.88046875 0.03828125 0.03515625
2 0.20546875 0.92421875 0.04765625 0.02890625
2 0.2421875 0.940625 0.01640625 0.03359375
2 0.2625 0.9703125 0.01171875 0.01875
2 0.15234375 0.7875 0.01640625 0.01796875
2 0.221875 0.83125 0.03203125 0.03671875
2 0.2515625 0.85703125 0.0171875 0.0359375
2 0.28515625 0.859375 0.0265625 0.02890625
2 0.2359375 0.68359375 0.015625 0.01015625
2 0.38984375 0.7328125 0.02578125 0.0140625
2 0.39375 0.77734375 0.0125 0.0203125
2 0.2796875 0.7171875 0.01640625 0.02421875
2 0.42109375 0.66875 0.01796875 0.021875
2 0.3171875 0.70546875 0.0171875 0.0171875
2 0.16953125 0.6609375 0.02734375 0.01015625
2 0.2125 0.66796875 0.01484375 0.0203125
2 0.1109375 0.753125 0.0203125 0.0203125
2 0.30390625 0.96171875 0.02109375 0.025
2 0.33046875 0.96328125 0.02109375 0.02578125
2 0.43046875 0.92109375 0.02265625 0.0515625