1 0.24375 0.3390625 0.01875 0.04375
1 0.190625 0.64609375 0.0875 0.0796875
1 0.05625 0.59453125 0.02421875 0.04140625
1 0.33125 0.7359375 0.06875 0.078125
1 0.1671875 0.7515625 0.0625 0.04375
1 0.41171875 0.81953125 0.0296875 0.06640625
1 0.76875 0.22421875 0.0625 0.05078125
1 0.62578125 0.365625 0.03515625 0.0375
1 0.72734375 0.38203125 0.0671875 0.06640625
1 0.80859375 0.44140625 0.0328125 0.0328125
1 0.8109375 0.48203125 0.06484375 0.0328125
1 0.653125 0.53046875 0.05703125 0.0359375
1 0.7265625 0.50859375 0.04375 0.06015625
1 0.69921875 0.6234375 0.04296875 0.04375
1 0.72890625 0.7609375 0.02578125 0.04375