1 0.34765625 0.6453125 0.0546875 0.046875
1 0.3125 0.71328125 0.05546875 0.0421875
1 0.13359375 0.9703125 0.0703125 0.059375
1 0.1171875 0.82109375 0.07109375 0.07578125
1 0.9578125 0.946875 0.04921875 0.06171875
1 0.72734375 0.80625 0.0515625 0.04609375
1 0.4703125 0.61171875 0.053125 0.0765625
1 0.79453125 0.5140625 0.0890625 0.03984375
1 0.59140625 0.9296875 0.0703125 0.02734375
1 0.91171875 0.89453125 0.0703125 0.0578125
1 0.771875 0.709375 0.059375 0.05
1 0.68984375 0.5296875 0.0578125 0.046875
1 0.50078125 0.49453125 0.0921875 0.03046875
1 0.85703125 0.65546875 0.0265625 0.0359375
1 0.8984375 0.6625 0.028125 0.04296875
1 0.6328125 0.59296875 0.03828125 0.0359375
1 0.625 0.55234375 0.03984375 0.0328125
1 0.6984375 0.89921875 0.0375 0.03203125
1 0.96875 0.61171875 0.03984375 0.0421875
1 0.4078125 0.53984375 0.053125 0.03203125
1 0.640625 0.46328125 0.04375 0.0203125
1 0.6703125 0.93671875 0.04609375 0.02578125
1 0.40390625 0.6828125 0.0484375 0.05
1 0.59140625 0.6234375 0.0390625 0.03125
1 0.48828125 0.71484375 0.0359375 0.03515625
1 0.70703125 0.6046875 0.0546875 0.028125
1 0.7125 0.5671875 0.05 0.028125
1 0.775 0.584375 0.05859375 0.0375
1 0.8984375 0.4515625 0.075 0.034375
1 0.309375 0.59296875 0.05 0.03359375
1 0.34296875 0.528125 0.0484375 0.03828125
1 0.47734375 0.8828125 0.0640625 0.0375