1 0.00703125 0.165625 0.0140625 0.1015625
1 0.04375 0.07890625 0.04296875 0.0796875
1 0.13359375 0.2984375 0.03515625 0.0640625
0 0.9375 0.6203125 0.125 0.225
0 0.703125 0.5515625 0.084375 0.103125
0 0.68359375 0.653125 0.078125 0.084375
0 0.671875 0.753125 0.0703125 0.08203125
0 0.48828125 0.69140625 0.1328125 0.15625
0 0.478125 0.81953125 0.09765625 0.103125
0 0.521875 0.94453125 0.125 0.1109375
0 0.821875 0.87109375 0.15 0.18125
0 0.9546875 0.75390625 0.08984375 0.14453125
0 0.7703125 0.93046875 0.209375 0.1390625
0 0.646875 0.978125 0.09375 0.04296875
0 0.6421875 0.8578125 0.0703125 0.0765625
0 0.55859375 0.80078125 0.0609375 0.07421875
0 0.7875 0.55390625 0.084375 0.08984375
0 0.8578125 0.6140625 0.0921875 0.115625