1 0.309375 0.1953125 0.059375 0.08359375
1 0.32578125 0.3859375 0.06015625 0.06171875
1 0.31953125 0.52421875 0.04765625 0.0640625
1 0.10078125 0.51015625 0.06484375 0.0734375
1 0.2171875 0.5671875 0.0625 0.07109375
1 0.596875 0.49453125 0.14765625 0.1609375
1 0.86171875 0.2234375 0.06328125 0.12734375
1 0.7578125 0.065625 0.10625 0.09296875
1 0.621875 0.16171875 0.05 0.0953125
1 0.96171875 0.4859375 0.0765625 0.175
1 0.62109375 0.97421875 0.0640625 0.0296875
1 0.803125 0.95390625 0.05546875 0.04765625
1 0.73984375 0.871875 0.0671875 0.05
1 0.71171875 0.93359375 0.03515625 0.0546875
1 0.04453125 0.884375 0.06484375 0.0703125
1 0.1171875 0.8796875 0.06796875 0.05703125
1 0.24609375 0.90390625 0.0828125 0.05703125
1 0.32265625 0.95 0.0640625 0.03984375