1 0.55390625 0.67578125 0.271875 0.19609375
1 0.259375 0.56796875 0.10703125 0.07265625
1 0.4921875 0.39921875 0.54375 0.15625
1 0.93671875 0.53828125 0.12578125 0.1265625
1 0.97109375 0.7046875 0.0578125 0.05
1 0.94375 0.925 0.084375 0.04921875
1 0.45 0.82109375 0.059375 0.05
1 0.07109375 0.47578125 0.125 0.0515625
1 0.4859375 0.25234375 0.3640625 0.12265625
4 0.33359375 0.21484375 0.01484375 0.0109375
4 0.51953125 0.2671875 0.021875 0.01484375
4 0.2953125 0.3578125 0.03828125 0.00703125
4 0.2703125 0.18671875 0.01171875 0.00703125
1 0.68984375 0.54609375 0.17421875 0.0484375