2 0.2625 0.1234375 0.078125 0.0375
2 0.09140625 0.1171875 0.10859375 0.05
2 0.62578125 0.35546875 0.11484375 0.1359375
2 0.8046875 0.40625 0.07890625 0.09921875
2 0.378125 0.2890625 0.065625 0.05546875
2 0.08828125 0.25078125 0.1234375 0.0859375
2 0.23125 0.30234375 0.10390625 0.0640625
2 0.059375 0.39921875 0.11875 0.0734375
2 0.1609375 0.4984375 0.125 0.0921875
2 0.03359375 0.5 0.0671875 0.08046875
2 0.4125 0.6375 0.103125 0.09375
2 0.51875 0.815625 0.07890625 0.1375
2 0.43125 0.8921875 0.040625 0.140625
2 0.2765625 0.8140625 0.15546875 0.23984375
2 0.0921875 0.83984375 0.178125 0.3203125