1 0.28359375 0.73203125 0.0859375 0.07578125
1 0.18046875 0.81796875 0.07265625 0.0421875
1 0.24140625 0.903125 0.0390625 0.05234375
1 0.29453125 0.975 0.0359375 0.05
1 0.325 0.865625 0.08828125 0.05546875
1 0.4640625 0.825 0.046875 0.075
1 0.45625 0.9296875 0.11875 0.059375
1 0.0640625 0.60859375 0.115625 0.0484375
1 0.10859375 0.53203125 0.07421875 0.0734375
1 0.29296875 0.5484375 0.0609375 0.05546875
1 0.22890625 0.625 0.0890625 0.06171875
1 0.35390625 0.6140625 0.0609375 0.0375
1 0.48515625 0.15234375 0.08828125 0.0546875
1 0.60859375 0.1453125 0.04609375 0.05625
1 0.60546875 0.43984375 0.0703125 0.1078125
1 0.4 0.453125 0.053125 0.02734375
1 0.70703125 0.42734375 0.0671875 0.07890625
1 0.80546875 0.02890625 0.0671875 0.0578125
1 0.70546875 0.71953125 0.05546875 0.04453125