1 0.64921875 0.09296875 0.2265625 0.13828125
1 0.2421875 0.24921875 0.10234375 0.0609375
1 0.3484375 0.09921875 0.10625 0.0609375
1 0.09296875 0.146875 0.08046875 0.046875
1 0.36328125 0.19296875 0.0765625 0.06640625
1 0.2328125 0.7734375 0.09609375 0.03671875
1 0.41328125 0.36640625 0.0453125 0.05390625
1 0.21015625 0.53828125 0.0828125 0.05078125
2 0.86328125 0.3640625 0.1296875 0.115625
2 0.95546875 0.70703125 0.0890625 0.09453125
2 0.78671875 0.6578125 0.03984375 0.05
2 0.84921875 0.7046875 0.04609375 0.07109375
2 0.728125 0.434375 0.096875 0.08359375
2 0.71953125 0.53671875 0.0859375 0.06015625
2 0.7328125 0.60390625 0.08125 0.03828125