2 0.13515625 0.8421875 0.0328125 0.059375
2 0.30703125 0.74296875 0.05234375 0.07265625
2 0.490625 0.8375 0.0625 0.08359375
2 0.35 0.86953125 0.04140625 0.07734375
2 0.21328125 0.79765625 0.0546875 0.06328125
2 0.2703125 0.9546875 0.04609375 0.08359375
2 0.378125 0.97890625 0.071875 0.0421875
2 0.5546875 0.3921875 0.11875 0.0625
2 0.5125 0.3203125 0.09140625 0.06171875
2 0.54140625 0.7203125 0.06953125 0.08125
2 0.6265625 0.725 0.021875 0.06171875
2 0.603125 0.8296875 0.059375 0.03125
2 0.6875 0.96953125 0.075 0.05078125
2 0.71328125 0.78046875 0.0796875 0.04453125
1 0.2609375 0.4515625 0.040625 0.04921875