1 0.0359375 0.396875 0.071875 0.096875
1 0.14375 0.403125 0.07578125 0.084375
1 0.4921875 0.02109375 0.05625 0.0421875
1 0.65234375 0.09765625 0.03359375 0.0484375
1 0.62578125 0.17890625 0.03984375 0.0609375
1 0.46953125 0.2171875 0.04453125 0.028125
1 0.48828125 0.10703125 0.0484375 0.0828125
1 0.11640625 0.8390625 0.0609375 0.10546875
1 0.2125 0.70234375 0.125 0.10390625
1 0.6640625 0.7671875 0.065625 0.090625
1 0.5125 0.68828125 0.09140625 0.11015625
1 0.275 0.5484375 0.09140625 0.05859375
1 0.36953125 0.61640625 0.0578125 0.11953125
1 0.35234375 0.9390625 0.0703125 0.06171875
1 0.6171875 0.41796875 0.10625 0.10859375
1 0.74921875 0.3984375 0.0546875 0.03984375
1 0.8828125 0.49296875 0.09296875 0.1390625
1 0.8078125 0.26640625 0.07265625 0.04453125