1 0.95859375 0.2765625 0.04453125 0.059375
1 0.81953125 0.2953125 0.05546875 0.05
1 0.84296875 0.3421875 0.05546875 0.02734375
1 0.2203125 0.6625 0.05078125 0.08046875
1 0.2921875 0.66015625 0.059375 0.08203125
1 0.309375 0.56640625 0.059375 0.04765625
1 0.27421875 0.4625 0.0515625 0.0875
1 0.365625 0.465625 0.06875 0.05625
1 0.45546875 0.47421875 0.05234375 0.06015625
1 0.42265625 0.60625 0.0546875 0.034375
1 0.39375 0.6609375 0.034375 0.05
1 0.51015625 0.6390625 0.0515625 0.05859375
1 0.5390625 0.546875 0.08046875 0.03125
1 0.65 0.6328125 0.025 0.03984375