1 0.13515625 0.78984375 0.0765625 0.1640625
1 0.25703125 0.81171875 0.0609375 0.18515625
1 0.21953125 0.65078125 0.05234375 0.0890625
1 0.41875 0.83515625 0.159375 0.24453125
1 0.82109375 0.740625 0.0890625 0.16875
1 0.8921875 0.9203125 0.0875 0.0875
1 0.94140625 0.7515625 0.06171875 0.1
1 0.16953125 0.29296875 0.0578125 0.0796875
1 0.20859375 0.19453125 0.04921875 0.06015625
1 0.18125 0.1 0.09609375 0.05546875
1 0.39453125 0.2140625 0.06953125 0.065625
1 0.4234375 0.29453125 0.08984375 0.06328125
1 0.4453125 0.1375 0.07578125 0.0875
1 0.51796875 0.1015625 0.04765625 0.10234375
1 0.5859375 0.43203125 0.08125 0.06328125
1 0.65703125 0.4390625 0.0390625 0.10546875
1 0.91953125 0.56484375 0.09765625 0.08359375
1 0.8453125 0.43125 0.14296875 0.13125
1 0.71328125 0.31015625 0.0546875 0.0828125
1 0.621875 0.128125 0.09296875 0.1125
1 0.83828125 0.275 0.06171875 0.07421875
1 0.88984375 0.1734375 0.05390625 0.03359375
1 0.82265625 0.115625 0.0296875 0.04609375