1 0.06328125 0.22734375 0.03828125 0.06953125
1 0.175 0.0890625 0.08125 0.040625
1 0.275 0.05625 0.053125 0.06171875
1 0.42265625 0.1796875 0.0734375 0.0875
1 0.2671875 0.16796875 0.06875 0.0484375
1 0.25546875 0.30234375 0.0421875 0.0421875
1 0.37734375 0.0359375 0.0640625 0.05234375
1 0.18984375 0.20625 0.03203125 0.03125
1 0.1640625 0.30625 0.1734375 0.2953125 0.1734375 0.25625 0.165625 0.2234375 0.14375 0.21875 0.1296875 0.20625 0.1078125 0.2125 0.1046875 0.225 0.1296875 0.3015625 0.1484375 0.3109375 0.1640625 0.30625
1 0.5859375 0.03359375 0.06640625 0.05390625
1 0.51875 0.175 0.04609375 0.071875
1 0.48203125 0.2890625 0.04765625 0.08046875
1 0.5640625 0.2703125 0.05546875 0.08359375
1 0.84296875 0.61328125 0.0640625 0.10078125
1 0.834375 0.971875 0.059375 0.05625
1 0.5125 0.70625 0.05625 0.09296875
1 0.5328125 0.6078125 0.14296875 0.078125
1 0.57890625 0.690625 0.0359375 0.04921875
1 0.25390625 0.58046875 0.0703125 0.0578125
1 0.29609375 0.93828125 0.06953125 0.09140625