4 0.2671875 0.43671875 0.034375 0.034375
4 0.1953125 0.44375 0.021875 0.03125
4 0.21875 0.47421875 0.021875 0.0234375
4 0.2078125 0.60546875 0.034375 0.0546875
4 0.3171875 0.534375 0.0359375 0.0421875
4 0.40390625 0.5796875 0.0375 0.0375
4 0.44765625 0.721875 0.0234375 0.0234375
4 0.3859375 0.76015625 0.025 0.0265625
4 0.44375 0.6171875 0.025 0.0234375
4 0.67421875 0.7296875 0.034375 0.0328125
4 0.7453125 0.2390625 0.046875 0.053125
4 0.8796875 0.453125 0.0546875 0.0625
4 0.90234375 0.5171875 0.0375 0.0375
4 0.89140625 0.6109375 0.0328125 0.0359375
4 0.48125 0.5734375 0.0296875 0.034375
4 0.65078125 0.44765625 0.04375 0.034375
4 0.2796875 0.834375 0.0234375 0.025
4 0.25859375 0.78125 0.01875 0.0234375
4 0.22265625 0.84765625 0.0359375 0.0421875
4 0.5375 0.5953125 0.0203125 0.0265625
4 0.65078125 0.53359375 0.0203125 0.025
4 0.69765625 0.8640625 0.0359375 0.028125