4 0.7328125 0.43671875 0.034375 0.034375
4 0.8046875 0.44375 0.021875 0.03125
4 0.78125 0.47421875 0.021875 0.021875
4 0.7921875 0.60546875 0.034375 0.053125
4 0.6828125 0.534375 0.034375 0.040625
4 0.59609375 0.5796875 0.0375 0.0375
4 0.55234375 0.721875 0.0234375 0.025
4 0.6140625 0.76015625 0.025 0.025
4 0.55625 0.6171875 0.025 0.021875
4 0.32578125 0.7296875 0.034375 0.0328125
4 0.2546875 0.2390625 0.046875 0.053125
4 0.1203125 0.453125 0.053125 0.0625
4 0.09765625 0.5171875 0.0375 0.0375
4 0.10859375 0.6109375 0.0328125 0.0375
4 0.51875 0.5734375 0.028125 0.034375
4 0.34921875 0.44765625 0.04375 0.034375
4 0.7203125 0.834375 0.0234375 0.025
4 0.74140625 0.78125 0.01875 0.021875
4 0.77734375 0.84765625 0.034375 0.0421875
4 0.4625 0.5953125 0.0203125 0.025
4 0.34921875 0.53359375 0.0203125 0.025
4 0.30234375 0.8640625 0.0359375 0.028125