4 0.69453125 0.57734375 0.034375 0.034375
4 0.453125 0.40703125 0.025 0.021875
4 0.35390625 0.1171875 0.034375 0.0296875
4 0.31015625 0.08125 0.034375 0.034375
4 0.26328125 0.1546875 0.025 0.028125
4 0.20859375 0.06875 0.040625 0.0484375
4 0.57421875 0.0125 0.028125 0.025
4 0.53125 0.11328125 0.0375 0.05
4 0.18984375 0.10859375 0.0234375 0.028125
4 0.8703125 0.92578125 0.025 0.025
4 0.7890625 0.7515625 0.040625 0.0375
4 0.725 0.75234375 0.03125 0.046875
4 0.78125 0.7 0.0375 0.0359375
4 0.74453125 0.67890625 0.028125 0.025
4 0.8890625 0.69765625 0.0703125 0.0328125
4 0.96796875 0.7234375 0.046875 0.03125
4 0.928125 0.7953125 0.021875 0.028125
4 0.81171875 0.77890625 0.025 0.0234375
4 0.8625 0.76484375 0.053125 0.03125
4 0.91875 0.89140625 0.0296875 0.028125
4 0.83046875 0.928125 0.0375 0.0265625
4 0.8296875 0.690625 0.0375 0.0359375
4 0.96875 0.621875 0.03125 0.034375
4 0.8484375 0.6015625 0.0265625 0.025