4 0.42265625 0.69453125 0.034375 0.034375
4 0.59296875 0.453125 0.021875 0.025
4 0.8828125 0.35390625 0.0296875 0.034375
4 0.91875 0.31015625 0.034375 0.034375
4 0.8453125 0.26328125 0.028125 0.025
4 0.93125 0.20859375 0.0484375 0.040625
4 0.9875 0.57421875 0.025 0.028125
4 0.88671875 0.53125 0.05 0.0375
4 0.89140625 0.18984375 0.028125 0.0234375
4 0.07421875 0.8703125 0.025 0.025
4 0.2484375 0.7890625 0.0375 0.0390625
4 0.24765625 0.725 0.046875 0.03125
4 0.3 0.78125 0.0359375 0.0375
4 0.32109375 0.74453125 0.025 0.028125
4 0.30234375 0.8890625 0.0328125 0.0703125
4 0.2765625 0.96796875 0.03125 0.046875
4 0.2046875 0.928125 0.028125 0.021875
4 0.22109375 0.81171875 0.0234375 0.0234375
4 0.23515625 0.8625 0.03125 0.053125
4 0.10859375 0.91875 0.028125 0.0296875
4 0.071875 0.83046875 0.0265625 0.0375
4 0.309375 0.8296875 0.0359375 0.0375
4 0.378125 0.96875 0.034375 0.03125
4 0.3984375 0.8484375 0.025 0.0265625