4 0.49765625 0.45546875 0.0765625 0.1046875
4 0.4921875 0.3640625 0.028125 0.0359375
4 0.62734375 0.1875 0.0359375 0.053125
4 0.35546875 0.18359375 0.046875 0.0421875
4 0.2953125 0.2546875 0.059375 0.059375
4 0.28984375 0.38515625 0.028125 0.03125
4 0.54140625 0.52578125 0.0765625 0.0625
4 0.60859375 0.53828125 0.0390625 0.03125
4 0.63671875 0.63125 0.0328125 0.03125
4 0.67890625 0.60546875 0.0234375 0.0296875
4 0.6796875 0.52890625 0.025 0.03125
4 0.7 0.4703125 0.034375 0.0390625
4 0.55546875 0.3828125 0.028125 0.03125
4 0.61015625 0.2671875 0.05625 0.053125
4 0.70390625 0.2625 0.0328125 0.0328125
4 0.76328125 0.26953125 0.05 0.0515625
4 0.8171875 0.2421875 0.0484375 0.078125
4 0.83125 0.36875 0.034375 0.0359375
4 0.7703125 0.584375 0.0390625 0.04375
4 0.78359375 0.68203125 0.05 0.053125
4 0.83046875 0.65234375 0.034375 0.0328125
4 0.69921875 0.66875 0.040625 0.0546875
4 0.5203125 0.69765625 0.0203125 0.025