3 0.78046875 0.79453125 0.034375 0.0421875
3 0.49453125 0.58203125 0.040625 0.05
3 0.46328125 0.70234375 0.0375 0.046875
3 0.35625 0.54609375 0.034375 0.034375
3 0.36171875 0.32421875 0.059375 0.0453125
3 0.54453125 0.13125 0.025 0.025
3 0.5421875 0.25546875 0.03125 0.0375
3 0.58203125 0.384375 0.0359375 0.0390625
3 0.65234375 0.459375 0.03125 0.0328125
3 0.765625 0.5421875 0.0421875 0.046875
3 0.35078125 0.6546875 0.0375 0.0375
3 0.334375 0.3953125 0.034375 0.040625
3 0.32890625 0.45703125 0.05 0.065625
3 0.21796875 0.11328125 0.040625 0.040625
3 0.74140625 0.4875 0.0390625 0.0375