4 0.3515625 0.40859375 0.03125 0.03125
4 0.42421875 0.453125 0.03125 0.028125
4 0.378125 0.6546875 0.040625 0.0375
4 0.3890625 0.5734375 0.0375 0.0375
4 0.46796875 0.53359375 0.078125 0.065625
4 0.578125 0.7015625 0.075 0.084375
4 0.50703125 0.70546875 0.040625 0.05
4 0.52109375 0.63671875 0.0859375 0.06875
4 0.528125 0.56640625 0.034375 0.0359375
4 0.6359375 0.48984375 0.0359375 0.04375
4 0.6421875 0.5875 0.0375 0.040625
4 0.5703125 0.45390625 0.04375 0.0453125
4 0.50234375 0.4734375 0.03125 0.0328125
4 0.4453125 0.86875 0.028125 0.0234375
4 0.64609375 0.728125 0.028125 0.0359375
4 0.759375 0.596875 0.021875 0.01875
4 0.74453125 0.42421875 0.025 0.021875
4 0.16875 0.85546875 0.03125 0.03125