4 0.40859375 0.6484375 0.03125 0.03125
4 0.453125 0.57578125 0.028125 0.03125
4 0.6546875 0.621875 0.0375 0.040625
4 0.5734375 0.6109375 0.0375 0.0375
4 0.53359375 0.53203125 0.065625 0.078125
4 0.7015625 0.421875 0.084375 0.075
4 0.70546875 0.49296875 0.05 0.040625
4 0.63671875 0.47890625 0.06875 0.0859375
4 0.56640625 0.471875 0.0359375 0.034375
4 0.48984375 0.3640625 0.04375 0.0359375
4 0.5875 0.3578125 0.040625 0.0375
4 0.45390625 0.4296875 0.0453125 0.04375
4 0.4734375 0.49765625 0.0328125 0.03125
4 0.86875 0.5546875 0.0234375 0.028125
4 0.728125 0.35390625 0.0359375 0.028125
4 0.596875 0.240625 0.01875 0.021875
4 0.42421875 0.25546875 0.021875 0.025
4 0.85546875 0.83125 0.03125 0.03125