4 0.54765625 0.228125 0.0734375 0.0671875
4 0.74921875 0.20546875 0.0765625 0.1125
4 0.41796875 0.390625 0.034375 0.0453125
4 0.46796875 0.41640625 0.0390625 0.0390625
4 0.53984375 0.37578125 0.034375 0.0390625
4 0.5921875 0.42265625 0.028125 0.0328125
4 0.63125 0.3515625 0.0515625 0.0640625
4 0.65546875 0.3140625 0.0515625 0.0515625
4 0.71953125 0.2890625 0.0453125 0.0609375
4 0.72734375 0.43125 0.0390625 0.040625
4 0.83203125 0.4453125 0.0390625 0.0359375
4 0.85390625 0.3765625 0.0453125 0.071875
4 0.58125 0.57890625 0.090625 0.05
4 0.675 0.6234375 0.040625 0.04375
4 0.29296875 0.64375 0.0484375 0.05
4 0.18984375 0.5109375 0.0421875 0.0578125
4 0.284375 0.24921875 0.046875 0.05
4 0.8171875 0.1875 0.0421875 0.06875
4 0.85703125 0.2125 0.0296875 0.028125
4 0.503125 0.50078125 0.0375 0.0390625
4 0.31484375 0.50625 0.0296875 0.0328125
4 0.80625 0.703125 0.0328125 0.034375