4 0.45234375 0.228125 0.0734375 0.065625
4 0.25078125 0.20546875 0.0765625 0.1125
4 0.58203125 0.390625 0.034375 0.04375
4 0.53203125 0.41640625 0.0390625 0.0375
4 0.46015625 0.37578125 0.034375 0.0390625
4 0.4078125 0.42265625 0.028125 0.0328125
4 0.36875 0.3515625 0.053125 0.0625
4 0.34453125 0.3140625 0.053125 0.05
4 0.28046875 0.2890625 0.0453125 0.059375
4 0.27265625 0.43125 0.040625 0.040625
4 0.16796875 0.4453125 0.0390625 0.034375
4 0.14609375 0.3765625 0.0453125 0.071875
4 0.41875 0.57890625 0.090625 0.05
4 0.325 0.6234375 0.040625 0.04375
4 0.70703125 0.64375 0.0484375 0.05
4 0.81015625 0.5109375 0.0421875 0.05625
4 0.715625 0.24921875 0.046875 0.05
4 0.1828125 0.1875 0.040625 0.06875
4 0.14296875 0.2125 0.028125 0.028125
4 0.496875 0.50078125 0.0375 0.0390625
4 0.68515625 0.50625 0.028125 0.03125
4 0.19375 0.703125 0.03125 0.034375