4 0.4765625 0.4671875 0.0765625 0.05625
4 0.1234375 0.1484375 0.059375 0.059375
4 0.39453125 0.603125 0.06875 0.0703125
4 0.35078125 0.5171875 0.11875 0.1125
4 0.365625 0.38046875 0.171875 0.175
4 0.24140625 0.4546875 0.115625 0.128125
4 0.21875 0.52890625 0.11875 0.059375
4 0.31953125 0.74609375 0.13125 0.325
4 0.45078125 0.6828125 0.1375 0.090625
4 0.49140625 0.57890625 0.153125 0.1328125
4 0.33046875 0.25 0.071875 0.071875
4 0.2421875 0.32890625 0.090625 0.1125
4 0.75546875 0.2390625 0.04375 0.04375
4 0.80546875 0.190625 0.05 0.05625
4 0.89375 0.41953125 0.05 0.0375