4 0.4671875 0.4765625 0.0578125 0.0765625
4 0.1484375 0.1234375 0.059375 0.059375
4 0.603125 0.39453125 0.0703125 0.06875
4 0.5171875 0.35078125 0.1125 0.1203125
4 0.38046875 0.365625 0.1765625 0.171875
4 0.4546875 0.24140625 0.128125 0.1171875
4 0.52890625 0.21875 0.059375 0.11875
4 0.74609375 0.31953125 0.325 0.13125
4 0.6828125 0.45078125 0.090625 0.1390625
4 0.57890625 0.49140625 0.1328125 0.153125
4 0.25 0.33046875 0.071875 0.0703125
4 0.32890625 0.2421875 0.1125 0.090625
4 0.2390625 0.75546875 0.04375 0.04375
4 0.190625 0.80546875 0.05625 0.0515625
4 0.41953125 0.89375 0.0375 0.05