3 0.403125 0.228125 0.0265625 0.0296875
3 0.575 0.4765625 0.03125 0.0390625
3 0.62109375 0.4140625 0.03125 0.03125
3 0.6765625 0.45390625 0.0328125 0.0375
3 0.6984375 0.496875 0.053125 0.046875
3 0.784375 0.46484375 0.046875 0.0421875
3 0.83046875 0.48984375 0.034375 0.028125
3 0.8703125 0.403125 0.028125 0.040625
3 0.8328125 0.425 0.0359375 0.05625
3 0.80546875 0.7359375 0.028125 0.034375
3 0.7671875 0.67734375 0.034375 0.028125
3 0.48359375 0.26171875 0.04375 0.0453125
3 0.58984375 0.3046875 0.053125 0.0546875
3 0.74375 0.246875 0.05 0.053125
3 0.771875 0.08203125 0.05625 0.0625
3 0.715625 0.1171875 0.03125 0.03125
3 0.75390625 0.15 0.021875 0.021875
3 0.54765625 0.19765625 0.040625 0.0421875
3 0.50078125 0.18984375 0.0375 0.0296875
3 0.86328125 0.18515625 0.0375 0.0359375