4 0.4484375 0.93125 0.0375 0.028125
4 0.7578125 0.43828125 0.0546875 0.040625
4 0.621875 0.83046875 0.0359375 0.046875
4 0.57109375 0.71640625 0.0296875 0.028125
4 0.5453125 0.45546875 0.0296875 0.028125
4 0.4609375 0.50390625 0.03125 0.028125
4 0.634375 0.58046875 0.03125 0.034375
4 0.6875 0.62890625 0.0359375 0.0359375
4 0.69296875 0.5125 0.0359375 0.0359375
4 0.6640625 0.4859375 0.0375 0.03125
4 0.62578125 0.7203125 0.0375 0.034375
4 0.77734375 0.68203125 0.025 0.021875
4 0.74453125 0.6734375 0.0359375 0.05625
4 0.84375 0.8375 0.03125 0.028125
4 0.8296875 0.77734375 0.028125 0.028125
4 0.71171875 0.84375 0.028125 0.028125
4 0.69296875 0.7609375 0.0359375 0.040625
4 0.6859375 0.69765625 0.046875 0.059375
4 0.846875 0.39140625 0.04375 0.0484375
4 0.846875 0.51015625 0.0375 0.0390625
4 0.84609375 0.55546875 0.021875 0.025
4 0.7375 0.3890625 0.021875 0.021875
4 0.77578125 0.82109375 0.0296875 0.040625
4 0.88359375 0.64765625 0.03125 0.03125
4 0.9046875 0.8671875 0.0296875 0.0375
4 0.91875 0.8140625 0.0328125 0.0265625
4 0.88984375 0.378125 0.0203125 0.0234375