4 0.93125 0.5515625 0.028125 0.0375
4 0.43828125 0.2421875 0.040625 0.0546875
4 0.83046875 0.378125 0.046875 0.0359375
4 0.71640625 0.42890625 0.028125 0.0296875
4 0.45546875 0.4546875 0.0296875 0.0296875
4 0.50390625 0.5390625 0.028125 0.03125
4 0.58046875 0.365625 0.034375 0.03125
4 0.62890625 0.3125 0.0359375 0.0359375
4 0.5125 0.30703125 0.0359375 0.0359375
4 0.4859375 0.3359375 0.0328125 0.0390625
4 0.7203125 0.37421875 0.034375 0.0375
4 0.68203125 0.22265625 0.0234375 0.025
4 0.6734375 0.25546875 0.05625 0.0359375
4 0.8375 0.15625 0.028125 0.03125
4 0.77734375 0.1703125 0.028125 0.0296875
4 0.84375 0.28828125 0.0296875 0.028125
4 0.7609375 0.30703125 0.0390625 0.0359375
4 0.69765625 0.3140625 0.059375 0.046875
4 0.39140625 0.153125 0.0484375 0.04375
4 0.51015625 0.153125 0.0390625 0.0375
4 0.55546875 0.15390625 0.025 0.0234375
4 0.3890625 0.2625 0.021875 0.021875
4 0.82109375 0.22421875 0.0421875 0.0296875
4 0.64765625 0.11640625 0.03125 0.03125
4 0.8671875 0.0953125 0.0390625 0.0296875
4 0.8140625 0.08125 0.0265625 0.0328125
4 0.378125 0.11015625 0.0234375 0.0203125