4 0.42109375 0.50078125 0.021875 0.021875
4 0.4765625 0.425 0.040625 0.034375
4 0.51640625 0.3921875 0.009375 0.015625
4 0.59921875 0.47265625 0.0375 0.034375
4 0.63671875 0.52890625 0.028125 0.028125
4 0.609375 0.53515625 0.01875 0.0203125
4 0.33125 0.54921875 0.03125 0.03125
4 0.35625 0.5125 0.0234375 0.025
4 0.31796875 0.459375 0.0265625 0.028125
4 0.15078125 0.5421875 0.040625 0.0375
4 0.221875 0.615625 0.021875 0.021875
4 0.453125 0.5953125 0.028125 0.03125
4 0.628125 0.75390625 0.0265625 0.025
4 0.1734375 0.23984375 0.021875 0.025
4 0.29453125 0.3765625 0.05 0.03125
4 0.11328125 0.490625 0.028125 0.021875
4 0.08359375 0.534375 0.025 0.0234375
4 0.084375 0.49765625 0.015625 0.015625
4 0.1390625 0.6046875 0.01875 0.0203125
4 0.2125 0.409375 0.021875 0.021875
4 0.4546875 0.50078125 0.025 0.028125