4 0.3796875 0.2578125 0.08125 0.04375
4 0.5546875 0.26875 0.040625 0.04375
4 0.6625 0.275 0.028125 0.03125
4 0.66328125 0.4875 0.0375 0.0390625
4 0.52578125 0.34609375 0.04375 0.028125
4 0.446875 0.3734375 0.021875 0.0234375
4 0.44296875 0.27421875 0.04375 0.05625
4 0.42265625 0.29921875 0.0234375 0.021875
4 0.271875 0.2890625 0.0328125 0.059375
4 0.321875 0.26171875 0.025 0.025
4 0.31875 0.46015625 0.03125 0.034375
4 0.24609375 0.5859375 0.025 0.0296875
4 0.1765625 0.51640625 0.0453125 0.034375
4 0.1046875 0.59140625 0.046875 0.04375
4 0.084375 0.5421875 0.03125 0.034375
4 0.2796875 0.44765625 0.03125 0.034375
4 0.15390625 0.4 0.0265625 0.028125
4 0.3484375 0.571875 0.028125 0.0375
4 0.40625 0.57421875 0.025 0.028125
4 0.27109375 0.640625 0.0296875 0.0296875
4 0.50078125 0.5703125 0.0875 0.065625
4 0.49140625 0.6265625 0.0203125 0.021875
4 0.32421875 0.76875 0.025 0.03125
4 0.3984375 0.6234375 0.025 0.0328125
4 0.49375 0.4703125 0.025 0.0296875
4 0.4734375 0.4515625 0.034375 0.034375
4 0.546875 0.40078125 0.03125 0.0328125
4 0.653125 0.6640625 0.021875 0.025
4 0.71484375 0.64609375 0.0234375 0.0265625
4 0.68828125 0.70078125 0.01875 0.025
4 0.89140625 0.5296875 0.0203125 0.021875
4 0.378125 0.40234375 0.0296875 0.03125
4 0.3703125 0.3546875 0.028125 0.046875
4 0.29296875 0.521875 0.03125 0.034375