4 0.728125 0.859375 0.0265625 0.03125
4 0.3421875 0.6625 0.025 0.0234375
4 0.225 0.66484375 0.01875 0.01875
4 0.33203125 0.54609375 0.025 0.0234375
4 0.28828125 0.58984375 0.0234375 0.028125
4 0.39921875 0.62109375 0.015625 0.0203125
4 0.60859375 0.7234375 0.03125 0.028125
4 0.45390625 0.6046875 0.0546875 0.0765625
4 0.43515625 0.6953125 0.01875 0.0203125
4 0.47265625 0.68046875 0.01875 0.0203125
4 0.321875 0.75703125 0.01875 0.0203125
4 0.4359375 0.96015625 0.0265625 0.0296875
4 0.503125 0.88046875 0.0453125 0.0390625
4 0.52265625 0.79453125 0.0203125 0.0203125
4 0.46328125 0.8140625 0.028125 0.028125
4 0.51796875 0.8171875 0.0203125 0.021875
4 0.60703125 0.86171875 0.034375 0.046875
4 0.590625 0.93359375 0.10625 0.05625
4 0.64921875 0.89765625 0.01875 0.01875
4 0.634375 0.7546875 0.0265625 0.0296875
4 0.559375 0.75859375 0.0296875 0.01875
4 0.5078125 0.72578125 0.046875 0.034375
4 0.78984375 0.72109375 0.0171875 0.01875
4 0.80078125 0.63828125 0.0296875 0.0390625
4 0.73125 0.5578125 0.01875 0.0171875
4 0.65078125 0.59140625 0.0234375 0.0234375
4 0.515625 0.57421875 0.0171875 0.0171875
4 0.64609375 0.5078125 0.0328125 0.04375
4 0.71015625 0.46015625 0.0390625 0.0375
4 0.90546875 0.58828125 0.01875 0.01875
4 0.8640625 0.6171875 0.0375 0.021875
4 0.534375 0.57578125 0.021875 0.0234375
4 0.3265625 0.4890625 0.0171875 0.021875
4 0.409375 0.309375 0.0234375 0.025
4 0.390625 0.3359375 0.0328125 0.034375
4 0.59765625 0.46171875 0.0296875 0.025
4 0.559375 0.590625 0.0390625 0.04375
4 0.7296875 0.5875 0.0203125 0.01875