0 0.5875 0.178125 0.01015625 0.0359375
0 0.60625 0.4421875 0.01484375 0.02265625
0 0.55234375 0.3546875 0.0140625 0.02265625
0 0.53359375 0.4734375 0.0125 0.0234375
0 0.48515625 0.58203125 0.0125 0.03359375
0 0.453125 0.63203125 0.02109375 0.0203125
0 0.4109375 0.6453125 0.0125 0.0265625
0 0.59765625 0.70078125 0.0125 0.0171875
0 0.58828125 0.48203125 0.0109375 0.02265625
0 0.56875 0.45703125 0.0125 0.02109375
0 0.5796875 0.375 0.00859375 0.01875
0 0.60625 0.32578125 0.0125 0.02109375
0 0.6546875 0.2859375 0.00859375 0.02890625
0 0.6390625 0.334375 0.0125 0.01640625
0 0.65859375 0.371875 0.0125 0.01640625
0 0.6625 0.465625 0.0171875 0.01640625
0 0.6046875 0.54765625 0.01484375 0.02265625
0 0.6546875 0.5953125 0.0109375 0.0171875
0 0.3921875 0.55546875 0.0171875 0.0296875
0 0.42734375 0.31796875 0.01484375 0.0359375
0 0.4265625 0.21796875 0.01484375 0.03359375
0 0.3609375 0.25078125 0.0140625 0.03125
0 0.33046875 0.32734375 0.0109375 0.025
0 0.32578125 0.41328125 0.0109375 0.02890625
0 0.3140625 0.4625 0.00859375 0.0140625
0 0.35625 0.5953125 0.0171875 0.02265625
0 0.3796875 0.7078125 0.0109375 0.01640625
0 0.40078125 0.5015625 0.0140625 0.03125
0 0.3453125 0.4953125 0.01015625 0.01875
0 0.31953125 0.5515625 0.0109375 0.02265625
0 0.42421875 0.5359375 0.0140625 0.0296875
0 0.42421875 0.36953125 0.0109375 0.02109375
0 0.57890625 0.284375 0.00859375 0.01640625
0 0.5359375 0.28828125 0.0109375 0.0203125
0 0.65546875 0.53046875 0.01640625 0.0328125
0 0.4734375 0.8171875 0.01015625 0.0171875
0 0.49609375 0.8234375 0.01015625 0.0203125