0 0.4125 0.178125 0.01015625 0.0359375
0 0.39375 0.4421875 0.01484375 0.02265625
0 0.44765625 0.3546875 0.0140625 0.02265625
0 0.46640625 0.4734375 0.0125 0.0234375
0 0.51484375 0.58203125 0.0125 0.03359375
0 0.546875 0.63203125 0.02109375 0.0203125
0 0.5890625 0.6453125 0.0125 0.0265625
0 0.40234375 0.70078125 0.0125 0.0171875
0 0.41171875 0.48203125 0.0109375 0.02265625
0 0.43125 0.45703125 0.0109375 0.02109375
0 0.4203125 0.375 0.01015625 0.01875
0 0.39375 0.32578125 0.0125 0.02109375
0 0.3453125 0.2859375 0.00859375 0.02890625
0 0.3609375 0.334375 0.0125 0.01640625
0 0.34140625 0.371875 0.0125 0.01640625
0 0.3375 0.465625 0.0171875 0.01640625
0 0.3953125 0.54765625 0.01484375 0.02265625
0 0.3453125 0.5953125 0.0109375 0.0171875
0 0.6078125 0.55546875 0.0171875 0.0296875
0 0.57265625 0.31796875 0.01484375 0.0359375
0 0.5734375 0.21796875 0.01484375 0.03359375
0 0.6390625 0.25078125 0.0140625 0.03125
0 0.66953125 0.32734375 0.0109375 0.025
0 0.67421875 0.41328125 0.0109375 0.02890625
0 0.6859375 0.4625 0.00859375 0.0140625
0 0.64375 0.5953125 0.0171875 0.02265625
0 0.6203125 0.7078125 0.0109375 0.01640625
0 0.59921875 0.5015625 0.0140625 0.03125
0 0.6546875 0.4953125 0.01015625 0.01875
0 0.68046875 0.5515625 0.0109375 0.02265625
0 0.57578125 0.5359375 0.0140625 0.0296875
0 0.57578125 0.36953125 0.0109375 0.02109375
0 0.42109375 0.284375 0.01015625 0.01640625
0 0.4640625 0.28828125 0.0109375 0.0203125
0 0.34453125 0.53046875 0.01640625 0.0328125
0 0.5265625 0.8171875 0.01015625 0.0171875
0 0.50390625 0.8234375 0.01015625 0.0203125