4 0.5859375 0.2109375 0.03125 0.03125
4 0.5375 0.60859375 0.0234375 0.0234375
4 0.52421875 0.459375 0.025 0.028125
4 0.7328125 0.61328125 0.03125 0.0375
4 0.84140625 0.67578125 0.025 0.0203125
4 0.7765625 0.53125 0.0234375 0.0234375
4 0.796875 0.5734375 0.021875 0.0234375
4 0.709375 0.5390625 0.025 0.025
4 0.7046875 0.50234375 0.025 0.0265625
4 0.696875 0.45546875 0.0453125 0.0328125
4 0.61796875 0.60546875 0.046875 0.025
4 0.5875 0.45859375 0.04375 0.04375
4 0.5546875 0.38203125 0.025 0.021875
4 0.61171875 0.2796875 0.0265625 0.025
4 0.62890625 0.26640625 0.034375 0.025
4 0.615625 0.496875 0.0265625 0.021875
4 0.64609375 0.440625 0.0265625 0.025
4 0.57265625 0.6953125 0.0265625 0.025
4 0.4734375 0.628125 0.025 0.021875
4 0.734375 0.41796875 0.0296875 0.021875
4 0.87109375 0.5453125 0.0265625 0.028125