4 0.60625 0.24921875 0.0234375 0.0265625
4 0.98671875 0.43359375 0.0265625 0.0359375
4 0.9453125 0.48359375 0.0265625 0.028125
4 0.9140625 0.35703125 0.0234375 0.025
4 0.88359375 0.64765625 0.0375 0.03125
4 0.7359375 0.62109375 0.0328125 0.0359375
4 0.74375 0.68046875 0.028125 0.0265625
4 0.80546875 0.734375 0.021875 0.0234375
4 0.74140625 0.73359375 0.025 0.025
4 0.95625 0.73828125 0.021875 0.0265625
4 0.97734375 0.85078125 0.0375 0.03125
4 0.9390625 0.8765625 0.0375 0.0453125
4 0.85 0.8640625 0.0265625 0.0234375
4 0.83203125 0.83984375 0.0265625 0.025
4 0.8765625 0.8421875 0.040625 0.03125
4 0.85859375 0.77890625 0.028125 0.0296875
4 0.70546875 0.83125 0.03125 0.04375
4 0.72421875 0.88984375 0.01875 0.021875
4 0.696875 0.91953125 0.01875 0.021875
4 0.7515625 0.93984375 0.0203125 0.021875
4 0.6328125 0.840625 0.028125 0.03125
4 0.58125 0.79453125 0.034375 0.040625
4 0.54296875 0.72421875 0.028125 0.0375
4 0.59921875 0.6734375 0.034375 0.034375
4 0.628125 0.6078125 0.059375 0.0375
4 0.58359375 0.63515625 0.0375 0.034375
4 0.7328125 0.475 0.0296875 0.03125
4 0.86640625 0.50625 0.0234375 0.0265625
4 0.65859375 0.484375 0.028125 0.028125
4 0.6921875 0.465625 0.021875 0.028125
4 0.59765625 0.5484375 0.034375 0.0375
4 0.584375 0.571875 0.025 0.028125
4 0.521875 0.55703125 0.025 0.028125
4 0.5171875 0.52421875 0.025 0.0234375
4 0.48125 0.44765625 0.028125 0.03125
4 0.515625 0.4359375 0.046875 0.0578125
4 0.4359375 0.36484375 0.028125 0.03125
4 0.4484375 0.46953125 0.025 0.05625
4 0.4109375 0.475 0.0328125 0.034375
4 0.45 0.5625 0.03125 0.034375
4 0.4828125 0.64453125 0.025 0.03125
4 0.503125 0.721875 0.028125 0.03125
4 0.48125 0.76875 0.034375 0.0359375
4 0.51484375 0.8125 0.0375 0.0375
4 0.48671875 0.83671875 0.0234375 0.025
4 0.41796875 0.625 0.028125 0.034375
4 0.38046875 0.47578125 0.0265625 0.040625
4 0.3671875 0.41875 0.0296875 0.040625
4 0.34296875 0.51328125 0.034375 0.0328125
4 0.2875 0.4 0.0296875 0.028125
4 0.628125 0.77265625 0.025 0.0265625