4 0.39375 0.75078125 0.0234375 0.0265625
4 0.01328125 0.56640625 0.0265625 0.0359375
4 0.0546875 0.51640625 0.0265625 0.028125
4 0.0859375 0.64296875 0.0234375 0.025
4 0.11640625 0.35234375 0.0375 0.03125
4 0.2640625 0.37890625 0.0328125 0.0359375
4 0.25625 0.31953125 0.028125 0.0265625
4 0.19453125 0.265625 0.021875 0.0234375
4 0.25859375 0.26640625 0.0265625 0.0265625
4 0.04375 0.26171875 0.021875 0.0265625
4 0.02265625 0.14921875 0.0390625 0.0328125
4 0.0609375 0.1234375 0.0390625 0.0453125
4 0.15 0.1359375 0.0265625 0.0234375
4 0.16796875 0.16015625 0.0265625 0.0265625
4 0.1234375 0.1578125 0.040625 0.03125
4 0.14140625 0.22109375 0.028125 0.0296875
4 0.29453125 0.16875 0.03125 0.0453125
4 0.27578125 0.11015625 0.0203125 0.0234375
4 0.303125 0.08046875 0.0203125 0.0203125
4 0.2484375 0.06015625 0.0203125 0.021875
4 0.3671875 0.159375 0.0296875 0.03125
4 0.41875 0.20546875 0.0359375 0.040625
4 0.45703125 0.27578125 0.028125 0.0375
4 0.40078125 0.3265625 0.0359375 0.0359375
4 0.371875 0.3921875 0.059375 0.0390625
4 0.41640625 0.36484375 0.0375 0.034375
4 0.2671875 0.525 0.0296875 0.03125
4 0.13359375 0.49375 0.0234375 0.0265625
4 0.34140625 0.515625 0.028125 0.028125
4 0.3078125 0.534375 0.021875 0.028125
4 0.40234375 0.4515625 0.0359375 0.0375
4 0.415625 0.428125 0.0265625 0.0296875
4 0.478125 0.44296875 0.0265625 0.028125
4 0.4828125 0.47578125 0.025 0.0234375
4 0.51875 0.55234375 0.028125 0.03125
4 0.484375 0.5640625 0.046875 0.0578125
4 0.5640625 0.63515625 0.028125 0.03125
4 0.5515625 0.53046875 0.0265625 0.0546875
4 0.5890625 0.525 0.0328125 0.0359375
4 0.55 0.4375 0.03125 0.0359375
4 0.5171875 0.35546875 0.025 0.0328125
4 0.496875 0.278125 0.028125 0.03125
4 0.51875 0.23125 0.034375 0.0359375
4 0.48515625 0.1875 0.0390625 0.0375
4 0.51328125 0.16328125 0.0234375 0.025
4 0.58203125 0.375 0.028125 0.034375
4 0.61953125 0.52421875 0.0265625 0.0390625
4 0.6328125 0.58125 0.0296875 0.0390625
4 0.65703125 0.48671875 0.034375 0.0328125
4 0.7125 0.6 0.0296875 0.028125
4 0.371875 0.22734375 0.0265625 0.0265625