4 0.14609375 0.39453125 0.03125 0.034375
4 0.09765625 0.39921875 0.028125 0.028125
4 0.35390625 0.2875 0.0484375 0.0375
4 0.31328125 0.2125 0.03125 0.0265625
4 0.2296875 0.303125 0.04375 0.0375
4 0.3078125 0.521875 0.021875 0.025
4 0.31015625 0.42421875 0.0546875 0.021875
4 0.19375 0.446875 0.028125 0.028125
4 0.5125 0.46328125 0.053125 0.05
4 0.40703125 0.5078125 0.03125 0.0265625
4 0.3671875 0.15 0.0375 0.0296875
4 0.56640625 0.2125 0.028125 0.03125
4 0.69609375 0.2390625 0.0296875 0.03125
4 0.77109375 0.32109375 0.040625 0.0375
4 0.871875 0.4765625 0.040625 0.028125
4 0.7859375 0.5078125 0.0375 0.034375
4 0.86171875 0.5953125 0.0375 0.0328125
4 0.73671875 0.59375 0.059375 0.0625
4 0.690625 0.60546875 0.0625 0.0578125
4 0.53359375 0.6875 0.0328125 0.040625
4 0.47109375 0.71640625 0.040625 0.040625
4 0.646875 0.6921875 0.0546875 0.0875
4 0.6484375 0.53359375 0.08125 0.040625
4 0.75625 0.37890625 0.05625 0.0453125
4 0.6203125 0.46796875 0.03125 0.0265625
4 0.68671875 0.5 0.0375 0.03125
4 0.6828125 0.09140625 0.0484375 0.040625
4 0.4421875 0.11171875 0.053125 0.0484375