4 0.60546875 0.85390625 0.0359375 0.03125
4 0.60078125 0.90234375 0.028125 0.0296875
4 0.7125 0.64609375 0.0390625 0.0484375
4 0.7875 0.68671875 0.0265625 0.03125
4 0.696875 0.7703125 0.0390625 0.04375
4 0.478125 0.6921875 0.025 0.0234375
4 0.57578125 0.68984375 0.0234375 0.0546875
4 0.553125 0.80625 0.028125 0.028125
4 0.53671875 0.4875 0.05 0.053125
4 0.4921875 0.59296875 0.0265625 0.03125
4 0.85 0.6328125 0.0296875 0.0375
4 0.7875 0.43359375 0.03125 0.0296875
4 0.7609375 0.30390625 0.03125 0.0296875
4 0.67890625 0.22890625 0.0390625 0.0421875
4 0.5234375 0.128125 0.0296875 0.0421875
4 0.4921875 0.2140625 0.0359375 0.0375
4 0.4046875 0.13828125 0.0328125 0.0375
4 0.40625 0.26328125 0.0625 0.059375
4 0.39453125 0.309375 0.0578125 0.0625
4 0.3125 0.46640625 0.0421875 0.0328125
4 0.28359375 0.52890625 0.0390625 0.0421875
4 0.3078125 0.353125 0.0890625 0.0546875
4 0.46640625 0.3515625 0.0421875 0.0828125
4 0.62109375 0.24375 0.0453125 0.05625
4 0.53203125 0.3796875 0.0265625 0.03125
4 0.5 0.31328125 0.0328125 0.0390625
4 0.90859375 0.3171875 0.040625 0.0484375
4 0.88828125 0.5578125 0.0484375 0.0546875