4 0.03671875 0.61953125 0.021875 0.021875
4 0.05625 0.64921875 0.0203125 0.0203125
4 0.10078125 0.76796875 0.028125 0.028125
4 0.1671875 0.69296875 0.021875 0.0265625
4 0.12265625 0.6671875 0.0203125 0.01875
4 0.15234375 0.6328125 0.01875 0.0203125
4 0.16875 0.5921875 0.0203125 0.025
4 0.146875 0.60234375 0.0171875 0.0171875
4 0.178125 0.55625 0.01875 0.0203125
4 0.209375 0.58359375 0.0359375 0.0359375
4 0.19765625 0.63359375 0.021875 0.0390625
4 0.1765625 0.6171875 0.025 0.028125
4 0.27890625 0.56640625 0.04375 0.0375
4 0.3375 0.57890625 0.028125 0.0234375
4 0.41640625 0.4296875 0.01875 0.01875
4 0.24453125 0.51171875 0.01875 0.0203125
4 0.2421875 0.53125 0.028125 0.015625
4 0.3015625 0.53515625 0.03125 0.021875
4 0.19453125 0.67109375 0.01875 0.021875
4 0.24140625 0.665625 0.0296875 0.034375
4 0.26328125 0.64453125 0.01875 0.01875
4 0.23359375 0.7078125 0.0203125 0.0203125
4 0.203125 0.73984375 0.0140625 0.0171875
4 0.0359375 0.74296875 0.01875 0.015625
4 0.03359375 0.709375 0.0171875 0.0171875
4 0.00625 0.71015625 0.0125 0.0203125
4 0.03359375 0.65390625 0.0171875 0.0125
4 0.234375 0.81875 0.021875 0.0171875
4 0.11328125 0.81015625 0.015625 0.01875
4 0.153125 0.7921875 0.0203125 0.01875
4 0.2015625 0.78828125 0.015625 0.015625
4 0.1734375 0.790625 0.0140625 0.0171875
4 0.1765625 0.803125 0.0125 0.0125
4 0.16484375 0.84296875 0.0140625 0.015625
4 0.65703125 0.55078125 0.0203125 0.0203125
4 0.609375 0.5171875 0.01875 0.0171875
4 0.7140625 0.61796875 0.0359375 0.028125
4 0.67890625 0.65703125 0.01875 0.015625
4 0.6921875 0.67890625 0.015625 0.01875
4 0.63359375 0.68984375 0.01875 0.01875
4 0.76953125 0.60703125 0.01875 0.01875
4 0.76796875 0.63046875 0.0140625 0.0125
4 0.75234375 0.65625 0.0265625 0.028125
4 0.69609375 0.58203125 0.0234375 0.025
4 0.809375 0.54921875 0.015625 0.0171875
4 0.7796875 0.45078125 0.053125 0.040625
4 0.6875 0.428125 0.0265625 0.0265625
4 0.67734375 0.496875 0.015625 0.021875
4 0.69296875 0.53203125 0.0234375 0.028125
4 0.73203125 0.54296875 0.0125 0.0171875
4 0.9140625 0.5265625 0.021875 0.021875
4 0.9703125 0.50546875 0.0171875 0.01875
4 0.878125 0.521875 0.0171875 0.0171875
4 0.8328125 0.49296875 0.0140625 0.0296875
4 0.8171875 0.475 0.015625 0.0171875
4 0.834375 0.459375 0.015625 0.01875
4 0.80390625 0.42421875 0.021875 0.0171875
4 0.77734375 0.36875 0.0203125 0.0203125
4 0.89453125 0.48984375 0.0265625 0.0234375
4 0.890625 0.4046875 0.0140625 0.015625
4 0.88125 0.5734375 0.0265625 0.0171875
4 0.753125 0.5046875 0.0265625 0.015625
4 0.61328125 0.39609375 0.0265625 0.025
4 0.69375 0.384375 0.028125 0.025
4 0.79453125 0.53203125 0.01875 0.01875
4 0.73359375 0.4578125 0.0203125 0.028125
4 0.7171875 0.33359375 0.0265625 0.021875
4 0.1390625 0.75703125 0.0265625 0.0234375