4 0.03671875 0.38046875 0.021875 0.021875
4 0.05625 0.35078125 0.0203125 0.021875
4 0.10078125 0.23203125 0.028125 0.028125
4 0.1671875 0.30703125 0.021875 0.0265625
4 0.12265625 0.3328125 0.01875 0.01875
4 0.15234375 0.3671875 0.01875 0.01875
4 0.16875 0.4078125 0.0203125 0.025
4 0.146875 0.39765625 0.015625 0.0171875
4 0.178125 0.44375 0.01875 0.01875
4 0.209375 0.41640625 0.0359375 0.0375
4 0.19765625 0.36640625 0.021875 0.0375
4 0.1765625 0.3828125 0.025 0.028125
4 0.27890625 0.43359375 0.04375 0.0375
4 0.3375 0.42109375 0.028125 0.021875
4 0.41640625 0.5703125 0.01875 0.01875
4 0.24453125 0.48828125 0.01875 0.01875
4 0.2421875 0.46875 0.028125 0.015625
4 0.3015625 0.46484375 0.03125 0.021875
4 0.19453125 0.32890625 0.01875 0.021875
4 0.24140625 0.334375 0.0296875 0.034375
4 0.26328125 0.35546875 0.01875 0.01875
4 0.23359375 0.2921875 0.01875 0.0203125
4 0.203125 0.26015625 0.0125 0.0171875
4 0.0359375 0.25703125 0.01875 0.015625
4 0.03359375 0.290625 0.0171875 0.0171875
4 0.00625 0.28984375 0.0125 0.01875
4 0.03359375 0.34609375 0.01875 0.0125
4 0.234375 0.18125 0.021875 0.0171875
4 0.11328125 0.18984375 0.015625 0.01875
4 0.153125 0.2078125 0.01875 0.01875
4 0.2015625 0.21171875 0.015625 0.015625
4 0.1734375 0.209375 0.0140625 0.015625
4 0.1765625 0.196875 0.0125 0.0125
4 0.16484375 0.15703125 0.015625 0.015625
4 0.65703125 0.44921875 0.01875 0.0203125
4 0.609375 0.4828125 0.01875 0.015625
4 0.7140625 0.38203125 0.034375 0.028125
4 0.67890625 0.34296875 0.01875 0.015625
4 0.6921875 0.32109375 0.015625 0.01875
4 0.63359375 0.31015625 0.01875 0.01875
4 0.76953125 0.39296875 0.01875 0.01875
4 0.76796875 0.36953125 0.0140625 0.0125
4 0.75234375 0.34375 0.025 0.028125
4 0.69609375 0.41796875 0.021875 0.025
4 0.809375 0.45078125 0.015625 0.0171875
4 0.7796875 0.54921875 0.053125 0.040625
4 0.6875 0.571875 0.025 0.025
4 0.67734375 0.503125 0.015625 0.021875
4 0.69296875 0.46796875 0.0234375 0.028125
4 0.73203125 0.45703125 0.0125 0.0171875
4 0.9140625 0.4734375 0.021875 0.021875
4 0.9703125 0.49453125 0.0171875 0.01875
4 0.878125 0.478125 0.015625 0.0171875
4 0.8328125 0.50703125 0.0125 0.028125
4 0.8171875 0.525 0.015625 0.0171875
4 0.834375 0.540625 0.015625 0.01875
4 0.80390625 0.57578125 0.021875 0.0171875
4 0.77734375 0.63125 0.01875 0.0203125
4 0.89453125 0.51015625 0.0265625 0.0234375
4 0.890625 0.5953125 0.0125 0.015625
4 0.88125 0.4265625 0.025 0.0171875
4 0.753125 0.4953125 0.0265625 0.015625
4 0.61328125 0.60390625 0.025 0.025
4 0.69375 0.615625 0.028125 0.025
4 0.79453125 0.46796875 0.01875 0.01875
4 0.73359375 0.5421875 0.0203125 0.028125
4 0.7171875 0.66640625 0.025 0.021875
4 0.1390625 0.24296875 0.0265625 0.0234375