4 0.2828125 0.5640625 0.0234375 0.0234375
4 0.21015625 0.70859375 0.0203125 0.0515625
4 0.2515625 0.68203125 0.0265625 0.0234375
4 0.1296875 0.5765625 0.0203125 0.0203125
4 0.1796875 0.60625 0.0328125 0.025
4 0.3109375 0.53515625 0.0296875 0.03125
4 0.25703125 0.49765625 0.0203125 0.0171875
4 0.33046875 0.48671875 0.0671875 0.040625
4 0.36796875 0.52578125 0.0296875 0.028125
4 0.403125 0.51640625 0.025 0.0234375
4 0.45078125 0.5046875 0.021875 0.0203125
4 0.49453125 0.4546875 0.0421875 0.0421875
4 0.44921875 0.39140625 0.0296875 0.028125
4 0.38828125 0.44765625 0.0234375 0.0234375
4 0.33125 0.446875 0.021875 0.021875
4 0.4 0.63203125 0.025 0.0234375
4 0.25625 0.6515625 0.0171875 0.015625
4 0.5140625 0.5671875 0.01875 0.0203125
4 0.5828125 0.503125 0.028125 0.025
4 0.55625 0.51640625 0.0265625 0.0265625
4 0.553125 0.46015625 0.021875 0.028125
4 0.625 0.56015625 0.025 0.028125
4 0.703125 0.521875 0.040625 0.0515625
4 0.67109375 0.484375 0.0234375 0.0265625
4 0.60234375 0.4609375 0.040625 0.0359375
4 0.6015625 0.42734375 0.025 0.0265625
4 0.615625 0.4 0.0453125 0.04375
4 0.67578125 0.4375 0.0203125 0.0203125
4 0.678125 0.4046875 0.0203125 0.021875
4 0.7015625 0.4328125 0.0234375 0.025
4 0.7234375 0.4375 0.0203125 0.0375
4 0.74921875 0.40625 0.0234375 0.0453125
4 0.75625 0.46875 0.053125 0.065625
4 0.503125 0.39765625 0.015625 0.01875
4 0.3703125 0.25859375 0.0265625 0.028125
4 0.4203125 0.2859375 0.0296875 0.028125
4 0.61953125 0.33515625 0.0203125 0.021875
4 0.66015625 0.32890625 0.0671875 0.0453125
4 0.7046875 0.36953125 0.0421875 0.03125
4 0.7078125 0.3359375 0.01875 0.021875
4 0.72421875 0.309375 0.01875 0.0203125
4 0.625 0.28671875 0.01875 0.0234375
4 0.65 0.25546875 0.025 0.0234375
4 0.58515625 0.228125 0.0265625 0.025
4 0.5328125 0.1859375 0.0265625 0.025
4 0.52890625 0.23671875 0.0203125 0.0234375
4 0.5984375 0.1625 0.0234375 0.025
4 0.68125 0.16171875 0.0234375 0.021875
4 0.62734375 0.2203125 0.0265625 0.040625
4 0.703125 0.215625 0.025 0.025
4 0.7328125 0.2515625 0.0390625 0.028125
4 0.65546875 0.20078125 0.0265625 0.025
4 0.29140625 0.16953125 0.0265625 0.028125
4 0.7703125 0.31640625 0.021875 0.021875