4 0.2828125 0.4359375 0.0234375 0.0234375
4 0.21015625 0.29140625 0.0203125 0.053125
4 0.2515625 0.31796875 0.0265625 0.0234375
4 0.1296875 0.4234375 0.0203125 0.0203125
4 0.1796875 0.39375 0.03125 0.025
4 0.3109375 0.46484375 0.028125 0.03125
4 0.25703125 0.50234375 0.0203125 0.0171875
4 0.33046875 0.51328125 0.0671875 0.040625
4 0.36796875 0.47421875 0.028125 0.028125
4 0.403125 0.48359375 0.025 0.025
4 0.45078125 0.4953125 0.021875 0.0203125
4 0.49453125 0.5453125 0.040625 0.040625
4 0.44921875 0.60859375 0.0296875 0.028125
4 0.38828125 0.55234375 0.0234375 0.0234375
4 0.33125 0.553125 0.021875 0.021875
4 0.4 0.36796875 0.025 0.021875
4 0.25625 0.3484375 0.015625 0.015625
4 0.5140625 0.4328125 0.01875 0.021875
4 0.5828125 0.496875 0.028125 0.025
4 0.55625 0.48359375 0.025 0.025
4 0.553125 0.53984375 0.021875 0.028125
4 0.625 0.43984375 0.025 0.028125
4 0.703125 0.478125 0.040625 0.05
4 0.67109375 0.515625 0.025 0.025
4 0.60234375 0.5390625 0.040625 0.0359375
4 0.6015625 0.57265625 0.025 0.0265625
4 0.615625 0.6 0.0453125 0.04375
4 0.67578125 0.5625 0.0203125 0.0203125
4 0.678125 0.5953125 0.01875 0.021875
4 0.7015625 0.5671875 0.021875 0.025
4 0.7234375 0.5625 0.021875 0.0375
4 0.74921875 0.59375 0.025 0.04375
4 0.75625 0.53125 0.053125 0.065625
4 0.503125 0.60234375 0.015625 0.01875
4 0.3703125 0.74140625 0.0265625 0.028125
4 0.4203125 0.7140625 0.0296875 0.028125
4 0.61953125 0.66484375 0.021875 0.021875
4 0.66015625 0.67109375 0.0671875 0.04375
4 0.7046875 0.63046875 0.040625 0.03125
4 0.7078125 0.6640625 0.01875 0.021875
4 0.72421875 0.690625 0.01875 0.01875
4 0.625 0.71328125 0.01875 0.021875
4 0.65 0.74453125 0.025 0.0234375
4 0.58515625 0.771875 0.0265625 0.025
4 0.5328125 0.8140625 0.025 0.025
4 0.52890625 0.76328125 0.0203125 0.021875
4 0.5984375 0.8375 0.021875 0.025
4 0.68125 0.83828125 0.021875 0.021875
4 0.62734375 0.7796875 0.025 0.040625
4 0.703125 0.784375 0.025 0.025
4 0.7328125 0.7484375 0.0375 0.028125
4 0.65546875 0.79921875 0.0265625 0.025
4 0.29140625 0.83046875 0.0265625 0.028125
4 0.7703125 0.68359375 0.021875 0.021875