4 0.78828125 0.53203125 0.021875 0.021875
4 0.67578125 0.39609375 0.021875 0.0234375
4 0.728125 0.1859375 0.04375 0.040625
4 0.853125 0.3 0.0328125 0.046875
4 0.796875 0.3953125 0.015625 0.025
4 0.7265625 0.43828125 0.0890625 0.065625
4 0.6703125 0.43359375 0.015625 0.01875
4 0.71484375 0.48515625 0.046875 0.0390625
4 0.56171875 0.4671875 0.059375 0.0421875
4 0.50390625 0.453125 0.06875 0.0671875
4 0.45625 0.45703125 0.0453125 0.06875
4 0.41484375 0.43359375 0.0375 0.0359375
4 0.4359375 0.4046875 0.021875 0.0203125
4 0.68515625 0.31640625 0.025 0.025
4 0.40546875 0.2890625 0.0234375 0.0203125
4 0.58984375 0.425 0.0375 0.028125
4 0.821875 0.13203125 0.0453125 0.040625
4 0.81171875 0.2390625 0.025 0.0265625
4 0.4015625 0.20234375 0.03125 0.046875
4 0.0140625 0.740625 0.028125 0.053125
4 0.40234375 0.91171875 0.0296875 0.0390625
4 0.2609375 0.7640625 0.04375 0.025
4 0.21953125 0.76484375 0.01875 0.03125
4 0.10078125 0.69921875 0.0453125 0.04375
4 0.07265625 0.93046875 0.0265625 0.025
4 0.0140625 0.91796875 0.025 0.025
4 0.83984375 0.73671875 0.0296875 0.0234375
4 0.84609375 0.809375 0.025 0.025