4 0.21171875 0.46796875 0.021875 0.021875
4 0.32421875 0.60390625 0.021875 0.0234375
4 0.271875 0.8140625 0.04375 0.040625
4 0.146875 0.7 0.0328125 0.046875
4 0.203125 0.6046875 0.015625 0.025
4 0.2734375 0.56171875 0.0890625 0.065625
4 0.3296875 0.56640625 0.015625 0.01875
4 0.28515625 0.51484375 0.046875 0.0390625
4 0.43828125 0.5328125 0.059375 0.0421875
4 0.49609375 0.546875 0.06875 0.0671875
4 0.54375 0.54296875 0.0453125 0.06875
4 0.58515625 0.56640625 0.0375 0.0359375
4 0.5640625 0.5953125 0.021875 0.0203125
4 0.31484375 0.68359375 0.025 0.025
4 0.59453125 0.7109375 0.0234375 0.0203125
4 0.41015625 0.575 0.0375 0.028125
4 0.178125 0.86796875 0.0453125 0.040625
4 0.18828125 0.7609375 0.025 0.0265625
4 0.5984375 0.79765625 0.03125 0.046875
4 0.9859375 0.259375 0.028125 0.053125
4 0.59765625 0.08828125 0.028125 0.0390625
4 0.7390625 0.2359375 0.04375 0.025
4 0.78046875 0.23515625 0.01875 0.03125
4 0.89921875 0.30078125 0.0453125 0.04375
4 0.92734375 0.06953125 0.0265625 0.025
4 0.9859375 0.08203125 0.025 0.025
4 0.16015625 0.26328125 0.0296875 0.0234375
4 0.15390625 0.190625 0.025 0.025