4 0.6375 0.30703125 0.05 0.040625
4 0.61875 0.1578125 0.034375 0.0328125
4 0.4765625 0.23203125 0.05 0.0375
4 0.60078125 0.3515625 0.034375 0.028125
4 0.36640625 0.23046875 0.0375 0.0359375
4 0.2984375 0.3671875 0.028125 0.028125
4 0.3265625 0.31796875 0.053125 0.040625
4 0.24609375 0.3359375 0.0296875 0.028125
4 0.221875 0.56328125 0.04375 0.046875
4 0.19609375 0.528125 0.03125 0.03125
4 0.265625 0.53203125 0.034375 0.0375
4 0.33125 0.42734375 0.034375 0.0296875
4 0.42421875 0.38359375 0.05 0.0546875
4 0.48984375 0.490625 0.0515625 0.06875
4 0.4 0.5390625 0.0390625 0.03125
4 0.315625 0.55546875 0.040625 0.0375
4 0.24609375 0.6390625 0.053125 0.040625
4 0.19921875 0.68046875 0.034375 0.028125
4 0.12109375 0.55625 0.04375 0.0328125
4 0.16953125 0.5875 0.059375 0.034375
4 0.0890625 0.66875 0.0375 0.0328125
4 0.15 0.771875 0.04375 0.0265625
4 0.215625 0.76640625 0.0609375 0.05
4 0.31953125 0.60234375 0.0375 0.0296875
4 0.3921875 0.653125 0.0625 0.0390625
4 0.44921875 0.61328125 0.0375 0.03125
4 0.52109375 0.575 0.090625 0.0703125
4 0.57109375 0.43046875 0.03125 0.0359375
4 0.5671875 0.465625 0.028125 0.03125
4 0.5765625 0.50625 0.046875 0.0328125
4 0.63203125 0.3703125 0.04375 0.046875
4 0.68984375 0.49375 0.034375 0.03125
4 0.61015625 0.56640625 0.04375 0.0625
4 0.78203125 0.67109375 0.065625 0.0515625
4 0.63828125 0.609375 0.034375 0.03125
4 0.58359375 0.6578125 0.0296875 0.021875
4 0.47890625 0.64765625 0.025 0.021875
4 0.45 0.67265625 0.0375 0.028125
4 0.45546875 0.7203125 0.0703125 0.046875
4 0.4203125 0.75 0.028125 0.025
4 0.425 0.7984375 0.034375 0.028125
4 0.67734375 0.95 0.0890625 0.1
4 0.578125 0.86796875 0.0359375 0.071875
4 0.471875 0.84375 0.0375 0.025
4 0.39453125 0.94609375 0.04375 0.0375
4 0.33671875 0.80546875 0.08125 0.040625
4 0.30859375 0.8671875 0.03125 0.028125
4 0.25703125 0.85 0.03125 0.0328125
4 0.18671875 0.88828125 0.0484375 0.046875
4 0.159375 0.9765625 0.053125 0.046875
4 0.09609375 0.79375 0.04375 0.034375
4 0.21015625 0.40625 0.0265625 0.0328125
4 0.06015625 0.53359375 0.0296875 0.025
4 0.1015625 0.47578125 0.034375 0.034375
4 0.265625 0.68671875 0.034375 0.025
4 0.7453125 0.93984375 0.04375 0.0421875