4 0.6375 0.69296875 0.05 0.040625
4 0.61875 0.8421875 0.034375 0.0328125
4 0.4765625 0.76796875 0.05 0.0375
4 0.60078125 0.6484375 0.034375 0.028125
4 0.36640625 0.76953125 0.0375 0.0359375
4 0.2984375 0.6328125 0.028125 0.028125
4 0.3265625 0.68203125 0.053125 0.040625
4 0.24609375 0.6640625 0.0296875 0.028125
4 0.221875 0.43671875 0.04375 0.046875
4 0.19609375 0.471875 0.03125 0.03125
4 0.265625 0.46796875 0.034375 0.0375
4 0.33125 0.57265625 0.034375 0.0296875
4 0.42421875 0.61640625 0.05 0.0546875
4 0.48984375 0.509375 0.0515625 0.06875
4 0.4 0.4609375 0.0390625 0.03125
4 0.315625 0.44453125 0.040625 0.0375
4 0.24609375 0.3609375 0.053125 0.040625
4 0.19921875 0.31953125 0.034375 0.028125
4 0.12109375 0.44375 0.04375 0.0328125
4 0.16953125 0.4125 0.059375 0.034375
4 0.0890625 0.33125 0.0375 0.0328125
4 0.15 0.228125 0.04375 0.0265625
4 0.215625 0.23359375 0.0609375 0.05
4 0.31953125 0.39765625 0.0375 0.0296875
4 0.3921875 0.346875 0.0625 0.0390625
4 0.44921875 0.38671875 0.0375 0.03125
4 0.52109375 0.425 0.090625 0.0703125
4 0.57109375 0.56953125 0.03125 0.0359375
4 0.5671875 0.534375 0.028125 0.03125
4 0.5765625 0.49375 0.046875 0.0328125
4 0.63203125 0.6296875 0.04375 0.046875
4 0.68984375 0.50625 0.034375 0.03125
4 0.61015625 0.43359375 0.04375 0.0625
4 0.78203125 0.32890625 0.065625 0.0515625
4 0.63828125 0.390625 0.034375 0.03125
4 0.58359375 0.3421875 0.0296875 0.021875
4 0.47890625 0.35234375 0.025 0.021875
4 0.45 0.32734375 0.0375 0.028125
4 0.45546875 0.2796875 0.0703125 0.046875
4 0.4203125 0.25 0.028125 0.025
4 0.425 0.2015625 0.034375 0.028125
4 0.67734375 0.05 0.0890625 0.1
4 0.578125 0.13203125 0.0359375 0.071875
4 0.471875 0.15625 0.0375 0.025
4 0.39453125 0.05390625 0.04375 0.0375
4 0.33671875 0.19453125 0.08125 0.040625
4 0.30859375 0.1328125 0.03125 0.028125
4 0.25703125 0.15 0.03125 0.0328125
4 0.18671875 0.11171875 0.0484375 0.046875
4 0.159375 0.0234375 0.053125 0.046875
4 0.09609375 0.20625 0.04375 0.034375
4 0.21015625 0.59375 0.0265625 0.0328125
4 0.06015625 0.46640625 0.0296875 0.025
4 0.1015625 0.52421875 0.034375 0.034375
4 0.265625 0.31328125 0.034375 0.025
4 0.7453125 0.06015625 0.04375 0.0421875