4 0.3640625 0.06796875 0.065625 0.05
4 0.54921875 0.16875 0.046875 0.0390625
4 0.55859375 0.08828125 0.04375 0.0421875
4 0.5171875 0.10703125 0.046875 0.0328125
4 0.428125 0.20078125 0.05625 0.05625
4 0.3515625 0.284375 0.05 0.046875
4 0.3046875 0.1953125 0.0421875 0.0375
4 0.23203125 0.15234375 0.0359375 0.034375
4 0.29921875 0.084375 0.028125 0.0265625
4 0.14375 0.22890625 0.040625 0.0390625
4 0.17109375 0.3109375 0.0421875 0.04375
4 0.29765625 0.3203125 0.034375 0.034375
4 0.1109375 0.57890625 0.028125 0.021875
4 0.6859375 0.79375 0.046875 0.0453125
4 0.37265625 0.90625 0.05 0.0359375
4 0.309375 0.90859375 0.053125 0.04375
4 0.20390625 0.87890625 0.025 0.0296875
4 0.20546875 0.98984375 0.028125 0.0203125
4 0.22421875 0.403125 0.034375 0.0296875