4 0.06796875 0.6359375 0.05 0.065625
4 0.16875 0.45078125 0.0390625 0.046875
4 0.08828125 0.44140625 0.0421875 0.0453125
4 0.10703125 0.4828125 0.0328125 0.046875
4 0.20078125 0.571875 0.05625 0.05625
4 0.284375 0.6484375 0.046875 0.05
4 0.1953125 0.6953125 0.0390625 0.0421875
4 0.15234375 0.76796875 0.034375 0.0359375
4 0.084375 0.70078125 0.0265625 0.028125
4 0.22890625 0.85625 0.0390625 0.040625
4 0.3109375 0.82890625 0.04375 0.0421875
4 0.3203125 0.70234375 0.0359375 0.0359375
4 0.57890625 0.8890625 0.0234375 0.028125
4 0.79375 0.3140625 0.0453125 0.046875
4 0.90625 0.62734375 0.0359375 0.05
4 0.90859375 0.690625 0.04375 0.053125
4 0.87890625 0.79609375 0.0296875 0.0265625
4 0.98984375 0.79453125 0.0203125 0.028125
4 0.403125 0.77578125 0.0296875 0.0359375