4 0.465625 0.1578125 0.0265625 0.025
4 0.390625 0.0765625 0.021875 0.021875
4 0.2953125 0.14921875 0.0234375 0.021875
4 0.228125 0.1265625 0.0234375 0.028125
4 0.23984375 0.2265625 0.0234375 0.025
4 0.12890625 0.17421875 0.0265625 0.0328125
4 0.18203125 0.2984375 0.028125 0.034375
4 0.22890625 0.2921875 0.0234375 0.0234375
4 0.33828125 0.234375 0.0234375 0.028125
4 0.384375 0.334375 0.0234375 0.0296875
4 0.49296875 0.28515625 0.025 0.0375
4 0.4109375 0.3171875 0.021875 0.028125
4 0.39921875 0.27890625 0.0453125 0.0375
4 0.38984375 0.2515625 0.0203125 0.021875
4 0.371875 0.27421875 0.021875 0.028125
4 0.46015625 0.1859375 0.0453125 0.0359375
4 0.42421875 0.13203125 0.028125 0.0265625
4 0.53515625 0.0890625 0.0203125 0.021875
4 0.5734375 0.08671875 0.0234375 0.0203125
4 0.66015625 0.13671875 0.0234375 0.0265625
4 0.74453125 0.15234375 0.0328125 0.0609375
4 0.5859375 0.2546875 0.0171875 0.021875
4 0.54921875 0.23671875 0.028125 0.0296875
4 0.39609375 0.403125 0.04375 0.0609375
4 0.37890625 0.44375 0.0359375 0.0390625
4 0.4203125 0.471875 0.0234375 0.021875
4 0.45625 0.4609375 0.0265625 0.028125
4 0.17109375 0.4234375 0.0203125 0.021875
4 0.1078125 0.428125 0.01875 0.025
4 0.09375 0.3953125 0.0171875 0.0234375
4 0.04609375 0.41015625 0.01875 0.01875
4 0.32734375 0.43359375 0.01875 0.021875
4 0.2890625 0.359375 0.021875 0.025
4 0.45625 0.5203125 0.040625 0.053125
4 0.5 0.534375 0.0328125 0.0421875
4 0.553125 0.45 0.0234375 0.0484375
4 0.5171875 0.37421875 0.0296875 0.03125
4 0.46640625 0.37890625 0.0265625 0.0328125
4 0.39296875 0.35546875 0.01875 0.0203125
4 0.59765625 0.4703125 0.0390625 0.028125
4 0.55 0.38828125 0.0234375 0.021875
4 0.625 0.4046875 0.01875 0.0234375
4 0.6453125 0.3625 0.028125 0.0328125
4 0.78828125 0.04609375 0.0265625 0.0234375
4 0.76875 0.31796875 0.0234375 0.0328125
4 0.68359375 0.2484375 0.015625 0.025
4 0.65546875 0.44921875 0.0203125 0.028125
4 0.690625 0.44296875 0.0265625 0.021875
4 0.63515625 0.53125 0.025 0.028125
4 0.72265625 0.425 0.0296875 0.0421875
4 0.76015625 0.39453125 0.0203125 0.01875
4 0.78515625 0.37734375 0.015625 0.01875
4 0.83359375 0.3234375 0.01875 0.0171875
4 0.80390625 0.35625 0.015625 0.0265625
4 0.85625 0.26328125 0.0390625 0.034375
4 0.83671875 0.290625 0.01875 0.01875
4 0.815625 0.24921875 0.0234375 0.0234375
4 0.78125 0.20390625 0.015625 0.01875
4 0.7765625 0.1765625 0.028125 0.0296875
4 0.796875 0.15625 0.01875 0.0234375
4 0.90703125 0.21015625 0.01875 0.0328125
4 0.8625 0.18671875 0.0234375 0.03125
4 0.871875 0.221875 0.0265625 0.03125
4 0.89296875 0.29609375 0.021875 0.0625
4 0.92109375 0.24921875 0.0359375 0.0234375
4 0.85703125 0.3578125 0.05625 0.046875
4 0.8640625 0.325 0.0421875 0.0359375
4 0.89453125 0.37109375 0.0234375 0.0515625
4 0.81640625 0.4109375 0.071875 0.0234375
4 0.85078125 0.40703125 0.04375 0.03125
4 0.88359375 0.4265625 0.025 0.0203125
4 0.925 0.334375 0.0390625 0.0578125
4 0.921875 0.29765625 0.0296875 0.0234375
4 0.9234375 0.18203125 0.0296875 0.05625
4 0.86015625 0.12109375 0.0234375 0.0421875
4 0.1296875 0.56171875 0.0421875 0.0375