4 0.1578125 0.534375 0.025 0.025
4 0.0765625 0.609375 0.021875 0.021875
4 0.14921875 0.7046875 0.021875 0.025
4 0.1265625 0.771875 0.028125 0.0234375
4 0.2265625 0.76015625 0.025 0.0234375
4 0.17421875 0.87109375 0.0328125 0.025
4 0.2984375 0.81796875 0.034375 0.028125
4 0.2921875 0.77109375 0.021875 0.0234375
4 0.234375 0.66171875 0.028125 0.025
4 0.334375 0.615625 0.0296875 0.0234375
4 0.28515625 0.50703125 0.0375 0.025
4 0.3171875 0.5890625 0.028125 0.021875
4 0.27890625 0.60078125 0.0375 0.04375
4 0.2515625 0.61015625 0.021875 0.01875
4 0.27421875 0.628125 0.028125 0.021875
4 0.1859375 0.53984375 0.034375 0.0453125
4 0.13203125 0.57578125 0.0265625 0.028125
4 0.0890625 0.46484375 0.021875 0.0203125
4 0.08671875 0.4265625 0.0203125 0.021875
4 0.13671875 0.33984375 0.0265625 0.021875
4 0.15234375 0.25546875 0.059375 0.0328125
4 0.2546875 0.4140625 0.021875 0.015625
4 0.23671875 0.45078125 0.0296875 0.028125
4 0.403125 0.60390625 0.059375 0.04375
4 0.44375 0.62109375 0.0390625 0.0359375
4 0.471875 0.5796875 0.021875 0.021875
4 0.4609375 0.54375 0.028125 0.0265625
4 0.4234375 0.82890625 0.021875 0.0203125
4 0.428125 0.8921875 0.025 0.01875
4 0.3953125 0.90625 0.025 0.0171875
4 0.41015625 0.95390625 0.01875 0.01875
4 0.43359375 0.67265625 0.021875 0.01875
4 0.359375 0.7109375 0.025 0.021875
4 0.5203125 0.54375 0.053125 0.040625
4 0.534375 0.5 0.040625 0.03125
4 0.45 0.446875 0.046875 0.0234375
4 0.37421875 0.4828125 0.03125 0.0296875
4 0.37890625 0.53359375 0.03125 0.0265625
4 0.35546875 0.60703125 0.01875 0.01875
4 0.4703125 0.40234375 0.028125 0.0390625
4 0.38828125 0.45 0.021875 0.021875
4 0.4046875 0.375 0.021875 0.01875
4 0.3625 0.3546875 0.0328125 0.028125
4 0.04609375 0.21171875 0.025 0.025
4 0.31796875 0.23125 0.034375 0.021875
4 0.2484375 0.31640625 0.025 0.015625
4 0.44921875 0.34453125 0.028125 0.01875
4 0.44296875 0.309375 0.021875 0.025
4 0.53125 0.36484375 0.028125 0.025
4 0.425 0.27734375 0.0421875 0.028125
4 0.39453125 0.23984375 0.01875 0.0203125
4 0.37734375 0.21484375 0.01875 0.015625
4 0.3234375 0.16640625 0.0171875 0.01875
4 0.35625 0.19609375 0.0265625 0.015625
4 0.26328125 0.14375 0.034375 0.0375
4 0.290625 0.16328125 0.01875 0.01875
4 0.24921875 0.184375 0.0234375 0.021875
4 0.20390625 0.21875 0.01875 0.015625
4 0.1765625 0.2234375 0.0296875 0.028125
4 0.15625 0.203125 0.0234375 0.01875
4 0.21015625 0.09296875 0.0328125 0.01875
4 0.18671875 0.1375 0.03125 0.021875
4 0.221875 0.128125 0.03125 0.0265625
4 0.29609375 0.10703125 0.0625 0.021875
4 0.24921875 0.07890625 0.021875 0.034375
4 0.3578125 0.14296875 0.046875 0.05625
4 0.325 0.1359375 0.0359375 0.040625
4 0.37109375 0.10546875 0.0515625 0.0234375
4 0.4109375 0.18359375 0.0234375 0.071875
4 0.40703125 0.14921875 0.03125 0.04375
4 0.4265625 0.11640625 0.01875 0.025
4 0.334375 0.075 0.0578125 0.0375
4 0.29765625 0.078125 0.021875 0.028125
4 0.18203125 0.0765625 0.05625 0.0296875
4 0.12109375 0.13984375 0.0421875 0.021875
4 0.56171875 0.8703125 0.0375 0.040625