4 0.465625 0.8421875 0.025 0.025
4 0.390625 0.9234375 0.021875 0.021875
4 0.2953125 0.85078125 0.025 0.021875
4 0.228125 0.8734375 0.0234375 0.028125
4 0.23984375 0.7734375 0.0234375 0.025
4 0.12890625 0.82578125 0.025 0.0328125
4 0.18203125 0.7015625 0.028125 0.034375
4 0.22890625 0.7078125 0.0234375 0.021875
4 0.33828125 0.765625 0.025 0.028125
4 0.384375 0.665625 0.0234375 0.0296875
4 0.49296875 0.71484375 0.025 0.0375
4 0.4109375 0.6828125 0.021875 0.028125
4 0.39921875 0.72109375 0.04375 0.0375
4 0.38984375 0.7484375 0.01875 0.021875
4 0.371875 0.72578125 0.021875 0.028125
4 0.46015625 0.8140625 0.0453125 0.034375
4 0.42421875 0.86796875 0.028125 0.0265625
4 0.53515625 0.9109375 0.0203125 0.021875
4 0.5734375 0.91328125 0.021875 0.0203125
4 0.66015625 0.86328125 0.0234375 0.0265625
4 0.74453125 0.84765625 0.0328125 0.059375
4 0.5859375 0.7453125 0.015625 0.021875
4 0.54921875 0.76328125 0.028125 0.0296875
4 0.39609375 0.596875 0.04375 0.059375
4 0.37890625 0.55625 0.0359375 0.0390625
4 0.4203125 0.528125 0.021875 0.021875
4 0.45625 0.5390625 0.0265625 0.028125
4 0.17109375 0.5765625 0.0203125 0.021875
4 0.1078125 0.571875 0.0171875 0.025
4 0.09375 0.6046875 0.0171875 0.025
4 0.04609375 0.58984375 0.01875 0.01875
4 0.32734375 0.56640625 0.01875 0.021875
4 0.2890625 0.640625 0.021875 0.025
4 0.45625 0.4796875 0.040625 0.053125
4 0.5 0.465625 0.03125 0.040625
4 0.553125 0.55 0.0234375 0.046875
4 0.5171875 0.62578125 0.0296875 0.03125
4 0.46640625 0.62109375 0.0265625 0.03125
4 0.39296875 0.64453125 0.01875 0.01875
4 0.59765625 0.5296875 0.0390625 0.028125
4 0.55 0.61171875 0.021875 0.021875
4 0.625 0.5953125 0.01875 0.021875
4 0.6453125 0.6375 0.028125 0.0328125
4 0.78828125 0.95390625 0.025 0.025
4 0.76875 0.68203125 0.021875 0.034375
4 0.68359375 0.7515625 0.015625 0.025
4 0.65546875 0.55078125 0.01875 0.028125
4 0.690625 0.55703125 0.025 0.021875
4 0.63515625 0.46875 0.025 0.028125
4 0.72265625 0.575 0.028125 0.0421875
4 0.76015625 0.60546875 0.0203125 0.01875
4 0.78515625 0.62265625 0.015625 0.01875
4 0.83359375 0.6765625 0.01875 0.0171875
4 0.80390625 0.64375 0.015625 0.0265625
4 0.85625 0.73671875 0.0375 0.034375
4 0.83671875 0.709375 0.01875 0.01875
4 0.815625 0.75078125 0.021875 0.0234375
4 0.78125 0.79609375 0.015625 0.01875
4 0.7765625 0.8234375 0.028125 0.0296875
4 0.796875 0.84375 0.01875 0.0234375
4 0.90703125 0.78984375 0.01875 0.0328125
4 0.8625 0.81328125 0.021875 0.03125
4 0.871875 0.778125 0.0265625 0.03125
4 0.89296875 0.70390625 0.021875 0.0625
4 0.92109375 0.75078125 0.034375 0.021875
4 0.85703125 0.6421875 0.05625 0.0484375
4 0.8640625 0.675 0.040625 0.0359375
4 0.89453125 0.62890625 0.0234375 0.0515625
4 0.81640625 0.5890625 0.071875 0.0234375
4 0.85078125 0.59296875 0.04375 0.0328125
4 0.88359375 0.5734375 0.025 0.01875
4 0.925 0.665625 0.0375 0.0578125
4 0.921875 0.70234375 0.028125 0.021875
4 0.9234375 0.81796875 0.0296875 0.05625
4 0.86015625 0.87890625 0.021875 0.0421875
4 0.1296875 0.43828125 0.040625 0.0375