4 0.4359375 0.75390625 0.025 0.021875
4 0.4765625 0.7921875 0.04375 0.025
4 0.47265625 0.75390625 0.0234375 0.025
4 0.509375 0.75390625 0.0328125 0.028125
4 0.5875 0.6859375 0.025 0.025
4 0.62109375 0.7296875 0.01875 0.0203125
4 0.59140625 0.8 0.03125 0.021875
4 0.65703125 0.78515625 0.01875 0.0171875
4 0.7171875 0.7015625 0.021875 0.0203125
4 0.69375 0.6625 0.0203125 0.0203125
4 0.61953125 0.66015625 0.028125 0.0234375
4 0.65703125 0.6109375 0.0234375 0.01875
4 0.725 0.4921875 0.021875 0.0203125
4 0.6109375 0.59453125 0.0203125 0.0234375
4 0.5921875 0.634375 0.021875 0.025
4 0.43046875 0.66953125 0.0296875 0.040625
4 0.34140625 0.3671875 0.0328125 0.0390625
4 0.5140625 0.2921875 0.021875 0.021875
4 0.540625 0.2765625 0.025 0.025
4 0.58046875 0.27421875 0.025 0.03125
4 0.659375 0.2796875 0.0234375 0.021875
4 0.6625 0.17890625 0.0296875 0.028125