4 0.24609375 0.4359375 0.0234375 0.025
4 0.2078125 0.4765625 0.025 0.04375
4 0.24609375 0.47265625 0.025 0.0234375
4 0.24609375 0.509375 0.0296875 0.0328125
4 0.3140625 0.5875 0.025 0.025
4 0.2703125 0.62109375 0.0203125 0.0203125
4 0.2 0.59140625 0.021875 0.03125
4 0.21484375 0.65703125 0.0171875 0.0203125
4 0.2984375 0.7171875 0.0203125 0.0234375
4 0.3375 0.69375 0.0203125 0.0203125
4 0.33984375 0.61953125 0.0234375 0.028125
4 0.3890625 0.65703125 0.01875 0.0234375
4 0.5078125 0.725 0.0203125 0.021875
4 0.40546875 0.6109375 0.0234375 0.0203125
4 0.365625 0.5921875 0.0234375 0.0234375
4 0.33046875 0.43046875 0.0390625 0.0296875
4 0.6328125 0.34140625 0.0390625 0.0328125
4 0.7078125 0.5140625 0.021875 0.021875
4 0.7234375 0.540625 0.025 0.025
4 0.72578125 0.58046875 0.03125 0.0265625
4 0.7203125 0.659375 0.0234375 0.0234375
4 0.82109375 0.6625 0.0296875 0.0296875