4 0.24296875 0.66171875 0.025 0.028125
4 0.2046875 0.728125 0.028125 0.025
4 0.42734375 0.69765625 0.03125 0.03125
4 0.25625 0.4421875 0.046875 0.0375
4 0.2578125 0.58046875 0.040625 0.034375
4 0.24609375 0.52734375 0.021875 0.0234375
4 0.396875 0.5921875 0.0265625 0.0234375
4 0.44609375 0.50546875 0.03125 0.034375
4 0.490625 0.46875 0.021875 0.0265625
4 0.49296875 0.41796875 0.0234375 0.0234375
4 0.45859375 0.41953125 0.025 0.0265625
4 0.36953125 0.40390625 0.01875 0.025
4 0.17421875 0.3 0.0375 0.034375
4 0.2796875 0.2796875 0.03125 0.0453125
4 0.36015625 0.29609375 0.0203125 0.0171875
4 0.0859375 0.4421875 0.03125 0.028125