4 0.24296875 0.33828125 0.025 0.0296875
4 0.2046875 0.271875 0.028125 0.025
4 0.42734375 0.30234375 0.03125 0.03125
4 0.25625 0.5578125 0.046875 0.0375
4 0.2578125 0.41953125 0.040625 0.0359375
4 0.24609375 0.47265625 0.021875 0.0234375
4 0.396875 0.4078125 0.0265625 0.0234375
4 0.44609375 0.49453125 0.03125 0.034375
4 0.490625 0.53125 0.021875 0.0265625
4 0.49296875 0.58203125 0.0234375 0.0234375
4 0.45859375 0.58046875 0.025 0.0265625
4 0.36953125 0.59609375 0.0203125 0.025
4 0.17421875 0.7 0.0375 0.034375
4 0.2796875 0.7203125 0.03125 0.0453125
4 0.36015625 0.70390625 0.0203125 0.0171875
4 0.0859375 0.5578125 0.03125 0.028125