4 0.42890625 0.24296875 0.103125 0.06875
4 0.51171875 0.3390625 0.096875 0.13125
4 0.6671875 0.3421875 0.078125 0.1
4 0.74609375 0.35703125 0.034375 0.03125
4 0.8125 0.3359375 0.04375 0.0390625
4 0.81640625 0.2421875 0.0640625 0.05
4 0.70703125 0.21796875 0.0359375 0.0421875
4 0.63359375 0.253125 0.0265625 0.025
4 0.70390625 0.0765625 0.0421875 0.040625
4 0.75390625 0.02265625 0.0359375 0.0296875
4 0.87890625 0.21484375 0.0359375 0.0359375
4 0.92578125 0.253125 0.0515625 0.046875
4 0.94296875 0.3203125 0.0453125 0.040625
4 0.98359375 0.34765625 0.0328125 0.0359375
4 0.51796875 0.01484375 0.028125 0.0296875
4 0.46875 0.0921875 0.0375 0.034375
4 0.5390625 0.06640625 0.0390625 0.0359375
4 0.5734375 0.42421875 0.03125 0.046875
4 0.59453125 0.353125 0.0359375 0.0359375
4 0.60625 0.425 0.028125 0.034375
4 0.6875 0.465625 0.0375 0.03125
4 0.42890625 0.4515625 0.0828125 0.040625
4 0.3984375 0.5140625 0.0625 0.059375
4 0.3546875 0.40703125 0.109375 0.0609375
4 0.4203125 0.37109375 0.05 0.0703125
4 0.3703125 0.3046875 0.0703125 0.08125
4 0.40859375 0.121875 0.05 0.0921875
4 0.36484375 0.0953125 0.0390625 0.034375
4 0.278125 0.3078125 0.0875 0.1125
4 0.29921875 0.12734375 0.0671875 0.0640625
4 0.303125 0.1875 0.0359375 0.040625
4 0.35 0.48203125 0.0453125 0.08125
4 0.5078125 0.19609375 0.025 0.0328125