4 0.24296875 0.57109375 0.06875 0.103125
4 0.3390625 0.48828125 0.13125 0.096875
4 0.3421875 0.3328125 0.1 0.078125
4 0.35703125 0.25390625 0.03125 0.034375
4 0.3359375 0.1875 0.0375 0.04375
4 0.2421875 0.18359375 0.05 0.0640625
4 0.21796875 0.29296875 0.0421875 0.0359375
4 0.253125 0.36640625 0.025 0.0265625
4 0.0765625 0.29609375 0.040625 0.0421875
4 0.02265625 0.24609375 0.0296875 0.0359375
4 0.21484375 0.12109375 0.034375 0.0359375
4 0.253125 0.07421875 0.046875 0.05
4 0.3203125 0.05703125 0.040625 0.04375
4 0.34765625 0.01640625 0.0359375 0.0328125
4 0.01484375 0.48203125 0.028125 0.028125
4 0.0921875 0.53125 0.034375 0.0375
4 0.06640625 0.4609375 0.0359375 0.0375
4 0.42421875 0.4265625 0.046875 0.03125
4 0.353125 0.40546875 0.034375 0.0359375
4 0.425 0.39375 0.034375 0.028125
4 0.465625 0.3125 0.03125 0.0375
4 0.4515625 0.57109375 0.040625 0.08125
4 0.5140625 0.6015625 0.059375 0.0625
4 0.40703125 0.6453125 0.0609375 0.109375
4 0.37109375 0.5796875 0.06875 0.05
4 0.3046875 0.6296875 0.08125 0.06875
4 0.121875 0.59140625 0.090625 0.05
4 0.0953125 0.63515625 0.034375 0.0390625
4 0.3078125 0.721875 0.1125 0.0875
4 0.12734375 0.70078125 0.0640625 0.0671875
4 0.1875 0.696875 0.040625 0.034375
4 0.48203125 0.65 0.08125 0.04375
4 0.19609375 0.4921875 0.034375 0.025