4 0.7421875 0.11484375 0.0625 0.078125
4 0.78359375 0.67109375 0.034375 0.0390625
4 0.6578125 0.48515625 0.06875 0.053125
4 0.65 0.2953125 0.05625 0.04375
4 0.67890625 0.19296875 0.0515625 0.046875
4 0.52578125 0.15703125 0.040625 0.0421875
4 0.48203125 0.28984375 0.0390625 0.0453125
4 0.67734375 0.37421875 0.0296875 0.0359375
4 0.5484375 0.50546875 0.0375 0.034375
4 0.5125 0.53671875 0.065625 0.0671875
4 0.5984375 0.5734375 0.03125 0.04375
4 0.665625 0.55390625 0.040625 0.0375
4 0.85546875 0.25625 0.046875 0.05
4 0.42734375 0.40390625 0.0546875 0.0453125
4 0.4875 0.41484375 0.065625 0.078125
4 0.38671875 0.440625 0.0390625 0.04375
4 0.71484375 0.2296875 0.0296875 0.040625