4 0.39609375 0.41953125 0.046875 0.0296875
4 0.56328125 0.4 0.034375 0.0359375
4 0.47734375 0.40546875 0.0171875 0.0296875
4 0.45390625 0.4375 0.0203125 0.0296875
4 0.696875 0.53828125 0.0265625 0.0421875
4 0.62890625 0.5953125 0.025 0.0328125
4 0.715625 0.6796875 0.028125 0.028125
4 0.4828125 0.56953125 0.0625 0.0671875
4 0.5421875 0.3421875 0.03125 0.03125
4 0.51484375 0.62265625 0.025 0.0328125
4 0.87421875 0.6796875 0.0265625 0.034375
4 0.8640625 0.79609375 0.0328125 0.0390625
4 0.490625 0.8125 0.034375 0.0359375