4 0.39609375 0.58046875 0.046875 0.028125
4 0.56328125 0.6 0.034375 0.034375
4 0.47734375 0.59453125 0.0171875 0.028125
4 0.45390625 0.5625 0.0203125 0.028125
4 0.696875 0.46171875 0.0265625 0.040625
4 0.62890625 0.4046875 0.025 0.03125
4 0.715625 0.3203125 0.028125 0.028125
4 0.4828125 0.43046875 0.0625 0.06875
4 0.5421875 0.6578125 0.03125 0.03125
4 0.51484375 0.37734375 0.025 0.03125
4 0.87421875 0.3203125 0.0265625 0.034375
4 0.8640625 0.20390625 0.0328125 0.040625
4 0.490625 0.1875 0.034375 0.0359375