4 0.58046875 0.39609375 0.028125 0.046875
4 0.6 0.56328125 0.034375 0.034375
4 0.59453125 0.47734375 0.028125 0.0171875
4 0.5625 0.45390625 0.028125 0.0203125
4 0.46171875 0.696875 0.040625 0.0265625
4 0.4046875 0.62890625 0.03125 0.025
4 0.3203125 0.715625 0.028125 0.028125
4 0.43046875 0.4828125 0.06875 0.0625
4 0.6578125 0.5421875 0.03125 0.03125
4 0.37734375 0.51484375 0.03125 0.025
4 0.3203125 0.87421875 0.034375 0.0265625
4 0.20390625 0.8640625 0.040625 0.0328125
4 0.1875 0.490625 0.0359375 0.034375