4 0.4453125 0.51484375 0.059375 0.05
4 0.615625 0.66953125 0.03125 0.028125
4 0.71796875 0.6265625 0.0328125 0.03125
4 0.68046875 0.415625 0.03125 0.0375
4 0.4859375 0.79921875 0.046875 0.0453125
4 0.51796875 0.92734375 0.028125 0.0265625
4 0.32265625 0.6734375 0.0265625 0.021875
4 0.52265625 0.7296875 0.0265625 0.028125
4 0.45859375 0.59296875 0.0390625 0.025
4 0.340625 0.5453125 0.053125 0.046875
4 0.22578125 0.49765625 0.034375 0.0359375
4 0.05703125 0.57265625 0.034375 0.0359375
4 0.07734375 0.7796875 0.0328125 0.034375
4 0.08671875 0.70859375 0.0234375 0.0296875
4 0.0703125 0.73828125 0.028125 0.0265625
4 0.2125 0.63359375 0.028125 0.0296875
4 0.36015625 0.8640625 0.0421875 0.0625
4 0.425 0.84609375 0.03125 0.028125
4 0.58125 0.403125 0.034375 0.028125
4 0.596875 0.4578125 0.034375 0.03125
4 0.471875 0.56640625 0.03125 0.03125
4 0.3234375 0.4984375 0.040625 0.04375
4 0.31328125 0.58671875 0.025 0.0265625
4 0.25703125 0.54140625 0.03125 0.040625
4 0.48984375 0.73203125 0.03125 0.0328125