4 0.04453125 0.2609375 0.0625 0.0890625
4 0.2203125 0.315625 0.065625 0.078125
4 0.159375 0.55703125 0.0375 0.0390625
4 0.13359375 0.3703125 0.0890625 0.1
4 0.040625 0.5421875 0.08125 0.1828125
4 0.09296875 0.64765625 0.0390625 0.0390625
4 0.1375 0.65625 0.04375 0.078125
4 0.12890625 0.76875 0.0421875 0.0421875
4 0.29375 0.73359375 0.0984375 0.0671875
4 0.3671875 0.61640625 0.0703125 0.0890625
4 0.38359375 0.31015625 0.046875 0.0484375
4 0.33046875 0.37578125 0.0328125 0.0359375
4 0.30234375 0.47734375 0.0453125 0.0390625
4 0.21640625 0.471875 0.0546875 0.05625
4 0.5546875 0.621875 0.0453125 0.0546875
4 0.590625 0.503125 0.046875 0.05
4 0.49453125 0.4328125 0.09375 0.0921875
4 0.62109375 0.34609375 0.0375 0.0359375
4 0.48359375 0.56328125 0.0390625 0.0359375
4 0.21796875 0.68359375 0.0390625 0.0546875
4 0.4203125 0.77890625 0.06875 0.0609375
4 0.62109375 0.55078125 0.0234375 0.0296875
4 0.73125 0.75234375 0.03125 0.0328125
4 0.6046875 0.7921875 0.03125 0.034375
4 0.33359375 0.85234375 0.0359375 0.0359375
4 0.64609375 0.66875 0.1140625 0.1875
4 0.559375 0.76015625 0.05 0.05625
4 0.50625 0.64375 0.025 0.028125
4 0.43125 0.6125 0.0328125 0.034375
4 0.45390625 0.66875 0.0359375 0.0359375
4 0.39921875 0.69765625 0.0515625 0.0671875
4 0.0859375 0.70703125 0.0703125 0.04375
4 0.23984375 0.62109375 0.075 0.0734375
4 0.34140625 0.4671875 0.03125 0.03125
4 0.69375 0.55546875 0.034375 0.034375
4 0.44765625 0.73671875 0.0375 0.0359375