4 0.56328125 0.62265625 0.0359375 0.0359375
4 0.22578125 0.53046875 0.0296875 0.0296875
4 0.8859375 0.4671875 0.028125 0.03125
4 0.603125 0.7375 0.025 0.028125
4 0.60390625 0.7921875 0.034375 0.025
4 0.6953125 0.56640625 0.040625 0.05625
4 0.490625 0.5203125 0.028125 0.028125
4 0.96015625 0.44453125 0.0296875 0.028125
4 0.66796875 0.63671875 0.028125 0.0265625
4 0.42734375 0.6765625 0.021875 0.025
4 0.63203125 0.5046875 0.0296875 0.028125
4 0.62265625 0.409375 0.06875 0.0625
4 0.69453125 0.3671875 0.0296875 0.03125
4 0.61875 0.471875 0.021875 0.021875
4 0.69453125 0.46796875 0.04375 0.0328125
4 0.82734375 0.55546875 0.0359375 0.034375
4 0.4828125 0.58828125 0.1125 0.103125
4 0.496875 0.403125 0.028125 0.028125
4 0.85703125 0.27265625 0.0421875 0.09375
4 0.7859375 0.4015625 0.0375 0.0625
4 0.73359375 0.5125 0.03125 0.028125
4 0.78984375 0.465625 0.0375 0.034375
4 0.79765625 0.2765625 0.03125 0.0375
4 0.64609375 0.55 0.0359375 0.03125
4 0.70625 0.63671875 0.040625 0.0375
4 0.76796875 0.6046875 0.028125 0.028125
4 0.21796875 0.66484375 0.0515625 0.0515625