4 0.56328125 0.37734375 0.0359375 0.0359375
4 0.22578125 0.46953125 0.0296875 0.0296875
4 0.8859375 0.5328125 0.0296875 0.03125
4 0.603125 0.2625 0.025 0.0296875
4 0.60390625 0.2078125 0.034375 0.025
4 0.6953125 0.43359375 0.0421875 0.05625
4 0.490625 0.4796875 0.028125 0.0296875
4 0.96015625 0.55546875 0.0296875 0.028125
4 0.66796875 0.36328125 0.028125 0.0265625
4 0.42734375 0.3234375 0.0234375 0.0265625
4 0.63203125 0.4953125 0.0296875 0.0296875
4 0.62265625 0.590625 0.0703125 0.0625
4 0.69453125 0.6328125 0.0296875 0.0328125
4 0.61875 0.528125 0.021875 0.0234375
4 0.69453125 0.53203125 0.04375 0.0328125
4 0.82734375 0.44453125 0.0359375 0.034375
4 0.4828125 0.41171875 0.1125 0.1015625
4 0.496875 0.596875 0.0296875 0.028125
4 0.85703125 0.72734375 0.0421875 0.09375
4 0.7859375 0.5984375 0.0375 0.0625
4 0.73359375 0.4875 0.03125 0.028125
4 0.78984375 0.534375 0.0375 0.034375
4 0.79765625 0.7234375 0.0328125 0.0390625
4 0.64609375 0.45 0.0359375 0.03125
4 0.70625 0.36328125 0.040625 0.0375
4 0.76796875 0.3953125 0.028125 0.028125
4 0.21796875 0.33515625 0.0515625 0.0515625