4 0.37734375 0.43671875 0.0359375 0.0359375
4 0.46953125 0.77421875 0.0296875 0.0296875
4 0.5328125 0.1140625 0.03125 0.028125
4 0.2625 0.396875 0.028125 0.025
4 0.2078125 0.39609375 0.025 0.034375
4 0.43359375 0.3046875 0.05625 0.040625
4 0.4796875 0.509375 0.028125 0.028125
4 0.55546875 0.03984375 0.028125 0.0296875
4 0.36328125 0.33203125 0.0265625 0.028125
4 0.3234375 0.57265625 0.025 0.021875
4 0.4953125 0.36796875 0.028125 0.0296875
4 0.590625 0.37734375 0.0625 0.06875
4 0.6328125 0.30546875 0.03125 0.0296875
4 0.528125 0.38125 0.021875 0.021875
4 0.53203125 0.30546875 0.0328125 0.04375
4 0.44453125 0.17265625 0.034375 0.0359375
4 0.41171875 0.5171875 0.103125 0.1125
4 0.596875 0.503125 0.028125 0.028125
4 0.72734375 0.14296875 0.09375 0.0421875
4 0.5984375 0.2140625 0.0625 0.0375
4 0.4875 0.26640625 0.028125 0.03125
4 0.534375 0.21015625 0.034375 0.0375
4 0.7234375 0.20234375 0.0375 0.03125
4 0.45 0.35390625 0.03125 0.0359375
4 0.36328125 0.29375 0.0375 0.040625
4 0.3953125 0.23203125 0.028125 0.028125
4 0.33515625 0.78203125 0.0515625 0.0515625