4 0.7640625 0.71328125 0.04375 0.0421875
4 0.16640625 0.43671875 0.0515625 0.05
4 0.159375 0.76953125 0.0375 0.040625
4 0.190625 0.840625 0.065625 0.0484375
4 0.8390625 0.63046875 0.0578125 0.0578125
4 0.8515625 0.48671875 0.0453125 0.046875
4 0.94140625 0.44296875 0.0359375 0.040625
4 0.84140625 0.40703125 0.0390625 0.0359375
4 0.42265625 0.6765625 0.05 0.0421875
4 0.6515625 0.8109375 0.025 0.028125
4 0.81484375 0.3125 0.0359375 0.034375
4 0.67890625 0.74375 0.0296875 0.0328125
4 0.9828125 0.2875 0.034375 0.0359375