4 0.71328125 0.2359375 0.0421875 0.04375
4 0.43671875 0.83359375 0.05 0.0515625
4 0.76953125 0.840625 0.040625 0.0375
4 0.840625 0.809375 0.046875 0.065625
4 0.63046875 0.1609375 0.05625 0.05625
4 0.48671875 0.1484375 0.046875 0.04375
4 0.44296875 0.05859375 0.040625 0.0359375
4 0.40703125 0.15859375 0.0359375 0.0390625
4 0.6765625 0.57734375 0.040625 0.05
4 0.8109375 0.3484375 0.028125 0.025
4 0.3125 0.18515625 0.034375 0.0359375
4 0.74375 0.32109375 0.03125 0.0296875
4 0.2875 0.0171875 0.034375 0.034375