3 0.0140625 0.16015625 0.02734375 0.140625
3 0.89140625 0.27109375 0.14921875 0.0734375
3 0.28828125 0.028125 0.1265625 0.05625
3 0.4296875 0.0890625 0.1015625 0.0578125
3 0.87421875 0.06484375 0.128125 0.07109375
3 0.57265625 0.2046875 0.14921875 0.0546875
1 0.04609375 0.746875 0.0875 0.10234375
3 0.89453125 0.7625 0.08203125 0.084375
3 0.8328125 0.42578125 0.1 0.03125
3 0.17265625 0.665625 0.0640625 0.08203125
5 0.753125 0.796875 0.0796875 0.09375
0 0.20390625 0.50390625 0.071875 0.08203125
0 0.67265625 0.66328125 0.0765625 0.0875
0 0.7859375 0.53203125 0.06875 0.0953125
0 0.33984375 0.74921875 0.05859375 0.05625
0 0.3015625 0.815625 0.0609375 0.0765625
0 0.54296875 0.63359375 0.06640625 0.0796875
0 0.5 0.7078125 0.06640625 0.071875
5 0.3703125 0.50703125 0.06875 0.0609375
5 0.3390625 0.6359375 0.06875 0.06875
5 0.2515625 0.71875 0.06640625 0.0625
5 0.4609375 0.4234375 0.0703125 0.02734375
5 0.584375 0.41875 0.1015625 0.0171875
5 0.796875 0.63359375 0.07421875 0.0640625
5 0.421875 0.6375 0.06640625 0.06875
5 0.60234375 0.6296875 0.06875 0.0640625
5 0.55546875 0.5578125 0.0640625 0.053125
5 0.49140625 0.55859375 0.1 0.08203125
5 0.53125 0.53515625 0.00390625 0.00390625
5 0.5453125 0.45234375 0.0859375 0.084375
5 0.9359375 0.81953125 0.08984375 0.1