3 0.93984375 0.37734375 0.05625 0.07109375
3 0.39140625 0.30546875 0.0953125 0.08984375
3 0.21953125 0.3421875 0.0484375 0.05078125
3 0.05703125 0.58671875 0.04609375 0.1046875
3 0.11953125 0.69765625 0.04609375 0.09921875
3 0.27421875 0.93125 0.07890625 0.0875
3 0.36875 0.96328125 0.065625 0.0640625
3 0.47265625 0.80234375 0.0953125 0.1015625
3 0.60703125 0.5859375 0.0921875 0.09765625
3 0.746875 0.50390625 0.04921875 0.078125
3 0.6921875 0.503125 0.0453125 0.06796875
3 0.39140625 0.6109375 0.04921875 0.065625
3 0.55 0.05234375 0.05234375 0.07265625
3 0.5640625 0.17421875 0.0328125 0.05546875
3 0.621875 0.2265625 0.05625 0.05546875
3 0.67734375 0.17109375 0.06796875 0.0390625
3 0.77265625 0.17109375 0.06796875 0.07421875