1 0.0453125 0.746875 0.0875 0.103125
5 0.7515625 0.796875 0.0796875 0.09375
0 0.20390625 0.503125 0.071875 0.08203125
0 0.671875 0.66328125 0.0765625 0.0875
0 0.78515625 0.53125 0.06875 0.0953125
0 0.3390625 0.74921875 0.05859375 0.05625
0 0.30078125 0.8140625 0.0609375 0.0765625
0 0.5421875 0.6328125 0.06640625 0.0796875
0 0.49921875 0.70703125 0.06640625 0.071875
5 0.3703125 0.50625 0.06875 0.0609375
5 0.3375 0.634375 0.06875 0.06875
5 0.25078125 0.71875 0.06640625 0.0625
5 0.46015625 0.42265625 0.0703125 0.02734375
5 0.5828125 0.41796875 0.1015625 0.0171875
5 0.79609375 0.6328125 0.07421875 0.0640625
5 0.421875 0.6375 0.06640625 0.06875
5 0.6015625 0.6296875 0.06875 0.0640625
5 0.55546875 0.55625 0.0640625 0.053125
5 0.490625 0.5578125 0.1 0.08203125
5 0.53125 0.53515625 0.00390625 0.00390625
5 0.54375 0.4515625 0.0859375 0.084375
5 0.9359375 0.81875 0.08984375 0.1