0 0.490625 0.2765625 0.02890625 0.02890625
0 0.49453125 0.334375 0.01875 0.02421875
0 0.478125 0.37421875 0.0234375 0.02265625
0 0.43671875 0.34609375 0.01640625 0.021875
0 0.503125 0.2359375 0.01796875 0.0203125
0 0.5921875 0.42734375 0.015625 0.0203125
0 0.5453125 0.48046875 0.015625 0.0203125
0 0.5125 0.49375 0.01328125 0.02109375
0 0.54375 0.50859375 0.01796875 0.01796875
0 0.515625 0.53671875 0.01484375 0.01953125
0 0.525 0.42109375 0.01640625 0.01875
0 0.38515625 0.48125 0.01484375 0.021875
0 0.534375 0.6046875 0.01640625 0.01953125
0 0.35859375 0.27890625 0.0171875 0.0234375
0 0.35546875 0.4234375 0.01328125 0.021875
0 0.4140625 0.2203125 0.0203125 0.02578125
0 0.6265625 0.59453125 0.0125 0.01640625
0 0.5265625 0.6734375 0.01796875 0.01875
0 0.7046875 0.4625 0.01015625 0.0171875
0 0.46796875 0.58359375 0.015625 0.01796875
0 0.365625 0.1796875 0.01953125 0.02265625
0 0.68046875 0.46953125 0.015625 0.02578125
0 0.2203125 0.3265625 0.01640625 0.0265625
0 0.659375 0.509375 0.015625 0.02421875
0 0.5796875 0.66875 0.01640625 0.01796875
0 0.60078125 0.59140625 0.01796875 0.021875
0 0.27890625 0.52265625 0.0140625 0.0203125
0 0.66484375 0.42734375 0.01640625 0.02890625
0 0.44375 0.6859375 0.01796875 0.021875
0 0.75703125 0.528125 0.01171875 0.0171875
0 0.4515625 0.74296875 0.01484375 0.01953125
0 0.58125 0.7 0.01953125 0.01953125
0 0.71796875 0.6203125 0.0203125 0.02578125
0 0.34921875 0.37578125 0.015625 0.02578125
0 0.2609375 0.1859375 0.02578125 0.03125
0 0.27734375 0.28203125 0.01953125 0.02734375
0 0.78984375 0.51640625 0.01796875 0.02890625
0 0.56875 0.74921875 0.02109375 0.0203125
0 0.90546875 0.0625 0.015625 0.01875
0 0.8640625 0.2390625 0.0109375 0.015625
0 0.5828125 0.48359375 0.02265625 0.0296875
0 0.7390625 0.7890625 0.02734375 0.0296875
0 0.85546875 0.76171875 0.02578125 0.0328125
0 0.528125 0.2109375 0.015625 0.02109375
0 0.890625 0.0234375 0.0171875 0.02109375
0 0.4671875 0.4546875 0.0234375 0.028125
0 0.26328125 0.3984375 0.02421875 0.0390625
0 0.12265625 0.35625 0.03359375 0.03671875
0 0.1390625 0.14296875 0.015625 0.02265625
0 0.253125 0.19375 0.0109375 0.01328125