0 0.484375 0.68984375 0.03046875 0.04296875
0 0.27890625 0.809375 0.02109375 0.0265625
0 0.40859375 0.809375 0.02578125 0.0328125
0 0.51328125 0.48125 0.03984375 0.06171875
0 0.36328125 0.58359375 0.01875 0.0296875
0 0.36796875 0.51796875 0.01796875 0.028125
0 0.3515625 0.5421875 0.025 0.03828125
0 0.29453125 0.41484375 0.02421875 0.03125
0 0.309375 0.33515625 0.01953125 0.0265625
0 0.45078125 0.221875 0.01796875 0.03125
0 0.4484375 0.27109375 0.01796875 0.02578125
0 0.578125 0.30859375 0.01484375 0.02734375
0 0.66328125 0.3109375 0.02734375 0.04140625
0 0.14765625 0.76328125 0.03359375 0.04375
0 0.09140625 0.66171875 0.025 0.0421875
0 0.1578125 0.9375 0.0234375 0.03125
0 0.25390625 0.1125 0.02578125 0.03828125
0 0.83203125 0.56015625 0.0234375 0.03203125
0 0.76171875 0.721875 0.01875 0.02578125
0 0.91640625 0.60234375 0.02578125 0.04453125
0 0.9140625 0.5234375 0.025 0.03671875
0 0.85546875 0.290625 0.02109375 0.02890625
0 0.77890625 0.121875 0.025 0.03828125
0 0.7828125 0.9296875 0.01484375 0.0234375
0 0.840625 0.8484375 0.01640625 0.02734375
3 0.1828125 0.39296875 0.05703125 0.09453125