0 0.48515625 0.6921875 0.02578125 0.04765625
0 0.2828125 0.809375 0.02265625 0.03203125
0 0.40625 0.80859375 0.0203125 0.034375
0 0.36328125 0.5859375 0.01953125 0.03125
0 0.353125 0.55 0.02421875 0.0390625
0 0.36875 0.521875 0.025 0.0390625
0 0.29296875 0.41875 0.02109375 0.03828125
0 0.5140625 0.48125 0.0421875 0.05546875
0 0.45234375 0.2734375 0.0203125 0.025
0 0.45 0.221875 0.02265625 0.03046875
0 0.14453125 0.759375 0.0234375 0.03671875
0 0.15625 0.93828125 0.0203125 0.03828125
0 0.76328125 0.725 0.01640625 0.034375
0 0.84296875 0.8484375 0.01875 0.02890625
0 0.78359375 0.93203125 0.01640625 0.02734375
0 0.8328125 0.5609375 0.02109375 0.0375
0 0.91328125 0.525 0.02578125 0.0484375
0 0.91953125 0.60546875 0.025 0.04921875
0 0.85546875 0.29375 0.01796875 0.03203125
0 0.78046875 0.1234375 0.02421875 0.03671875
0 0.66640625 0.3125 0.0203125 0.03359375
0 0.58046875 0.3109375 0.01171875 0.0203125