2 0.284375 0.46796875 0.09765625 0.0921875
1 0.34375 0.715625 0.05390625 0.0390625
1 0.41875 0.7546875 0.03828125 0.0421875
1 0.47421875 0.78359375 0.0375 0.0375
1 0.53359375 0.80234375 0.053125 0.0296875
1 0.5453125 0.75703125 0.03046875 0.040625
1 0.44609375 0.69140625 0.0578125 0.06328125
1 0.37265625 0.65078125 0.04921875 0.0375
1 0.7234375 0.33515625 0.0421875 0.03359375
3 0.4546875 0.4796875 0.06484375 0.0390625
3 0.56640625 0.4234375 0.06328125 0.034375
3 0.7921875 0.33203125 0.071875 0.03046875
3 0.8234375 0.1796875 0.07578125 0.05234375
2 0.70390625 0.0265625 0.0390625 0.04296875
4 0.64140625 0.2328125 0.0171875 0.02265625