0 0.62890625 0.41875 0.0171875 0.0203125
0 0.609375 0.51015625 0.01953125 0.02109375
0 0.50234375 0.72421875 0.0203125 0.01953125
0 0.9578125 0.16015625 0.03984375 0.0421875
0 0.8625 0.4375 0.0203125 0.0234375
0 0.45078125 0.1 0.03359375 0.046875
0 0.43359375 0.46796875 0.0265625 0.02578125
0 0.34453125 0.37265625 0.025 0.0296875
0 0.0546875 0.38984375 0.028125 0.025
0 0.22890625 0.10078125 0.0296875 0.0359375
0 0.6828125 0.06953125 0.0828125 0.0765625
0 0.5921875 0.11171875 0.0484375 0.0484375
0 0.3359375 0.959375 0.0546875 0.0671875
0 0.6828125 0.96640625 0.04375 0.0640625
0 0.97734375 0.2328125 0.0375 0.04140625
0 0.89140625 0.2359375 0.0328125 0.040625
0 0.4625 0.1484375 0.02578125 0.0234375
0 0.45390625 0.5046875 0.021875 0.02109375
0 0.44296875 0.4359375 0.02265625 0.02109375
0 0.4578125 0.6609375 0.01796875 0.01796875