0 0.5171875 0.50625 0.01015625 0.0140625
0 0.45234375 0.4578125 0.0078125 0.02109375
0 0.5109375 0.453125 0.0109375 0.025
0 0.48515625 0.5671875 0.00859375 0.0140625
0 0.490625 0.528125 0.0078125 0.01640625
0 0.484375 0.4796875 0.01015625 0.01484375
0 0.4921875 0.459375 0.00859375 0.0109375
0 0.49375 0.4140625 0.0046875 0.0125
0 0.45390625 0.50234375 0.0078125 0.0171875
0 0.446875 0.54375 0.00625 0.01484375
0 0.43515625 0.521875 0.00859375 0.02265625
0 0.4171875 0.50234375 0.0109375 0.0203125
0 0.5359375 0.540625 0.00859375 0.01484375
0 0.52109375 0.5578125 0.00859375 0.01640625
0 0.5109375 0.615625 0.0125 0.0234375
0 0.54140625 0.6265625 0.00859375 0.01640625