0 0.57578125 0.440625 0.01484375 0.02109375
0 0.5453125 0.36015625 0.02265625 0.0265625
0 0.4640625 0.39765625 0.03125 0.01640625
0 0.48671875 0.2890625 0.0296875 0.0265625
0 0.44140625 0.4484375 0.0203125 0.0203125
0 0.2953125 0.50703125 0.02890625 0.03125
0 0.39921875 0.36171875 0.0109375 0.0125
0 0.6421875 0.4203125 0.03984375 0.03515625
0 0.6859375 0.45546875 0.0296875 0.03359375
0 0.6609375 0.490625 0.02265625 0.01484375
0 0.7890625 0.5578125 0.0328125 0.02734375
0 0.7515625 0.45078125 0.02890625 0.02109375
0 0.3453125 0.2734375 0.025 0.0203125
0 0.4296875 0.3046875 0.03125 0.025
0 0.3890625 0.3171875 0.0296875 0.02109375
0 0.45234375 0.34609375 0.0375 0.025
0 0.33828125 0.4046875 0.03125 0.0296875
0 0.29921875 0.41484375 0.02265625 0.02109375
0 0.1703125 0.39296875 0.01875 0.025
0 0.1953125 0.425 0.0265625 0.0203125
0 0.225 0.44765625 0.0296875 0.02109375
0 0.2359375 0.5703125 0.04609375 0.03125
0 0.1390625 0.5953125 0.03359375 0.025
0 0.53671875 0.25703125 0.0234375 0.0265625
0 0.203125 0.2265625 0.0140625 0.01640625
0 0.02578125 0.515625 0.02109375 0.01875
0 0.01875 0.5828125 0.0171875 0.025
0 0.4203125 0.1875 0.0328125 0.0203125
0 0.5671875 0.49375 0.03125 0.0140625
0 0.603125 0.5171875 0.03359375 0.02265625