0 0.45390625 0.3625 0.06796875 0.05234375
0 0.5328125 0.4015625 0.03828125 0.0328125
0 0.70234375 0.5078125 0.03203125 0.025
0 0.6 0.35859375 0.0234375 0.01953125
0 0.8609375 0.59453125 0.02578125 0.0171875
0 0.6140625 0.3171875 0.02265625 0.01953125
0 0.8234375 0.39375 0.025 0.02265625
0 0.55546875 0.446875 0.0203125 0.01875
0 0.5109375 0.2875 0.02109375 0.01953125
0 0.4234375 0.4421875 0.0203125 0.01796875
0 0.97578125 0.51640625 0.0234375 0.021875
0 0.39765625 0.5125 0.01953125 0.0171875
0 0.43359375 0.49375 0.01796875 0.01484375
0 0.31015625 0.4515625 0.02109375 0.01796875
0 0.2015625 0.55703125 0.0203125 0.0203125
0 0.3359375 0.48828125 0.021875 0.015625
0 0.653125 0.26953125 0.01796875 0.0171875
0 0.54921875 0.34921875 0.02265625 0.01953125
0 0.35703125 0.4171875 0.02265625 0.01875
0 0.77421875 0.4453125 0.02265625 0.01875
0 0.6546875 0.4 0.02421875 0.0171875
0 0.75625 0.56953125 0.0234375 0.01875
0 0.434375 0.4 0.0203125 0.0203125
0 0.37890625 0.45546875 0.021875 0.0171875
0 0.7375 0.4 0.01796875 0.01640625
0 0.24453125 0.44453125 0.015625 0.01875
0 0.05625 0.7640625 0.01953125 0.01796875
0 0.56875 0.30625 0.02265625 0.01875
0 0.696875 0.4125 0.01875 0.0171875
0 0.475 0.5171875 0.02265625 0.01953125
0 0.403125 0.5765625 0.02265625 0.02265625
0 0.46171875 0.25234375 0.0203125 0.01796875
0 0.0953125 0.80703125 0.01875 0.0171875
0 0.978125 0.5796875 0.0203125 0.02109375
0 0.17421875 0.48203125 0.01640625 0.01875
0 0.86796875 0.44453125 0.02109375 0.01875
0 0.590625 0.50078125 0.0328125 0.01875
0 0.634375 0.46953125 0.0234375 0.01875
0 0.6578125 0.7296875 0.02578125 0.01953125
0 0.79453125 0.2265625 0.0234375 0.0203125
0 0.04140625 0.684375 0.0203125 0.01875
0 0.64765625 0.6765625 0.02421875 0.0203125
0 0.1203125 0.734375 0.021875 0.01640625
0 0.046875 0.8359375 0.02890625 0.03359375
0 0.10078125 0.93125 0.02734375 0.04453125
0 0.1078125 0.63125 0.03125 0.03359375