0 0.36875 0.5234375 0.02265625 0.025
0 0.3578125 0.175 0.01875 0.02265625
0 0.3609375 0.23828125 0.0265625 0.02109375
0 0.56171875 0.19296875 0.0171875 0.0265625
0 0.47109375 0.5640625 0.0203125 0.03046875
0 0.6484375 0.18828125 0.02421875 0.034375
0 0.62265625 0.58203125 0.01640625 0.02421875
0 0.62890625 0.371875 0.01640625 0.02421875
0 0.571875 0.5515625 0.015625 0.025
0 0.68828125 0.38515625 0.02109375 0.0296875
0 0.46015625 0.46484375 0.01640625 0.0234375
0 0.41953125 0.2890625 0.01796875 0.02578125
0 0.60625 0.20234375 0.02421875 0.03671875
0 0.38515625 0.36953125 0.01953125 0.034375
0 0.4828125 0.49296875 0.01640625 0.025
0 0.6171875 0.47421875 0.015625 0.0234375
0 0.68515625 0.4515625 0.01875 0.0265625
0 0.45625 0.290625 0.0171875 0.02421875
0 0.67421875 0.3453125 0.0234375 0.0359375
0 0.6125 0.4203125 0.0171875 0.0234375
0 0.53046875 0.40546875 0.01796875 0.02578125
0 0.43203125 0.4484375 0.01875 0.02734375
0 0.6671875 0.4890625 0.0171875 0.025
0 0.55546875 0.31953125 0.02734375 0.04609375
0 0.5359375 0.4671875 0.025 0.0421875
0 0.49765625 0.26640625 0.01796875 0.02421875
0 0.325 0.46171875 0.02265625 0.03203125
0 0.58515625 0.453125 0.01875 0.0296875
0 0.5953125 0.53984375 0.0171875 0.025
0 0.66953125 0.2671875 0.04609375 0.07109375
0 0.56953125 0.40234375 0.0296875 0.040625
0 0.5890625 0.12578125 0.03671875 0.0640625
0 0.41796875 0.15234375 0.04140625 0.0578125
0 0.5359375 0.27890625 0.0171875 0.025
0 0.5359375 0.3390625 0.01796875 0.025
0 0.51484375 0.5578125 0.02109375 0.03515625
0 0.740625 0.2453125 0.05 0.08203125