0 0.3765625 0.59296875 0.0390625 0.03671875
0 0.4546875 0.46015625 0.03828125 0.05234375
0 0.79296875 0.678125 0.01796875 0.025
0 0.334375 0.62421875 0.025 0.02734375
0 0.6265625 0.753125 0.01953125 0.025
0 0.80390625 0.74921875 0.01640625 0.02265625
0 0.7640625 0.60546875 0.02109375 0.02578125
0 0.2046875 0.07578125 0.02578125 0.03046875
0 0.365625 0.41015625 0.025 0.03125
0 0.565625 0.6921875 0.02734375 0.03984375
0 0.18046875 0.69765625 0.02109375 0.025
0 0.8375 0.92421875 0.02890625 0.0453125
0 0.52265625 0.80625 0.028125 0.03828125
0 0.678125 0.3515625 0.02734375 0.03359375
0 0.41328125 0.26640625 0.028125 0.03359375
0 0.88359375 0.13671875 0.0421875 0.0671875
0 0.74375 0.5 0.05703125 0.07265625
0 0.2765625 0.5046875 0.03515625 0.0421875
0 0.49453125 0.15078125 0.034375 0.0328125
0 0.6046875 0.41640625 0.0203125 0.02734375
0 0.67890625 0.95234375 0.021875 0.03203125
0 0.5828125 0.30625 0.0328125 0.03359375
0 0.3609375 0.1625 0.03515625 0.0421875