0 0.54765625 0.45859375 0.01953125 0.02265625
0 0.54609375 0.5078125 0.0109375 0.01640625
0 0.41015625 0.5453125 0.0140625 0.015625
0 0.48203125 0.50703125 0.01171875 0.01796875
0 0.47578125 0.55546875 0.01015625 0.015625
0 0.46015625 0.625 0.015625 0.0140625
0 0.51328125 0.6015625 0.0078125 0.0171875
0 0.45703125 0.4890625 0.0171875 0.015625
0 0.43203125 0.50078125 0.01171875 0.01640625
0 0.4890625 0.46640625 0.0109375 0.02109375
0 0.43203125 0.4671875 0.01328125 0.02109375
0 0.5453125 0.6 0.01015625 0.01875
0 0.5546875 0.5453125 0.01015625 0.0140625
0 0.56796875 0.51796875 0.0109375 0.01640625
0 0.58671875 0.4984375 0.0140625 0.02265625
0 0.4046875 0.45 0.0140625 0.0171875
0 0.4125 0.50703125 0.01171875 0.0203125
0 0.4296875 0.53984375 0.01015625 0.01328125
0 0.50546875 0.45546875 0.009375 0.0171875
0 0.46953125 0.4421875 0.0140625 0.01875