5 0.7375 0.55625 0.009375 0.00625
5 0.6953125 0.5734375 0.0078125 0.00546875
5 0.6828125 0.665625 0.01171875 0.0078125
5 0.73984375 0.81875 0.01015625 0.0078125
3 0.4125 0.5484375 0.015625 0.009375
3 0.46953125 0.56171875 0.015625 0.009375
3 0.41796875 0.565625 0.0125 0.00703125
3 0.4609375 0.64375 0.0140625 0.0125
3 0.56796875 0.56796875 0.0140625 0.01171875
3 0.56484375 0.6234375 0.01328125 0.00703125
2 0.6015625 0.6484375 0.01171875 0.009375
3 0.5125 0.59453125 0.009375 0.00703125
3 0.42109375 0.5984375 0.00703125 0.0078125
3 0.509375 0.534375 0.0109375 0.0109375
3 0.484375 0.5296875 0.01015625 0.00625
1 0.55078125 0.65234375 0.009375 0.009375
1 0.57109375 0.653125 0.0140625 0.00625
3 0.48828125 0.65703125 0.01015625 0.01015625
3 0.60234375 0.76484375 0.01328125 0.009375
3 0.83515625 0.8015625 0.01171875 0.01015625
3 0.7796875 0.82421875 0.01640625 0.009375
3 0.7859375 0.2296875 0.0125 0.00703125
3 0.81328125 0.22734375 0.0125 0.0078125
3 0.86484375 0.240625 0.01640625 0.009375