3 0.6453125 0.509375 0.0265625 0.01484375
3 0.69453125 0.5921875 0.01796875 0.015625
3 0.54453125 0.528125 0.01484375 0.0109375
3 0.55859375 0.6140625 0.015625 0.01875
3 0.68515625 0.51953125 0.0140625 0.01171875
3 0.7015625 0.5578125 0.01171875 0.0125
3 0.7578125 0.69921875 0.00859375 0.0140625
3 0.55546875 0.678125 0.0109375 0.00859375
3 0.5703125 0.71640625 0.01640625 0.0171875
3 0.628125 0.74296875 0.021875 0.01328125
3 0.6640625 0.58515625 0.01796875 0.0171875
3 0.5125 0.578125 0.01484375 0.01171875
3 0.70234375 0.53515625 0.01171875 0.0125
3 0.64296875 0.6296875 0.0125 0.01171875
3 0.50234375 0.675 0.01953125 0.01328125
3 0.47890625 0.575 0.01484375 0.01484375
3 0.65703125 0.70625 0.0125 0.0078125
3 0.6875 0.71796875 0.01015625 0.00703125