1 0.215625 0.51875 0.04609375 0.03671875
3 0.19375 0.265625 0.02890625 0.021875
1 0.175 0.553125 0.04453125 0.040625
1 0.07734375 0.54453125 0.04921875 0.03125
1 0.06875 0.615625 0.06015625 0.03515625
1 0.2171875 0.65 0.03984375 0.02734375
1 0.1953125 0.59609375 0.03046875 0.02265625
1 0.16640625 0.79140625 0.059375 0.02421875
3 0.24609375 0.37578125 0.034375 0.04609375
1 0.2796875 0.6234375 0.0328125 0.01796875
1 0.32421875 0.64296875 0.0234375 0.02734375
1 0.05859375 0.67109375 0.0796875 0.05390625
1 0.3375 0.678125 0.03046875 0.01484375
1 0.1421875 0.61171875 0.05625 0.04453125
1 0.24140625 0.46484375 0.03046875 0.0265625
1 0.2765625 0.4203125 0.0328125 0.03046875
1 0.196875 0.68671875 0.03046875 0.0203125
3 0.18984375 0.2046875 0.02578125 0.02578125