3 0.7390625 0.26015625 0.01640625 0.00859375
3 0.7875 0.28515625 0.009375 0.00546875
3 0.5109375 0.403125 0.0078125 0.0078125
3 0.48046875 0.33125 0.00859375 0.00546875
3 0.64609375 0.6265625 0.00859375 0.00859375
2 0.59453125 0.60625 0.00625 0.00625
2 0.5734375 0.68359375 0.0078125 0.0078125
3 0.68671875 0.73125 0.0140625 0.009375
1 0.44296875 0.61875 0.009375 0.0078125
1 0.4671875 0.63046875 0.0109375 0.0046875
3 0.32734375 0.58515625 0.01015625 0.0046875
3 0.3140625 0.59453125 0.01171875 0.00546875