1 0.328125 0.334375 0.04296875 0.0703125
1 0.521875 0.26953125 0.02578125 0.08046875
3 0.3921875 0.05625 0.0265625 0.046875
3 0.490625 0.10234375 0.0484375 0.06953125
3 0.30390625 0.22109375 0.0296875 0.0515625
3 0.465625 0.22421875 0.03828125 0.04375
4 0.64296875 0.32734375 0.0328125 0.04765625
4 0.3046875 0.4375 0.0375 0.034375
5 0.76796875 0.0734375 0.0390625 0.06875
5 0.8484375 0.20390625 0.0140625 0.0484375
4 0.221875 0.02890625 0.04140625 0.0375
4 0.3203125 0.1625 0.0140625 0.0234375
4 0.65625 0.51015625 0.034375 0.046875
3 0.3375 0.42265625 0.01953125 0.0484375
3 0.3671875 0.30234375 0.0171875 0.0296875
3 0.41640625 0.24140625 0.0140625 0.0375
3 0.5375 0.49296875 0.0234375 0.0140625
3 0.45625 0.33046875 0.06015625 0.11015625
3 0.6125 0.67734375 0.04921875 0.0640625