0 0.26328125 0.39765625 0.0265625 0.05390625
0 0.22265625 0.32890625 0.021875 0.0375
0 0.35078125 0.3765625 0.021875 0.0359375
0 0.4140625 0.22109375 0.01640625 0.03515625
0 0.365625 0.18203125 0.02421875 0.03125
0 0.253125 0.19296875 0.015625 0.01796875
0 0.49453125 0.3359375 0.01796875 0.03046875
0 0.48046875 0.375 0.02109375 0.0296875
0 0.4375 0.34453125 0.01640625 0.021875
0 0.38515625 0.48203125 0.01640625 0.02265625
0 0.35390625 0.42265625 0.015625 0.028125
0 0.49296875 0.2765625 0.01484375 0.02734375
0 0.58359375 0.4828125 0.02421875 0.04296875
0 0.46796875 0.4546875 0.021875 0.03203125
0 0.534375 0.60625 0.01640625 0.02734375
0 0.52734375 0.67421875 0.02109375 0.028125
0 0.4765625 0.62890625 0.01484375 0.021875
0 0.4671875 0.5859375 0.0171875 0.0234375
0 0.3734375 0.575 0.0125 0.021875
0 0.5421875 0.51015625 0.0125 0.01953125
0 0.5125 0.4953125 0.01171875 0.01640625
0 0.51640625 0.5390625 0.0109375 0.0203125
0 0.525 0.4203125 0.01328125 0.021875
0 0.65859375 0.5109375 0.01796875 0.0328125
0 0.68125 0.46875 0.01953125 0.03671875
0 0.55703125 0.559375 0.009375 0.01796875
0 0.5734375 0.53203125 0.01171875 0.01875
0 0.546875 0.48125 0.01171875 0.0171875
0 0.44375 0.68828125 0.01640625 0.02109375
0 0.58359375 0.70234375 0.01796875 0.02578125
0 0.58125 0.6703125 0.015625 0.02109375
0 0.35859375 0.27890625 0.01484375 0.0203125
0 0.37109375 0.259375 0.01640625 0.025
0 0.5171875 0.26796875 0.015625 0.0234375
0 0.503125 0.23984375 0.0140625 0.021875
0 0.70625 0.465625 0.0140625 0.025
0 0.75703125 0.5296875 0.0125 0.0203125
0 0.71328125 0.51796875 0.01484375 0.02109375
0 0.728125 0.50078125 0.01171875 0.01953125
0 0.66484375 0.4296875 0.01875 0.0359375
0 0.78984375 0.5203125 0.0125 0.02734375
0 0.7375 0.40625 0.0125 0.025
0 0.7125 0.32109375 0.0140625 0.02421875
0 0.72890625 0.303125 0.0140625 0.02734375
0 0.6640625 0.30625 0.0140625 0.0265625
0 0.63828125 0.353125 0.0125 0.02109375
0 0.52890625 0.21171875 0.01796875 0.03046875
0 0.53828125 0.30625 0.0140625 0.02578125
0 0.72734375 0.5390625 0.0125 0.01796875
0 0.80546875 0.37265625 0.0125 0.02109375
0 0.27890625 0.525 0.01484375 0.02421875