0 0.23046875 0.38125 0.01953125 0.0234375
0 0.56015625 0.59609375 0.015625 0.021875
0 0.1765625 0.32890625 0.01640625 0.02109375
0 0.11484375 0.2265625 0.015625 0.025
0 0.30078125 0.16796875 0.01875 0.02421875
0 0.4875 0.26640625 0.021875 0.02421875
0 0.1734375 0.5203125 0.01875 0.0265625
0 0.6015625 0.26953125 0.0234375 0.021875
0 0.615625 0.44296875 0.015625 0.01875
0 0.50625 0.515625 0.01328125 0.0171875
0 0.6734375 0.475 0.0140625 0.01796875
0 0.4265625 0.4140625 0.01640625 0.01953125
0 0.55390625 0.415625 0.0140625 0.01953125
0 0.5390625 0.5140625 0.01328125 0.01796875
0 0.34296875 0.753125 0.01328125 0.021875
0 0.46953125 0.6859375 0.01875 0.025
0 0.36171875 0.36015625 0.0140625 0.01796875
0 0.6 0.36796875 0.015625 0.01953125
0 0.34140625 0.32890625 0.02421875 0.02890625
0 0.678125 0.5578125 0.01328125 0.01796875
0 0.15625 0.48046875 0.0171875 0.01953125
0 0.47265625 0.1875 0.01640625 0.01796875
0 0.4140625 0.3640625 0.01640625 0.02109375
0 0.47890625 0.54375 0.0109375 0.0171875
0 0.6625 0.43359375 0.01171875 0.0171875
0 0.53125 0.3796875 0.01328125 0.01953125
0 0.696875 0.68671875 0.015625 0.01953125
0 0.14296875 0.3046875 0.01953125 0.02734375
0 0.30546875 0.56328125 0.01640625 0.02109375
0 0.265625 0.82109375 0.02578125 0.0359375
0 0.47265625 0.215625 0.01875 0.02109375
0 0.4140625 0.44921875 0.01484375 0.0203125
0 0.36171875 0.1453125 0.02265625 0.02421875
0 0.30859375 0.7859375 0.0171875 0.02578125
0 0.0921875 0.51484375 0.01640625 0.0265625
0 0.5171875 0.42109375 0.01640625 0.01796875
0 0.21328125 0.21953125 0.021875 0.02890625
0 0.675 0.31796875 0.01484375 0.01953125
0 0.565625 0.6546875 0.01640625 0.0234375