1 0.46875 0.48828125 0.1328125 0.140625
1 0.81171875 0.159375 0.040625 0.0890625
3 0.9265625 0.05546875 0.05625 0.1109375
3 0.9328125 0.2859375 0.04609375 0.0640625
3 0.75625 0.4171875 0.04765625 0.05
3 0.97890625 0.059375 0.0359375 0.0640625
3 0.99140625 0.19921875 0.0171875 0.04296875
3 0.98203125 0.1203125 0.0359375 0.05
3 0.828125 0.51015625 0.04296875 0.05546875
3 0.98125 0.4171875 0.0375 0.0453125
3 0.89921875 0.31328125 0.040625 0.04765625
3 0.86640625 0.2703125 0.0375 0.04765625
5 0.0875 0.6640625 0.11328125 0.078125
0 0.984375 0.909375 0.03125 0.071875
0 0.9796875 0.840625 0.040625 0.06875
0 0.9359375 0.77421875 0.121875 0.07109375
0 0.90703125 0.86953125 0.11796875 0.075
0 0.940625 0.934375 0.10078125 0.05625
0 0.81796875 0.87421875 0.1046875 0.06875