3 0.4625 0.878125 0.03828125 0.04140625
3 0.31953125 0.8625 0.02421875 0.02109375
3 0.284375 0.7640625 0.02265625 0.01796875
3 0.2828125 0.89140625 0.0203125 0.0203125
3 0.28203125 0.85703125 0.025 0.02265625
3 0.7296875 0.3703125 0.04765625 0.03515625
3 0.52421875 0.39375 0.0296875 0.0265625
5 0.66640625 0.58125 0.025 0.028125
5 0.77421875 0.72890625 0.02421875 0.0296875
5 0.71484375 0.6796875 0.025 0.02578125
5 0.7484375 0.8125 0.01796875 0.0140625
5 0.58359375 0.91640625 0.01796875 0.01484375
5 0.853125 0.74453125 0.0203125 0.01796875
5 0.8515625 0.57734375 0.01796875 0.02265625
5 0.89765625 0.38046875 0.025 0.02734375
5 0.59296875 0.42890625 0.02890625 0.02734375
3 0.31640625 0.1234375 0.090625 0.0734375
0 0.07109375 0.946875 0.01484375 0.01484375
0 0.11328125 0.915625 0.01171875 0.0125
0 0.03359375 0.80546875 0.01875 0.01875