5 0.47265625 0.61171875 0.03359375 0.03359375
5 0.56640625 0.77421875 0.03984375 0.03984375
5 0.63125 0.7640625 0.0328125 0.03515625
5 0.28828125 0.63359375 0.0328125 0.03203125
5 0.29609375 0.57421875 0.03046875 0.025
5 0.7359375 0.35390625 0.03671875 0.03515625
5 0.53515625 0.82109375 0.04140625 0.034375
5 0.48671875 0.79140625 0.0328125 0.025
5 0.37578125 0.84453125 0.02578125 0.025
5 0.16875 0.778125 0.02734375 0.02421875
5 0.30703125 0.765625 0.02578125 0.03046875
5 0.31484375 0.80546875 0.021875 0.0171875
5 0.76953125 0.7796875 0.02734375 0.028125
5 0.3015625 0.34453125 0.0265625 0.02734375