0 0.440625 0.69765625 0.02734375 0.02578125
0 0.3765625 0.73515625 0.03046875 0.03125
0 0.73203125 0.8609375 0.03515625 0.03828125
0 0.9171875 0.565625 0.0296875 0.0234375
0 0.78828125 0.6375 0.0296875 0.0234375
0 0.3859375 0.62265625 0.03984375 0.0234375
0 0.33125 0.65078125 0.025 0.02109375
0 0.31015625 0.684375 0.01953125 0.01640625
0 0.31484375 0.70859375 0.01875 0.01171875
0 0.29140625 0.74140625 0.01640625 0.01484375
0 0.459375 0.58515625 0.0171875 0.02109375
0 0.44296875 0.64609375 0.01796875 0.01484375
0 0.4328125 0.54296875 0.02421875 0.0203125
0 0.3234375 0.6078125 0.01953125 0.01953125
0 0.603125 0.33515625 0.0140625 0.0125
0 0.5515625 0.540625 0.0234375 0.01640625
0 0.52734375 0.5828125 0.02109375 0.0171875
0 0.49140625 0.5734375 0.021875 0.01796875
0 0.4796875 0.6125 0.01484375 0.015625
0 0.3078125 0.5875 0.0171875 0.01484375
0 0.60078125 0.42265625 0.01875 0.0171875
0 0.7328125 0.42421875 0.01796875 0.01953125
0 0.7796875 0.43515625 0.01953125 0.0203125
0 0.76640625 0.47421875 0.01796875 0.015625
0 0.7890625 0.48203125 0.0203125 0.015625
0 0.7234375 0.46640625 0.01796875 0.01796875
0 0.721875 0.4921875 0.015625 0.01484375
0 0.6453125 0.46953125 0.01875 0.01953125
0 0.3953125 0.58515625 0.021875 0.0234375
0 0.39765625 0.51640625 0.01796875 0.01640625