2 0.62109375 0.45078125 0.06875 0.0421875
2 0.578125 0.409375 0.03203125 0.04453125
2 0.53125 0.40625 0.03203125 0.0421875
2 0.51015625 0.371875 0.0390625 0.0484375
2 0.47109375 0.35078125 0.0296875 0.02890625
2 0.45390625 0.3828125 0.0296875 0.053125
2 0.51796875 0.340625 0.034375 0.0265625
2 0.55078125 0.30859375 0.06171875 0.015625
2 0.54609375 0.3515625 0.03671875 0.03515625
2 0.58046875 0.3515625 0.03203125 0.03125
2 0.58046875 0.378125 0.03671875 0.0265625
2 0.63203125 0.38046875 0.046875 0.04453125
2 0.6296875 0.35 0.03203125 0.0359375
2 0.60234375 0.30390625 0.046875 0.05078125
2 0.54140625 0.27109375 0.03203125 0.0375
2 0.5140625 0.28203125 0.03671875 0.0515625
2 0.4078125 0.28984375 0.03203125 0.0359375
2 0.46015625 0.31171875 0.06171875 0.03515625
2 0.4609375 0.26640625 0.04921875 0.0421875
2 0.46875 0.21015625 0.059375 0.0359375
2 0.63203125 0.54765625 0.0421875 0.02890625
2 0.63828125 0.57890625 0.04921875 0.03828125
2 0.54375 0.5734375 0.05703125 0.0578125
2 0.51875 0.478125 0.046875 0.053125
2 0.50546875 0.55 0.06875 0.046875
2 0.49453125 0.59375 0.05625 0.03984375
2 0.44609375 0.5625 0.059375 0.03515625
2 0.41796875 0.6203125 0.02734375 0.0265625
2 0.4609375 0.62109375 0.01953125 0.0203125
2 0.48359375 0.64921875 0.059375 0.03984375
2 0.4921875 0.6875 0.071875 0.05546875
2 0.46015625 0.72109375 0.06640625 0.05078125
2 0.4890625 0.78203125 0.0125 0.01796875
2 0.58046875 0.7828125 0.06640625 0.046875
2 0.5609375 0.746875 0.0515625 0.03984375
2 0.559375 0.68359375 0.034375 0.03359375
2 0.5546875 0.61796875 0.04921875 0.053125
2 0.6015625 0.6078125 0.0640625 0.05546875
2 0.60234375 0.66015625 0.07578125 0.06171875
2 0.596875 0.70625 0.0546875 0.0484375
2 0.46796875 0.909375 0.0640625 0.046875
2 0.66328125 0.75859375 0.04921875 0.05078125
2 0.79140625 0.665625 0.0421875 0.03203125
2 0.396875 0.571875 0.03046875 0.0515625
2 0.43203125 0.665625 0.0375 0.0359375
2 0.76015625 0.75859375 0.03984375 0.0265625
2 0.634375 0.8328125 0.04140625 0.02890625
2 0.49921875 0.86484375 0.02578125 0.0359375
2 0.52890625 0.865625 0.0328125 0.0390625
2 0.553125 0.85390625 0.03515625 0.028125
2 0.65546875 0.69609375 0.0234375 0.03125
2 0.50234375 0.41171875 0.03671875 0.0328125
2 0.45 0.1359375 0.0421875 0.03359375
2 0.53359375 0.79921875 0.03671875 0.02421875
2 0.5046875 0.7546875 0.03203125 0.04140625
2 0.678125 0.65078125 0.034375 0.04375
2 0.675 0.60234375 0.0375 0.0265625
2 0.6 0.5484375 0.034375 0.0328125
2 0.67578125 0.83359375 0.03515625 0.03671875