5 0.2390625 0.29296875 0.0265625 0.0203125
5 0.42578125 0.15546875 0.021875 0.0125
5 0.453125 0.15859375 0.025 0.021875
5 0.45625 0.20078125 0.021875 0.0125
5 0.4421875 0.20390625 0.0125 0.0125
5 0.50390625 0.2046875 0.015625 0.015625
5 0.48671875 0.20546875 0.015625 0.0125
5 0.4484375 0.21796875 0.0171875 0.0125
5 0.47421875 0.2234375 0.0140625 0.015625
5 0.5140625 0.22734375 0.01875 0.0171875
5 0.3875 0.22890625 0.0203125 0.0171875
5 0.525 0.23359375 0.0203125 0.021875
5 0.43984375 0.2421875 0.0203125 0.0171875
5 0.475 0.2421875 0.0234375 0.0171875
5 0.46484375 0.253125 0.01875 0.0140625
5 0.4546875 0.25859375 0.0140625 0.0140625
5 0.38828125 0.2625 0.021875 0.015625
5 0.49296875 0.2640625 0.0234375 0.0203125
5 0.35546875 0.2703125 0.021875 0.01875