5 0.56484375 0.6203125 0.02890625 0.02890625
5 0.378125 0.65546875 0.034375 0.0359375
5 0.6203125 0.590625 0.03984375 0.03203125
5 0.53359375 0.30546875 0.028125 0.0234375
5 0.26640625 0.45625 0.02578125 0.025
5 0.21484375 0.471875 0.02265625 0.02109375
5 0.30703125 0.61953125 0.01875 0.01796875
5 0.39765625 0.56171875 0.0203125 0.021875
5 0.3953125 0.60703125 0.021875 0.02109375
5 0.67265625 0.34921875 0.01953125 0.02421875
5 0.80625 0.41171875 0.025 0.0234375
5 0.24453125 0.2109375 0.02734375 0.02265625
5 0.20546875 0.17734375 0.03125 0.02421875
5 0.26328125 0.3234375 0.02890625 0.0296875
5 0.21640625 0.246875 0.02578125 0.0265625
5 0.6109375 0.46328125 0.021875 0.02265625
5 0.5203125 0.440625 0.02109375 0.0203125
3 0.803125 0.890625 0.04765625 0.04453125