0 0.37734375 0.76484375 0.0328125 0.0375
0 0.35625 0.6484375 0.02421875 0.028125
0 0.4953125 0.43515625 0.0234375 0.02578125
5 0.72734375 0.6484375 0.02734375 0.02578125
5 0.7265625 0.5875 0.01953125 0.02265625
5 0.64140625 0.5375 0.0296875 0.02421875
5 0.6859375 0.490625 0.02265625 0.02265625
5 0.7453125 0.46640625 0.02578125 0.021875
5 0.784375 0.4890625 0.028125 0.02421875
5 0.50390625 0.69609375 0.02734375 0.0328125
5 0.509375 0.66015625 0.025 0.03046875
5 0.88515625 0.88125 0.02578125 0.0234375
5 0.6390625 0.30703125 0.0265625 0.03046875
5 0.70234375 0.3015625 0.03046875 0.02890625
5 0.7109375 0.3796875 0.02890625 0.02734375
5 0.7890625 0.22421875 0.0234375 0.02421875
5 0.68359375 0.37109375 0.02265625 0.021875
5 0.68203125 0.3453125 0.0234375 0.02421875
5 0.77578125 0.321875 0.02421875 0.0203125
5 0.6890625 0.54453125 0.02890625 0.02265625
5 0.67265625 0.56875 0.02421875 0.02109375
5 0.83203125 0.4953125 0.01953125 0.0234375