0 0.34375 0.37109375 0.02109375 0.0234375
0 0.43359375 0.46875 0.02578125 0.02109375
0 0.48359375 0.50859375 0.02265625 0.0265625
0 0.48515625 0.53984375 0.0265625 0.02109375
0 0.5859375 0.5421875 0.01875 0.01953125
0 0.57578125 0.51640625 0.01953125 0.025
0 0.59140625 0.63828125 0.02265625 0.021875
0 0.72890625 0.63046875 0.0203125 0.0203125
0 0.78203125 0.67109375 0.021875 0.02265625
0 0.67890625 0.71796875 0.03125 0.02890625
0 0.63203125 0.65234375 0.01875 0.02421875
0 0.19921875 0.55 0.02421875 0.021875
0 0.34765625 0.61953125 0.02265625 0.01953125
0 0.3140625 0.63125 0.028125 0.02578125
0 0.2953125 0.66796875 0.0203125 0.02421875
0 0.284375 0.725 0.01875 0.0203125
0 0.3390625 0.72421875 0.01640625 0.01953125
0 0.39453125 0.76171875 0.0171875 0.01875
0 0.36796875 0.77265625 0.01875 0.0171875
0 0.20078125 0.7125 0.02265625 0.02265625
0 0.18359375 0.73359375 0.02109375 0.01953125
0 0.59609375 0.58046875 0.021875 0.02109375
0 0.6046875 0.5984375 0.01796875 0.01875
0 0.62578125 0.59921875 0.01953125 0.01796875
0 0.6390625 0.5734375 0.0171875 0.0203125
0 0.69375 0.56875 0.01796875 0.0234375
0 0.72421875 0.484375 0.0234375 0.0234375
0 0.784375 0.50078125 0.0234375 0.02265625
0 0.80859375 0.60859375 0.0234375 0.02109375
0 0.76875 0.6046875 0.02421875 0.0234375
0 0.63125 0.4890625 0.02578125 0.02265625
0 0.621875 0.52578125 0.021875 0.0203125
0 0.68359375 0.53515625 0.01953125 0.021875
0 0.509375 0.4859375 0.02109375 0.021875
0 0.54375 0.47109375 0.02265625 0.0234375
0 0.26015625 0.565625 0.0328125 0.0265625
0 0.25 0.62578125 0.02578125 0.02578125
0 0.2109375 0.63828125 0.02265625 0.0203125
0 0.24140625 0.7078125 0.025 0.02578125
0 0.225 0.73828125 0.02421875 0.02265625
0 0.20859375 0.76015625 0.02421875 0.01875
0 0.215625 0.79375 0.021875 0.0203125
0 0.26796875 0.77734375 0.0203125 0.0203125
0 0.2625 0.81953125 0.0203125 0.0203125
0 0.59609375 0.75546875 0.021875 0.02265625
0 0.5625 0.784375 0.0203125 0.02265625