0 0.109375 0.065625 0.028125 0.02890625
0 0.08203125 0.08984375 0.025 0.02578125
0 0.05 0.08203125 0.02578125 0.028125
0 0.01171875 0.140625 0.0203125 0.0234375
0 0.22421875 0.0609375 0.0203125 0.0203125
0 0.13515625 0.12578125 0.0234375 0.01953125
0 0.27578125 0.178125 0.021875 0.02109375
0 0.33203125 0.12734375 0.0203125 0.02109375
0 0.36953125 0.14453125 0.025 0.02265625
0 0.21640625 0.165625 0.0203125 0.02265625
0 0.25703125 0.11484375 0.02734375 0.02109375
0 0.159375 0.0078125 0.021875 0.01484375
0 0.31796875 0.00859375 0.01953125 0.0171875
0 0.2828125 0.01875 0.02421875 0.02421875
0 0.0171875 0.03515625 0.02421875 0.021875
0 0.01015625 0.07109375 0.01953125 0.021875
0 0.04609375 0.0109375 0.021875 0.01953125
0 0.1234375 0.19140625 0.02421875 0.0234375