0 0.29765625 0.55625 0.028125 0.03125
0 0.35546875 0.51796875 0.0296875 0.028125
0 0.3203125 0.53515625 0.03203125 0.0359375
0 0.3515625 0.5953125 0.03125 0.034375
0 0.23515625 0.58671875 0.03125 0.02578125
0 0.20546875 0.65078125 0.0296875 0.03046875
0 0.17109375 0.5953125 0.03125 0.0328125
0 0.14765625 0.559375 0.0328125 0.034375
0 0.2203125 0.5015625 0.028125 0.028125
0 0.18359375 0.68671875 0.02890625 0.0328125
0 0.2640625 0.6890625 0.02265625 0.0265625
0 0.31484375 0.59765625 0.028125 0.02421875
0 0.38359375 0.52578125 0.03046875 0.03671875
0 0.446875 0.53203125 0.03125 0.0296875
0 0.58125 0.47578125 0.03203125 0.034375
0 0.7171875 0.64140625 0.03828125 0.03046875
0 0.73515625 0.4828125 0.03046875 0.03046875
0 0.678125 0.53671875 0.03828125 0.0328125
0 0.30546875 0.4828125 0.02578125 0.025
0 0.35703125 0.47109375 0.01953125 0.025
5 0.13125 0.16640625 0.0359375 0.04296875
0 0.07734375 0.3796875 0.02890625 0.02734375
0 0.0640625 0.41640625 0.02734375 0.02265625
0 0.5296875 0.18671875 0.02265625 0.02421875
0 0.56796875 0.24296875 0.02265625 0.028125
0 0.62421875 0.334375 0.0265625 0.0265625
0 0.6265625 0.42265625 0.03359375 0.028125
0 0.71875 0.4375 0.03125 0.02578125