4 0.45234375 0.5671875 0.04609375 0.05703125
3 0.56953125 0.30703125 0.06015625 0.065625
3 0.35234375 0.4390625 0.07734375 0.09296875
3 0.47109375 0.2734375 0.04765625 0.0625
3 0.87578125 0.39453125 0.06953125 0.0734375
3 0.8171875 0.4546875 0.06796875 0.0703125
3 0.8203125 0.6390625 0.07578125 0.09296875
3 0.85703125 0.71640625 0.05078125 0.0671875
3 0.78671875 0.78203125 0.04453125 0.06796875
3 0.6203125 0.8171875 0.05703125 0.0640625
3 0.51953125 0.73515625 0.05234375 0.05703125
3 0.1875 0.64921875 0.06328125 0.0734375
3 0.04140625 0.30625 0.06328125 0.08203125
3 0.815625 0.86640625 0.0484375 0.05703125
3 0.36875 0.8078125 0.0515625 0.0640625
3 0.43125 0.81875 0.05 0.065625
3 0.690625 0.6796875 0.05078125 0.0609375
3 0.4640625 0.35 0.0640625 0.06015625
3 0.44765625 0.44140625 0.06953125 0.06015625