5 0.14765625 0.48515625 0.0421875 0.03828125
5 0.3515625 0.3859375 0.03671875 0.05
5 0.55546875 0.45234375 0.034375 0.03515625
5 0.6703125 0.44375 0.034375 0.0390625
5 0.58046875 0.63203125 0.03046875 0.0328125
5 0.44609375 0.74140625 0.0375 0.03203125
5 0.8578125 0.609375 0.0265625 0.03984375
5 0.6453125 0.19765625 0.0296875 0.03125
5 0.5390625 0.22734375 0.02734375 0.02421875
5 0.39453125 0.11796875 0.0265625 0.03125
5 0.4578125 0.1171875 0.0734375 0.05390625
5 0.91796875 0.16484375 0.0296875 0.03046875
5 0.96015625 0.4265625 0.03046875 0.02734375
0 0.38203125 0.84609375 0.02890625 0.028125
5 0.371875 0.33046875 0.03125 0.03203125
5 0.403125 0.29296875 0.02890625 0.03359375
5 0.57734375 0.11484375 0.0203125 0.02109375
5 0.803125 0.54296875 0.02890625 0.02890625
5 0.92578125 0.56875 0.025 0.0359375
5 0.628125 0.54609375 0.03125 0.028125
5 0.721875 0.528125 0.02265625 0.0265625