1 0.48359375 0.21015625 0.07890625 0.06875
1 0.65078125 0.21640625 0.06953125 0.05546875
1 0.58828125 0.3328125 0.08359375 0.05546875
1 0.51640625 0.42890625 0.06015625 0.06015625
1 0.34296875 0.3046875 0.08359375 0.0859375
1 0.3515625 0.52578125 0.1015625 0.08984375
1 0.5 0.63515625 0.07421875 0.0859375
1 0.3265625 0.58359375 0.06015625 0.07734375
1 0.44921875 0.71875 0.04609375 0.046875
1 0.53671875 0.7125 0.06484375 0.0515625
1 0.7015625 0.65703125 0.096875 0.09453125
1 0.240625 0.72109375 0.04609375 0.0515625