5 0.08671875 0.45859375 0.034375 0.0421875
5 0.25234375 0.27890625 0.0359375 0.04765625
5 0.42578125 0.33046875 0.02421875 0.02734375
5 0.49140625 0.065625 0.0359375 0.0421875
5 0.2625 0.140625 0.03203125 0.04296875
5 0.60390625 0.80859375 0.02734375 0.03125
5 0.634375 0.884375 0.02890625 0.0296875
5 0.365625 0.503125 0.02109375 0.02109375
5 0.28125 0.62109375 0.021875 0.025
5 0.778125 0.3984375 0.03046875 0.021875
5 0.784375 0.45234375 0.02734375 0.0234375
5 0.753125 0.49296875 0.0171875 0.01328125
5 0.7546875 0.4515625 0.02421875 0.01953125
5 0.80625 0.41171875 0.01484375 0.01640625
5 0.74921875 0.3375 0.02421875 0.02421875
5 0.68046875 0.40390625 0.021875 0.02734375
5 0.44296875 0.19453125 0.02578125 0.02109375
5 0.35546875 0.140625 0.02421875 0.01953125
5 0.63203125 0.6078125 0.0203125 0.02421875
5 0.659375 0.57578125 0.01875 0.01640625