5 0.49375 0.30078125 0.0171875 0.021875
5 0.240625 0.32734375 0.01875 0.0265625
5 0.54140625 0.40546875 0.0203125 0.0296875
5 0.57109375 0.459375 0.01875 0.0296875
5 0.346875 0.5703125 0.0234375 0.01875
5 0.29765625 0.575 0.025 0.01875
5 0.27734375 0.58671875 0.01875 0.01875
5 0.3234375 0.603125 0.0296875 0.0234375
5 0.45078125 0.72421875 0.025 0.0265625
5 0.38828125 0.73125 0.028125 0.0265625
5 0.46796875 0.75078125 0.0328125 0.0296875
5 0.5671875 0.17421875 0.0203125 0.025
5 0.5140625 0.19140625 0.0265625 0.0234375
5 0.47265625 0.19921875 0.0359375 0.01875
5 0.625 0.215625 0.021875 0.028125
5 0.41171875 0.23125 0.0140625 0.01875
5 0.36796875 0.26015625 0.0296875 0.0171875
5 0.19453125 0.2875 0.025 0.0171875