5 0.52734375 0.8671875 0.03671875 0.03671875
5 0.415625 0.85078125 0.03203125 0.0328125
5 0.525 0.75546875 0.03359375 0.02890625
5 0.51015625 0.71484375 0.02421875 0.025
5 0.2734375 0.8234375 0.025 0.02265625
5 0.28828125 0.80703125 0.01796875 0.0203125
5 0.29765625 0.7859375 0.01953125 0.02109375
5 0.35234375 0.815625 0.03203125 0.02421875
5 0.31796875 0.79609375 0.0171875 0.01484375
5 0.40234375 0.7875 0.02109375 0.0265625
5 0.3796875 0.77421875 0.021875 0.02109375
5 0.365625 0.7546875 0.02421875 0.02109375
5 0.32890625 0.7453125 0.0203125 0.01875
5 0.45625 0.7875 0.0328125 0.02890625
5 0.4484375 0.75625 0.02109375 0.0140625
5 0.59140625 0.87265625 0.02265625 0.02421875
5 0.559375 0.8265625 0.015625 0.01875
5 0.584375 0.81796875 0.0171875 0.0171875
5 0.815625 0.82421875 0.0234375 0.01875
5 0.75078125 0.79921875 0.01328125 0.0171875
5 0.71328125 0.790625 0.01796875 0.01640625
5 0.72734375 0.83125 0.01484375 0.0171875
5 0.4953125 0.83125 0.02109375 0.01875
5 0.49375 0.58671875 0.02578125 0.02109375
5 0.55703125 0.60859375 0.01640625 0.01953125
5 0.40703125 0.6609375 0.021875 0.015625
5 0.61953125 0.68046875 0.01640625 0.01875
5 0.684375 0.69140625 0.0203125 0.02109375
5 0.7671875 0.7109375 0.02109375 0.021875
5 0.77890625 0.6328125 0.015625 0.02421875
5 0.70390625 0.62421875 0.01953125 0.01484375
5 0.7125 0.6578125 0.01796875 0.01484375
5 0.7203125 0.48359375 0.0234375 0.02734375
5 0.41953125 0.6890625 0.01796875 0.01875
5 0.43671875 0.671875 0.02421875 0.02265625
5 0.91171875 0.8234375 0.01875 0.025
5 0.7328125 0.52734375 0.021875 0.02578125