5 0.64921875 0.36875 0.015625 0.0234375
5 0.62109375 0.3734375 0.0109375 0.0265625
5 0.69453125 0.41328125 0.015625 0.0203125
5 0.6671875 0.459375 0.01875 0.0265625
5 0.55078125 0.46953125 0.025 0.0296875
5 0.6140625 0.49453125 0.0265625 0.0234375
5 0.55078125 0.553125 0.075 0.0390625
5 0.715625 0.578125 0.01875 0.0234375
5 0.5953125 0.6578125 0.0328125 0.0234375
5 0.56640625 0.67578125 0.01875 0.021875
5 0.51796875 0.68125 0.015625 0.028125
5 0.6015625 0.75 0.021875 0.021875
5 0.4859375 0.80390625 0.028125 0.03125
5 0.5703125 0.83515625 0.01875 0.015625
5 0.515625 0.86015625 0.0171875 0.021875
5 0.48828125 0.86796875 0.0265625 0.01875
5 0.4546875 0.12578125 0.01875 0.025
5 0.5046875 0.13984375 0.021875 0.0203125
5 0.46953125 0.20234375 0.0234375 0.0171875
5 0.68828125 0.22421875 0.028125 0.025
5 0.56328125 0.25 0.0203125 0.0171875
5 0.728125 0.26015625 0.0296875 0.03125
5 0.67265625 0.27734375 0.0203125 0.0296875