0 0.4046875 0.29921875 0.03828125 0.0359375
0 0.1546875 0.10703125 0.040625 0.040625
0 0.4203125 0.909375 0.0375 0.03671875
0 0.23359375 0.76640625 0.0359375 0.03515625
0 0.30703125 0.67734375 0.02890625 0.03359375
3 0.471875 0.746875 0.0640625 0.0703125
5 0.5625 0.2359375 0.028125 0.0296875
5 0.6171875 0.1265625 0.02421875 0.0265625
5 0.63984375 0.2 0.028125 0.025
5 0.5078125 0.58203125 0.02734375 0.0265625
5 0.68125 0.49609375 0.025 0.0203125
5 0.6171875 0.4765625 0.02109375 0.0203125
5 0.49765625 0.66640625 0.01953125 0.02109375
5 0.36015625 0.59921875 0.02109375 0.01875
5 0.36171875 0.52421875 0.01640625 0.0171875
5 0.34453125 0.52890625 0.01796875 0.02265625
5 0.4765625 0.49375 0.01796875 0.0171875
5 0.4484375 0.51015625 0.01796875 0.01953125
5 0.55703125 0.065625 0.0203125 0.02421875
5 0.1546875 0.3203125 0.0265625 0.02734375