5 0.34140625 0.1484375 0.03828125 0.0390625
5 0.38125 0.19765625 0.02734375 0.0265625
5 0.865625 0.3578125 0.034375 0.0296875
5 0.409375 0.26796875 0.0203125 0.01953125
5 0.778125 0.58828125 0.03203125 0.02890625
5 0.415625 0.30546875 0.02265625 0.02265625
0 0.79296875 0.62890625 0.01875 0.0171875
5 0.559375 0.878125 0.025 0.02109375
5 0.6734375 0.91796875 0.02734375 0.03125
5 0.4484375 0.61953125 0.02265625 0.02265625
5 0.36953125 0.62421875 0.021875 0.0203125
5 0.49296875 0.4171875 0.01640625 0.0203125
5 0.47890625 0.4171875 0.015625 0.0171875
5 0.6515625 0.3265625 0.01953125 0.01875