0 0.50703125 0.615625 0.028125 0.02109375
0 0.48359375 0.63671875 0.0234375 0.0265625
0 0.45078125 0.6296875 0.02421875 0.01875
0 0.41015625 0.684375 0.02734375 0.028125
0 0.41328125 0.6140625 0.0234375 0.021875
0 0.49921875 0.5375 0.0296875 0.02578125
0 0.5765625 0.5328125 0.01875 0.01953125
0 0.62265625 0.5078125 0.02578125 0.02265625
0 0.67109375 0.48359375 0.02265625 0.025
0 0.47734375 0.45390625 0.02421875 0.0234375
0 0.51015625 0.4546875 0.02890625 0.02421875
0 0.51171875 0.49375 0.02109375 0.0234375
0 0.41953125 0.5828125 0.0296875 0.021875
0 0.5375 0.66796875 0.021875 0.0296875
0 0.62421875 0.609375 0.01875 0.02265625
0 0.36953125 0.45859375 0.0265625 0.02265625
0 0.371875 0.4890625 0.0234375 0.025
0 0.44140625 0.48984375 0.025 0.01875
0 0.584375 0.46875 0.03046875 0.03046875
0 0.5359375 0.5 0.01875 0.01796875
0 0.53359375 0.53828125 0.025 0.021875
0 0.26796875 0.64296875 0.02421875 0.0234375