4 0.4875 0.94609375 0.0359375 0.0328125
4 0.69765625 0.5296875 0.0578125 0.06640625
3 0.84453125 0.59609375 0.04140625 0.04453125
4 0.8734375 0.89609375 0.04140625 0.053125
3 0.403125 0.5 0.03515625 0.03984375
4 0.0546875 0.375 0.0359375 0.03671875
3 0.084375 0.1078125 0.05390625 0.06328125
3 0.76328125 0.2296875 0.0453125 0.0453125
3 0.2421875 0.38203125 0.04921875 0.046875
0 0.11171875 0.52421875 0.01484375 0.015625
0 0.1484375 0.49453125 0.015625 0.0171875
0 0.03046875 0.48984375 0.0109375 0.0125
0 0.0109375 0.56640625 0.0125 0.01796875
0 0.09609375 0.56875 0.015625 0.0125
0 0.11015625 0.60078125 0.0171875 0.01640625