5 0.43671875 0.8515625 0.01796875 0.025
5 0.540625 0.9140625 0.0296875 0.02578125
5 0.45390625 0.76015625 0.025 0.02734375
5 0.32890625 0.89140625 0.0203125 0.02421875
5 0.30078125 0.9203125 0.02265625 0.02265625
5 0.1109375 0.96328125 0.02421875 0.0203125
5 0.3921875 0.4328125 0.025 0.021875
5 0.4921875 0.53046875 0.01875 0.015625
5 0.46796875 0.38046875 0.02578125 0.02578125
5 0.4984375 0.38828125 0.02265625 0.0265625
5 0.128125 0.715625 0.0203125 0.015625
5 0.465625 0.21015625 0.0234375 0.02109375
5 0.490625 0.32890625 0.0171875 0.021875
5 0.31015625 0.28984375 0.02109375 0.028125
5 0.77578125 0.68203125 0.021875 0.025
5 0.74765625 0.55546875 0.0203125 0.025
5 0.7765625 0.50546875 0.01484375 0.0171875
5 0.578125 0.53984375 0.02890625 0.02109375