0 0.41015625 0.55625 0.02265625 0.0203125
0 0.29609375 0.56484375 0.0203125 0.01953125
0 0.2296875 0.6 0.01640625 0.015625
0 0.190625 0.6390625 0.01953125 0.01640625
0 0.17109375 0.68828125 0.01640625 0.01875
0 0.1203125 0.65234375 0.0140625 0.01328125
0 0.14765625 0.5453125 0.01796875 0.015625
0 0.1015625 0.6140625 0.0171875 0.01484375
0 0.09375 0.659375 0.015625 0.015625
0 0.1 0.71328125 0.01328125 0.0140625
0 0.42890625 0.6 0.0125 0.0140625
0 0.44375 0.6171875 0.0125 0.01640625
0 0.328125 0.5625 0.01640625 0.0171875
0 0.56953125 0.621875 0.02109375 0.01796875
0 0.17734375 0.5265625 0.015625 0.0140625
0 0.1984375 0.52890625 0.015625 0.0171875
0 0.17890625 0.603125 0.0171875 0.01484375
0 0.51953125 0.38125 0.021875 0.0171875
0 0.34765625 0.546875 0.0171875 0.015625
0 0.6375 0.58203125 0.01953125 0.0234375
0 0.63828125 0.6265625 0.01953125 0.01875
0 0.68671875 0.61875 0.01484375 0.0171875
0 0.753125 0.7015625 0.01875 0.01875
0 0.79765625 0.5984375 0.0171875 0.01796875
0 0.67265625 0.53671875 0.0203125 0.0203125
0 0.58671875 0.5265625 0.021875 0.02109375
3 0.31953125 0.40625 0.04296875 0.0390625