5 0.35078125 0.36875 0.015625 0.0234375
5 0.37890625 0.3734375 0.0109375 0.0265625
5 0.30546875 0.41328125 0.015625 0.0203125
5 0.3328125 0.459375 0.01875 0.0265625
5 0.44921875 0.46953125 0.025 0.0296875
5 0.3859375 0.49453125 0.0265625 0.0234375
5 0.44921875 0.553125 0.075 0.0390625
5 0.284375 0.578125 0.01875 0.0234375
5 0.4046875 0.6578125 0.0328125 0.0234375
5 0.43359375 0.67578125 0.01875 0.021875
5 0.48203125 0.68125 0.015625 0.028125
5 0.3984375 0.75 0.021875 0.021875
5 0.5140625 0.80390625 0.028125 0.03125
5 0.4296875 0.83515625 0.01875 0.015625
5 0.484375 0.86015625 0.0171875 0.021875
5 0.51171875 0.86796875 0.0265625 0.01875
5 0.5453125 0.12578125 0.01875 0.025
5 0.4953125 0.13984375 0.021875 0.0203125
5 0.53046875 0.20234375 0.0234375 0.0171875
5 0.31171875 0.22421875 0.028125 0.025
5 0.43671875 0.25 0.0203125 0.0171875
5 0.271875 0.26015625 0.0296875 0.03125
5 0.32734375 0.27734375 0.0203125 0.0296875