5 0.534375 0.71640625 0.021875 0.01953125
5 0.49609375 0.7078125 0.01640625 0.01875
5 0.484375 0.70390625 0.01484375 0.01875
5 0.4875 0.57734375 0.0203125 0.01875
5 0.61328125 0.8609375 0.021875 0.025
5 0.51875 0.9046875 0.01796875 0.02265625
5 0.4859375 0.75546875 0.02265625 0.0171875
5 0.459375 0.8125 0.01328125 0.01875
5 0.43515625 0.79453125 0.0171875 0.02109375
5 0.434375 0.821875 0.01640625 0.01875
5 0.37421875 0.72578125 0.01484375 0.01875
5 0.39296875 0.80546875 0.01484375 0.015625
5 0.3390625 0.809375 0.01328125 0.01484375
5 0.3375 0.8328125 0.0109375 0.0125
5 0.32421875 0.82421875 0.01171875 0.01328125
5 0.40234375 0.6859375 0.015625 0.0171875
5 0.62265625 0.6625 0.01796875 0.0203125
5 0.69140625 0.79375 0.015625 0.01953125
5 0.65 0.85390625 0.01875 0.02421875
5 0.86640625 0.79296875 0.0171875 0.0203125
5 0.59609375 0.79609375 0.01484375 0.01640625
3 0.71484375 0.73984375 0.046875 0.046875
3 0.97578125 0.32109375 0.0390625 0.04453125
0 0.546875 0.14296875 0.0140625 0.015625
5 0.72421875 0.4046875 0.01796875 0.015625
0 0.16953125 0.6328125 0.01796875 0.01953125
0 0.29140625 0.5703125 0.015625 0.015625
0 0.2734375 0.7890625 0.01875 0.01953125
0 0.2171875 0.83125 0.01484375 0.01875
0 0.26640625 0.56015625 0.01484375 0.01484375