5 0.7265625 0.2984375 0.0203125 0.02265625
5 0.63984375 0.303125 0.01953125 0.01484375
5 0.6875 0.31015625 0.021875 0.021875
5 0.55546875 0.378125 0.03359375 0.02265625
5 0.72890625 0.3921875 0.02421875 0.0171875
5 0.8109375 0.45234375 0.0125 0.01484375
5 0.76796875 0.471875 0.01484375 0.01328125
5 0.83125 0.62578125 0.01875 0.01328125
5 0.76640625 0.6296875 0.01640625 0.015625
5 0.71171875 0.63984375 0.0171875 0.0109375
5 0.6265625 0.67421875 0.0203125 0.01484375
5 0.70546875 0.703125 0.0140625 0.0125
5 0.76875 0.709375 0.01328125 0.0109375
5 0.66328125 0.71171875 0.009375 0.009375
5 0.6859375 0.7125 0.01484375 0.009375
5 0.725 0.7171875 0.01640625 0.0109375
5 0.75390625 0.7234375 0.01640625 0.0140625
5 0.6140625 0.7296875 0.01484375 0.01328125
5 0.625 0.73125 0.0203125 0.015625
5 0.77421875 0.7390625 0.01484375 0.0109375
5 0.70234375 0.7515625 0.0140625 0.00859375
5 0.746875 0.75703125 0.01484375 0.0109375
5 0.7375 0.76015625 0.0125 0.01328125
5 0.6015625 0.76640625 0.0171875 0.015625
5 0.7265625 0.771875 0.0140625 0.01171875
5 0.734375 0.7890625 0.0171875 0.009375
5 0.696875 0.79140625 0.01640625 0.01015625
5 0.66796875 0.7921875 0.01796875 0.01171875
5 0.6046875 0.809375 0.01796875 0.01328125
5 0.696875 0.815625 0.01171875 0.01015625
5 0.69765625 0.8265625 0.01640625 0.01328125
5 0.64375 0.83359375 0.01640625 0.0140625
5 0.67890625 0.84453125 0.015625 0.0109375
5 0.7859375 0.85 0.0125 0.01328125
5 0.62578125 0.85234375 0.01796875 0.01640625
5 0.64296875 0.88671875 0.01796875 0.01796875
5 0.6578125 0.8984375 0.01171875 0.00859375
5 0.51015625 0.93828125 0.01484375 0.0109375
5 0.521875 0.93828125 0.01171875 0.0109375
5 0.58359375 0.2203125 0.02578125 0.0140625
5 0.58984375 0.24921875 0.02890625 0.01328125
5 0.6484375 0.26328125 0.0203125 0.01484375
5 0.59453125 0.27578125 0.02578125 0.0265625