0 0.39296875 0.6078125 0.0265625 0.0265625
0 0.2484375 0.69375 0.02109375 0.025
0 0.57265625 0.61171875 0.02109375 0.02421875
0 0.6625 0.615625 0.0234375 0.02421875
0 0.68203125 0.61484375 0.01640625 0.025
0 0.63125 0.58125 0.02421875 0.0296875
0 0.7015625 0.55546875 0.01875 0.0203125
0 0.725 0.684375 0.028125 0.03203125
0 0.7921875 0.73671875 0.01953125 0.02421875
0 0.8484375 0.7390625 0.02109375 0.028125
0 0.821875 0.765625 0.0171875 0.021875
0 0.621875 0.73515625 0.02265625 0.0234375
0 0.66328125 0.7265625 0.01796875 0.02578125
0 0.59140625 0.68125 0.028125 0.0296875
0 0.66484375 0.66171875 0.02265625 0.025
0 0.69296875 0.69453125 0.02421875 0.025
0 0.421875 0.5984375 0.0328125 0.02734375
0 0.365625 0.56328125 0.02265625 0.028125
0 0.359375 0.6078125 0.0203125 0.0234375
0 0.328125 0.684375 0.02578125 0.02734375
0 0.3546875 0.74921875 0.021875 0.01875
0 0.275 0.77890625 0.03125 0.02578125
0 0.71875 0.46328125 0.0265625 0.03359375
0 0.6859375 0.471875 0.025 0.03203125
0 0.66484375 0.49140625 0.01796875 0.0171875
0 0.6796875 0.5328125 0.0171875 0.02421875
0 0.67109375 0.55546875 0.02578125 0.02578125
0 0.61015625 0.5671875 0.0234375 0.0265625
0 0.815625 0.584375 0.02421875 0.02578125
0 0.3671875 0.42578125 0.02890625 0.02890625
0 0.2796875 0.5390625 0.02265625 0.01953125
0 0.3515625 0.54609375 0.028125 0.03203125
0 0.44921875 0.52890625 0.02109375 0.01953125
0 0.50546875 0.59296875 0.02109375 0.0234375
0 0.5203125 0.628125 0.0265625 0.0265625
0 0.16640625 0.65078125 0.0265625 0.03203125
0 0.121875 0.57265625 0.021875 0.02265625
0 0.76171875 0.56953125 0.0203125 0.0265625