0 0.6609375 0.50390625 0.028125 0.03046875
0 0.62890625 0.5609375 0.0359375 0.02265625
0 0.4328125 0.58125 0.03125 0.0328125
0 0.3875 0.6296875 0.0328125 0.025
0 0.10390625 0.4859375 0.0375 0.03828125
0 0.27265625 0.47890625 0.03828125 0.03359375
0 0.2828125 0.40546875 0.03984375 0.01875
0 0.7171875 0.50859375 0.02109375 0.028125
0 0.69765625 0.546875 0.01484375 0.02109375
0 0.67734375 0.53671875 0.021875 0.0171875
0 0.6671875 0.58828125 0.021875 0.02578125
0 0.8078125 0.603125 0.0203125 0.01875
0 0.709375 0.5921875 0.01875 0.0171875
0 0.51875 0.52734375 0.0234375 0.0203125
0 0.49453125 0.5484375 0.01640625 0.01796875
0 0.47109375 0.5578125 0.021875 0.01328125
0 0.603125 0.55078125 0.01796875 0.01953125
0 0.57421875 0.49921875 0.02421875 0.02578125
0 0.15703125 0.50234375 0.02734375 0.021875
0 0.18515625 0.3953125 0.02265625 0.01953125
0 0.0578125 0.35546875 0.02734375 0.021875
0 0.07421875 0.33359375 0.02265625 0.01796875
0 0.175 0.675 0.02890625 0.03046875
0 0.7640625 0.57890625 0.0203125 0.0140625
0 0.91328125 0.76953125 0.02890625 0.021875
0 0.68828125 0.42578125 0.02109375 0.02734375
0 0.66796875 0.46484375 0.021875 0.0265625
0 0.60625 0.60234375 0.02421875 0.02109375
0 0.86328125 0.07578125 0.04765625 0.05078125
0 0.54609375 0.1890625 0.01953125 0.0171875