5 0.5140625 0.53828125 0.040625 0.03359375
5 0.57734375 0.6796875 0.03828125 0.03984375
5 0.76171875 0.4984375 0.03515625 0.04453125
5 0.79140625 0.59609375 0.04765625 0.0421875
5 0.84140625 0.721875 0.03515625 0.0375
5 0.84609375 0.6625 0.03203125 0.0375
5 0.5828125 0.41171875 0.021875 0.0328125
5 0.634375 0.36015625 0.0234375 0.02734375
5 0.70625 0.41640625 0.02734375 0.0234375
5 0.4578125 0.48359375 0.034375 0.02734375
5 0.421875 0.6 0.0296875 0.02421875
5 0.61640625 0.6 0.02109375 0.0234375
5 0.571875 0.61640625 0.02421875 0.02109375
5 0.76484375 0.66015625 0.021875 0.028125
5 0.87734375 0.415625 0.021875 0.02890625
5 0.915625 0.32265625 0.0265625 0.02734375
5 0.6296875 0.275 0.02734375 0.021875
5 0.590625 0.24921875 0.0265625 0.0234375
5 0.38671875 0.3953125 0.03203125 0.025
5 0.47578125 0.303125 0.03046875 0.028125
5 0.228125 0.58671875 0.0328125 0.02734375
5 0.14921875 0.65546875 0.034375 0.02890625
5 0.31875 0.6453125 0.021875 0.028125
5 0.4171875 0.5390625 0.02109375 0.02734375
5 0.33984375 0.5546875 0.0390625 0.03515625
5 0.3453125 0.68828125 0.034375 0.02734375
5 0.2015625 0.71015625 0.0328125 0.0296875
5 0.12265625 0.7078125 0.03203125 0.02578125
5 0.296875 0.60546875 0.03125 0.02265625
5 0.44375 0.559375 0.02734375 0.01875
5 0.484375 0.60234375 0.02578125 0.0203125
5 0.45546875 0.64921875 0.034375 0.02578125
5 0.59375 0.52265625 0.028125 0.0234375
5 0.81953125 0.553125 0.01953125 0.025
5 0.715625 0.2890625 0.02578125 0.0265625
5 0.83046875 0.2796875 0.028125 0.03203125
5 0.71015625 0.34140625 0.02109375 0.02265625
5 0.4671875 0.45234375 0.03046875 0.02265625
5 0.8015625 0.5203125 0.03046875 0.028125
5 0.81484375 0.47421875 0.02421875 0.02109375
5 0.734375 0.434375 0.01953125 0.015625
5 0.32265625 0.7890625 0.03046875 0.03125
5 0.2578125 0.76875 0.02578125 0.0296875
5 0.20859375 0.8515625 0.03203125 0.03359375
5 0.32890625 0.7609375 0.03203125 0.0203125
5 0.3546875 0.29375 0.02890625 0.02265625