0 0.3140625 0.5625 0.02578125 0.015625
0 0.29765625 0.59921875 0.025 0.0203125
0 0.45234375 0.53125 0.0265625 0.01953125
0 0.58984375 0.5546875 0.015625 0.01953125
0 0.5671875 0.5671875 0.02265625 0.02421875
0 0.58359375 0.62265625 0.021875 0.01640625
0 0.68671875 0.60390625 0.01484375 0.015625
0 0.621875 0.5171875 0.0171875 0.021875
0 0.60234375 0.5296875 0.0171875 0.02265625
0 0.54375 0.5078125 0.01953125 0.01875
0 0.44921875 0.471875 0.0171875 0.01953125
0 0.509375 0.4828125 0.0140625 0.01640625
0 0.4125 0.52109375 0.01875 0.01484375
0 0.409375 0.54609375 0.0171875 0.01640625
0 0.425 0.5546875 0.01015625 0.0140625
0 0.33984375 0.57421875 0.01796875 0.01640625
0 0.33203125 0.6 0.0109375 0.01171875
0 0.3796875 0.4640625 0.0125 0.01328125
0 0.3234375 0.4625 0.01796875 0.0140625
0 0.38671875 0.53125 0.01328125 0.01328125
0 0.38828125 0.5125 0.01171875 0.0140625
0 0.59453125 0.515625 0.01328125 0.0140625
0 0.6140625 0.4859375 0.00625 0.01328125
0 0.6390625 0.5015625 0.01171875 0.0171875
0 0.646875 0.48359375 0.01640625 0.0171875
0 0.6609375 0.5546875 0.021875 0.01875
0 0.640625 0.571875 0.01328125 0.0125
0 0.609375 0.5671875 0.01484375 0.0125
0 0.57890625 0.60390625 0.01328125 0.0171875
0 0.63828125 0.64375 0.015625 0.01171875
0 0.49296875 0.57578125 0.01328125 0.01484375
0 0.4921875 0.55859375 0.01328125 0.0109375
0 0.45859375 0.55625 0.0125 0.01640625
0 0.43359375 0.54375 0.009375 0.01484375
0 0.4359375 0.3796875 0.0140625 0.01171875
0 0.628125 0.4890625 0.009375 0.009375
0 0.59765625 0.4625 0.01015625 0.0125
0 0.53125 0.51953125 0.01015625 0.0125
0 0.6890625 0.5515625 0.0109375 0.01171875
0 0.66015625 0.52265625 0.01328125 0.0125
0 0.64296875 0.53125 0.01171875 0.01015625