2 0.5390625 0.74375 0.0640625 0.065625
3 0.71875 0.66796875 0.05390625 0.0484375
3 0.71484375 0.75234375 0.05859375 0.04453125
4 0.15078125 0.09765625 0.04375 0.05859375
4 0.27109375 0.121875 0.11171875 0.1734375
3 0.5796875 0.60390625 0.03828125 0.04765625
3 0.83671875 0.634375 0.0421875 0.04375
3 0.7890625 0.73671875 0.01875 0.04765625
3 0.85234375 0.71953125 0.0390625 0.05859375
3 0.3171875 0.5171875 0.04921875 0.05
3 0.0796875 0.03828125 0.0453125 0.0390625
3 0.15390625 0.1796875 0.06953125 0.06875