5 0.2765625 0.53828125 0.04140625 0.0359375
5 0.415625 0.36484375 0.03359375 0.0375
5 0.39921875 0.5046875 0.03125 0.03203125
5 0.39296875 0.6140625 0.03046875 0.03203125
5 0.4234375 0.62109375 0.02578125 0.02578125
5 0.7140625 0.325 0.03671875 0.0328125
5 0.609375 0.2796875 0.03828125 0.0296875
5 0.584375 0.42421875 0.0296875 0.034375
5 0.459375 0.3703125 0.0234375 0.028125
5 0.42421875 0.40859375 0.028125 0.03359375
5 0.69609375 0.60625 0.0203125 0.02265625
5 0.45859375 0.5375 0.02421875 0.02265625
5 0.65703125 0.57109375 0.03125 0.02421875
5 0.79296875 0.61640625 0.02421875 0.0203125
5 0.871875 0.58046875 0.0234375 0.02578125
5 0.88984375 0.446875 0.021875 0.025
5 0.24921875 0.415625 0.021875 0.02265625
5 0.49609375 0.578125 0.025 0.02890625