2 0.4765625 0.50078125 0.03046875 0.0546875
2 0.37265625 0.37109375 0.03515625 0.04140625
2 0.44921875 0.29140625 0.03046875 0.06953125
2 0.4 0.3390625 0.05078125 0.075
2 0.44296875 0.45078125 0.040625 0.08671875
2 0.37734375 0.43359375 0.02578125 0.0359375
2 0.38359375 0.5421875 0.03359375 0.084375
2 0.578125 0.28671875 0.03671875 0.06015625
2 0.56640625 0.36328125 0.03046875 0.0640625
2 0.3796875 0.63671875 0.0203125 0.06328125
2 0.40703125 0.69375 0.0234375 0.06953125
2 0.4375 0.72265625 0.03046875 0.065625
2 0.4734375 0.71875 0.03671875 0.08671875
2 0.440625 0.83125 0.03359375 0.13203125
2 0.3609375 0.765625 0.03359375 0.0359375
2 0.3578125 0.71171875 0.02734375 0.06328125
2 0.396875 0.8359375 0.03046875 0.0453125
2 0.365625 0.84140625 0.04921875 0.07578125
2 0.33828125 0.8375 0.03203125 0.06015625
2 0.31171875 0.80859375 0.03828125 0.06953125
2 0.3703125 0.92578125 0.04765625 0.08671875
2 0.396875 0.94609375 0.04765625 0.06015625
2 0.471875 0.3859375 0.0296875 0.0546875
2 0.43359375 0.5734375 0.03671875 0.07421875
2 0.45703125 0.6515625 0.0203125 0.0453125
2 0.43359375 0.6625 0.02890625 0.04375
2 0.4015625 0.7609375 0.0296875 0.0359375
2 0.3328125 0.70078125 0.02109375 0.03984375
2 0.496875 0.9015625 0.02421875 0.0390625
2 0.50703125 0.715625 0.02421875 0.04140625
2 0.49453125 0.6609375 0.03125 0.0390625
2 0.384375 0.7046875 0.02578125 0.05703125
2 0.56328125 0.221875 0.01953125 0.0453125
2 0.32890625 0.653125 0.02578125 0.04453125
2 0.30078125 0.73203125 0.0375 0.078125
2 0.40625 0.259375 0.02265625 0.046875
2 0.4265625 0.12734375 0.03515625 0.053125
2 0.49765625 0.2765625 0.02265625 0.0359375
2 0.4015625 0.653125 0.0203125 0.034375
2 0.34140625 0.95078125 0.01796875 0.03828125
2 0.3484375 0.9828125 0.01953125 0.03203125
2 0.30703125 0.65078125 0.02265625 0.03984375
2 0.46328125 0.190625 0.01953125 0.03671875
2 0.45546875 0.23515625 0.02578125 0.0390625
2 0.440625 0.77890625 0.0296875 0.03671875
2 0.3640625 0.48125 0.03046875 0.04453125
2 0.3859375 0.49375 0.0265625 0.0453125
2 0.4125 0.41328125 0.01953125 0.03828125
2 0.50390625 0.14375 0.02109375 0.0359375
2 0.5203125 0.178125 0.02578125 0.04140625
2 0.51796875 0.4109375 0.01953125 0.03359375
2 0.521875 0.3015625 0.0265625 0.03984375
2 0.47421875 0.5640625 0.03125 0.05
2 0.4171875 0.8078125 0.02265625 0.0359375
2 0.49140625 0.61484375 0.0140625 0.03125
2 0.36640625 0.59765625 0.02109375 0.034375
2 0.40546875 0.62421875 0.02265625 0.034375
2 0.4421875 0.38671875 0.028125 0.03984375
2 0.54140625 0.1796875 0.02109375 0.040625
2 0.43125 0.63046875 0.02578125 0.034375
2 0.390625 0.590625 0.02265625 0.03671875