0 0.5859375 0.496875 0.02109375 0.02265625
0 0.6265625 0.5015625 0.01796875 0.01875
0 0.665625 0.48828125 0.0234375 0.02421875
0 0.69453125 0.5015625 0.0203125 0.025
0 0.671875 0.534375 0.01953125 0.0203125
0 0.6234375 0.53515625 0.0234375 0.0203125
0 0.64453125 0.5828125 0.02109375 0.02265625
0 0.6796875 0.60234375 0.0203125 0.0203125
0 0.6296875 0.66015625 0.02890625 0.0234375
0 0.603125 0.684375 0.03125 0.02734375
0 0.571875 0.6796875 0.02734375 0.02734375
0 0.53203125 0.66875 0.02109375 0.0234375
0 0.53515625 0.62890625 0.0234375 0.021875
0 0.56484375 0.60703125 0.0203125 0.0234375
0 0.7421875 0.65625 0.01953125 0.01796875
0 0.8375 0.603125 0.01875 0.01953125
0 0.7578125 0.54765625 0.01875 0.01875
0 0.73359375 0.54765625 0.02109375 0.01953125
0 0.7265625 0.57109375 0.0171875 0.01640625
0 0.69140625 0.578125 0.0234375 0.01875
0 0.653125 0.7203125 0.02109375 0.01796875
0 0.53046875 0.73984375 0.0296875 0.02734375
0 0.85390625 0.72421875 0.01953125 0.01953125
0 0.8859375 0.7421875 0.01953125 0.01875
0 0.7984375 0.77578125 0.02578125 0.02578125
0 0.7359375 0.7640625 0.028125 0.021875
0 0.546875 0.55234375 0.0234375 0.0203125
0 0.5453125 0.509375 0.0203125 0.0203125
0 0.5328125 0.46640625 0.021875 0.02578125
0 0.70703125 0.40625 0.021875 0.0234375
0 0.47109375 0.40390625 0.02578125 0.0234375
0 0.3421875 0.48359375 0.02734375 0.02578125
0 0.4671875 0.71171875 0.02109375 0.02109375
0 0.44453125 0.7 0.01875 0.0203125
0 0.4796875 0.7390625 0.028125 0.025
0 0.44921875 0.75 0.0203125 0.0203125
0 0.6453125 0.7890625 0.02265625 0.02421875
0 0.209375 0.66640625 0.03515625 0.0296875
0 0.23046875 0.49140625 0.0328125 0.0296875
0 0.20703125 0.61640625 0.02421875 0.02421875
0 0.29140625 0.75859375 0.0234375 0.028125
0 0.48828125 0.56328125 0.02265625 0.02578125
0 0.4546875 0.59765625 0.0234375 0.02421875