5 0.29375 0.38359375 0.05703125 0.04765625
5 0.41171875 0.453125 0.04140625 0.03984375
5 0.08515625 0.4515625 0.0296875 0.0375
5 0.12890625 0.47421875 0.0234375 0.025
5 0.9546875 0.9015625 0.03125 0.0328125
5 0.8640625 0.84453125 0.03671875 0.03671875
5 0.93828125 0.72734375 0.03828125 0.04921875
5 0.81015625 0.75546875 0.03359375 0.04140625
5 0.86015625 0.73203125 0.028125 0.040625
5 0.5734375 0.4671875 0.04375 0.0390625
5 0.3515625 0.384375 0.04609375 0.03359375
5 0.4109375 0.59921875 0.0265625 0.02734375
5 0.378125 0.5875 0.021875 0.02578125
5 0.92578125 0.76875 0.02421875 0.0234375
5 0.1671875 0.6359375 0.02265625 0.028125
5 0.171875 0.5984375 0.025 0.01953125
5 0.12109375 0.65703125 0.02265625 0.0171875
5 0.11171875 0.709375 0.021875 0.02421875
5 0.1921875 0.67734375 0.02265625 0.02890625
5 0.48203125 0.74921875 0.0265625 0.02734375
5 0.0921875 0.540625 0.025 0.028125
5 0.09765625 0.63125 0.025 0.021875
5 0.3859375 0.6484375 0.0265625 0.0296875