0 0.51484375 0.31015625 0.0203125 0.028125
0 0.696875 0.3296875 0.021875 0.03828125
0 0.61015625 0.33203125 0.0203125 0.0328125
0 0.70234375 0.33203125 0.028125 0.03828125
0 0.528125 0.453125 0.0265625 0.03984375
0 0.590625 0.18203125 0.015625 0.02109375
0 0.4484375 0.19921875 0.02578125 0.034375
0 0.71484375 0.20390625 0.01640625 0.02421875
0 0.6078125 0.215625 0.01796875 0.03984375
0 0.696875 0.2296875 0.02421875 0.02421875
0 0.64453125 0.2375 0.01484375 0.02578125
0 0.6921875 0.2390625 0.0140625 0.0265625
0 0.4296875 0.24140625 0.01953125 0.0390625
0 0.4796875 0.24921875 0.025 0.0375
0 0.65859375 0.25546875 0.01640625 0.03515625
0 0.56171875 0.26484375 0.0234375 0.0359375
0 0.45625 0.26796875 0.02578125 0.03125
0 0.55 0.2859375 0.01640625 0.028125
0 0.575 0.2890625 0.0203125 0.02421875
0 0.465625 0.30078125 0.02421875 0.0296875