5 0.7609375 0.29296875 0.0265625 0.0203125
5 0.57421875 0.15546875 0.021875 0.0125
5 0.546875 0.15859375 0.025 0.021875
5 0.54375 0.20078125 0.021875 0.0125
5 0.5578125 0.20390625 0.0125 0.0125
5 0.49609375 0.2046875 0.015625 0.015625
5 0.51328125 0.20546875 0.015625 0.0125
5 0.5515625 0.21796875 0.0171875 0.0125
5 0.52578125 0.2234375 0.0125 0.015625
5 0.4859375 0.22734375 0.01875 0.0171875
5 0.6125 0.22890625 0.0203125 0.0171875
5 0.475 0.23359375 0.0203125 0.021875
5 0.56015625 0.2421875 0.0203125 0.0171875
5 0.525 0.2421875 0.0234375 0.0171875
5 0.53515625 0.253125 0.01875 0.0140625
5 0.5453125 0.25859375 0.0140625 0.0140625
5 0.61171875 0.2625 0.0203125 0.015625
5 0.50703125 0.2640625 0.0234375 0.0203125
5 0.64453125 0.2703125 0.021875 0.01875