0 0.19765625 0.61171875 0.01796875 0.01953125
0 0.18359375 0.58671875 0.02265625 0.021875
0 0.1953125 0.56484375 0.01640625 0.01796875
0 0.171875 0.55234375 0.015625 0.02265625
0 0.146875 0.54921875 0.0140625 0.01328125
0 0.2046875 0.50234375 0.01796875 0.01875
0 0.1484375 0.5015625 0.01796875 0.015625
0 0.15390625 0.5234375 0.01796875 0.01640625
0 0.2671875 0.56640625 0.02421875 0.02421875
0 0.31640625 0.58125 0.02109375 0.021875
0 0.35390625 0.58671875 0.021875 0.021875
0 0.3546875 0.61796875 0.0203125 0.0203125
0 0.30859375 0.5171875 0.02578125 0.02578125
0 0.2484375 0.4671875 0.0171875 0.01796875
0 0.25078125 0.490625 0.02265625 0.01796875
0 0.29375 0.465625 0.01875 0.0203125
0 0.3203125 0.45625 0.01953125 0.01953125
0 0.3171875 0.490625 0.01875 0.01875
0 0.34375 0.471875 0.0203125 0.0234375
0 0.37734375 0.67421875 0.0171875 0.01875
0 0.37421875 0.53828125 0.021875 0.02265625
0 0.3953125 0.51796875 0.021875 0.01875
0 0.390625 0.49609375 0.0203125 0.02265625
0 0.45859375 0.634375 0.02265625 0.0203125
0 0.3921875 0.59296875 0.01875 0.0234375
0 0.44453125 0.6078125 0.021875 0.025
0 0.43203125 0.58359375 0.0203125 0.01953125
0 0.4265625 0.53828125 0.02578125 0.02578125
0 0.3234375 0.39765625 0.02421875 0.0234375
0 0.21015625 0.4703125 0.02421875 0.021875
0 0.36875 0.384375 0.0234375 0.02265625
0 0.34609375 0.4140625 0.0234375 0.0265625
0 0.53984375 0.33828125 0.021875 0.021875
0 0.60703125 0.309375 0.01875 0.02421875
0 0.6046875 0.371875 0.02265625 0.02578125
0 0.57109375 0.4 0.02578125 0.025
0 0.60078125 0.4328125 0.02265625 0.0203125
0 0.56171875 0.475 0.02421875 0.021875
0 0.540625 0.5125 0.01875 0.01953125
0 0.52578125 0.6140625 0.0203125 0.021875
0 0.54375 0.6796875 0.0203125 0.0203125
0 0.56953125 0.6328125 0.01953125 0.02109375
0 0.6796875 0.8421875 0.025 0.02421875
0 0.696875 0.51015625 0.0203125 0.01953125
0 0.75625 0.546875 0.021875 0.021875
0 0.74375 0.5 0.0234375 0.0296875
0 0.7984375 0.45625 0.025 0.02890625
0 0.69609375 0.3609375 0.02265625 0.021875