0 0.23828125 0.471875 0.028125 0.0328125
0 0.19609375 0.46875 0.028125 0.028125
0 0.40859375 0.51015625 0.02890625 0.02734375
0 0.3515625 0.49296875 0.0328125 0.03125
0 0.3546875 0.5375 0.03125 0.0328125
0 0.3328125 0.596875 0.03046875 0.03125
0 0.27578125 0.55625 0.0296875 0.03046875
0 0.296875 0.59296875 0.025 0.03515625
0 0.27265625 0.6484375 0.02421875 0.02421875
0 0.21015625 0.665625 0.02890625 0.025
0 0.16171875 0.55234375 0.03359375 0.03828125
0 0.1671875 0.5203125 0.025 0.0234375
0 0.2109375 0.5390625 0.02265625 0.028125
0 0.23125 0.55625 0.0328125 0.03203125
0 0.68671875 0.5484375 0.0265625 0.03046875
0 0.54375 0.38515625 0.025 0.02421875
0 0.5296875 0.40546875 0.025 0.025
0 0.54375 0.43046875 0.028125 0.0234375
0 0.621875 0.33203125 0.02265625 0.02734375
0 0.42109375 0.39453125 0.0234375 0.028125
0 0.3953125 0.48125 0.02734375 0.02734375
0 0.41875 0.4625 0.0265625 0.025
0 0.15546875 0.6109375 0.02265625 0.02578125