0 0.55 0.721875 0.01796875 0.0203125
0 0.596875 0.7375 0.01640625 0.0140625
0 0.5921875 0.778125 0.0140625 0.01875
0 0.69453125 0.75078125 0.0140625 0.0140625
0 0.6796875 0.646875 0.01796875 0.0140625
0 0.70078125 0.6421875 0.02265625 0.01875
0 0.3328125 0.72890625 0.01875 0.01796875
0 0.32578125 0.815625 0.0171875 0.009375
0 0.54140625 0.671875 0.01484375 0.02265625
0 0.5828125 0.66015625 0.01484375 0.021875
0 0.51796875 0.6453125 0.0171875 0.01640625
0 0.5078125 0.68515625 0.0171875 0.01484375
0 0.25625 0.7125 0.02578125 0.01875
0 0.25546875 0.740625 0.0234375 0.01484375
0 0.5046875 0.60859375 0.015625 0.0203125
0 0.66640625 0.6109375 0.01875 0.0171875
0 0.61875 0.65390625 0.01953125 0.02109375
0 0.62265625 0.778125 0.009375 0.009375
0 0.6296875 0.79453125 0.01171875 0.01015625
0 0.5640625 0.69453125 0.015625 0.01875
0 0.6 0.709375 0.01953125 0.02421875
0 0.66796875 0.734375 0.0109375 0.015625
0 0.7015625 0.7296875 0.01640625 0.01796875
0 0.29453125 0.70234375 0.0125 0.01484375
0 0.36484375 0.68125 0.0140625 0.015625
0 0.36796875 0.66171875 0.01875 0.015625
0 0.4203125 0.66640625 0.0171875 0.01328125
0 0.45625 0.6671875 0.01796875 0.0140625
0 0.44765625 0.62890625 0.01875 0.01953125
0 0.61953125 0.58203125 0.01640625 0.0171875
0 0.6859375 0.671875 0.015625 0.015625
0 0.16953125 0.80625 0.015625 0.0125
0 0.11953125 0.82265625 0.015625 0.01640625
0 0.15390625 0.82734375 0.0171875 0.01484375
0 0.15859375 0.84609375 0.01796875 0.0140625
0 0.234375 0.83984375 0.0203125 0.01796875
0 0.52109375 0.4234375 0.02265625 0.0171875
0 0.503125 0.459375 0.01640625 0.02109375