2 0.83046875 0.3453125 0.08203125 0.07421875
2 0.90703125 0.3796875 0.0765625 0.08203125
2 0.959375 0.365625 0.0515625 0.07265625
2 0.41640625 0.05859375 0.0765625 0.05703125
2 0.50234375 0.3328125 0.0453125 0.06875
2 0.6109375 0.465625 0.03515625 0.04296875
2 0.59921875 0.5375 0.0515625 0.0625
2 0.77109375 0.63671875 0.071875 0.06015625
2 0.67421875 0.36796875 0.04140625 0.05078125
2 0.4671875 0.528125 0.08828125 0.08203125
2 0.41171875 0.471875 0.03359375 0.04296875
2 0.4015625 0.5390625 0.06015625 0.06015625
2 0.3546875 0.43984375 0.06328125 0.05703125
2 0.2859375 0.36875 0.071875 0.071875
2 0.22890625 0.4046875 0.04140625 0.05703125
2 0.23671875 0.459375 0.05703125 0.04453125
2 0.171875 0.4390625 0.053125 0.0546875
2 0.0625 0.56640625 0.0453125 0.05703125
2 0.17890625 0.621875 0.06171875 0.053125
2 0.284375 0.58671875 0.05859375 0.040625
2 0.31484375 0.6390625 0.05703125 0.04921875
2 0.3921875 0.6390625 0.06796875 0.05078125
2 0.46796875 0.62578125 0.06328125 0.0375
2 0.5953125 0.60859375 0.0765625 0.03515625
2 0.57890625 0.64765625 0.078125 0.05078125
2 0.5140625 0.7484375 0.08515625 0.053125
2 0.44453125 0.71484375 0.0484375 0.0390625
2 0.5515625 0.85234375 0.096875 0.0796875
2 0.621875 0.75390625 0.05 0.04140625
2 0.725 0.7515625 0.09296875 0.02890625
2 0.8796875 0.8703125 0.096875 0.06640625
2 0.83046875 0.80078125 0.08828125 0.06015625
2 0.67421875 0.5828125 0.06484375 0.05625
2 0.7625 0.56953125 0.08203125 0.0640625
2 0.8765625 0.53203125 0.11328125 0.0953125
2 0.36796875 0.73515625 0.06015625 0.053125
2 0.178125 0.6828125 0.0203125 0.01953125
2 0.17890625 0.525 0.06796875 0.0640625
2 0.0921875 0.51328125 0.06484375 0.0625
2 0.6390625 0.20859375 0.075 0.06015625
2 0.6703125 0.2625 0.06328125 0.071875
2 0.5734375 0.390625 0.0796875 0.04453125
2 0.353125 0.17265625 0.05703125 0.0375
2 0.3140625 0.196875 0.0546875 0.03515625
2 0.9765625 0.8890625 0.04296875 0.04296875
2 0.79296875 0.209375 0.0734375 0.04140625
2 0.80234375 0.259375 0.078125 0.04921875
2 0.784375 0.30625 0.08203125 0.05703125
2 0.77578125 0.45234375 0.06484375 0.04296875
2 0.7296875 0.396875 0.06328125 0.0453125
2 0.671875 0.434375 0.06640625 0.0453125
2 0.946875 0.79609375 0.0796875 0.0609375
2 0.6625 0.8046875 0.04140625 0.03359375
2 0.5828125 0.1046875 0.05859375 0.0453125
2 0.49609375 0.271875 0.08203125 0.04140625
2 0.5171875 0.69375 0.06484375 0.040625
2 0.459375 0.671875 0.06484375 0.05234375
2 0.240625 0.1671875 0.08203125 0.05859375
2 0.44765625 0.82265625 0.0515625 0.04921875
2 0.72890625 0.66171875 0.06484375 0.04140625
2 0.7890625 0.88984375 0.0515625 0.05078125