5 0.44140625 0.45703125 0.03828125 0.040625
5 0.51875 0.44140625 0.03046875 0.0328125
3 0.22421875 0.93984375 0.04296875 0.03515625
3 0.14296875 0.9625 0.04140625 0.04140625
5 0.7828125 0.20234375 0.028125 0.01953125
5 0.7515625 0.23125 0.0203125 0.01875
5 0.83515625 0.30234375 0.02109375 0.01640625
5 0.8359375 0.0453125 0.02421875 0.02421875
5 0.88046875 0.009375 0.021875 0.01796875
5 0.50546875 0.3828125 0.01328125 0.01640625
5 0.58046875 0.290625 0.0234375 0.01875
5 0.7796875 0.315625 0.02109375 0.01796875
5 0.78984375 0.39609375 0.0140625 0.01484375
5 0.14375 0.1671875 0.015625 0.0140625
5 0.234375 0.19921875 0.01796875 0.0234375
5 0.284375 0.24375 0.015625 0.01640625