5 0.4765625 0.7296875 0.065625 0.06796875
5 0.48125 0.07890625 0.03515625 0.04140625
5 0.33203125 0.4171875 0.0328125 0.03359375
0 0.6375 0.8765625 0.03359375 0.0328125
0 0.51875 0.8484375 0.01796875 0.01796875
0 0.490625 0.8234375 0.01640625 0.01875
0 0.48046875 0.853125 0.01328125 0.01875
0 0.47109375 0.7953125 0.01484375 0.0171875
0 0.4828125 0.92890625 0.015625 0.01875
0 0.26953125 0.76640625 0.01796875 0.0171875
0 0.41015625 0.75234375 0.015625 0.0171875
0 0.28125 0.5421875 0.03671875 0.0375
0 0.171875 0.78359375 0.0203125 0.01875
0 0.10234375 0.78203125 0.0203125 0.01640625
0 0.078125 0.92265625 0.02109375 0.01953125
0 0.02265625 0.89296875 0.02109375 0.01953125