5 0.1125 0.0390625 0.025 0.02578125
5 0.3234375 0.10234375 0.02421875 0.02265625
5 0.39921875 0.03203125 0.01875 0.01875
5 0.47421875 0.11328125 0.0265625 0.02578125
5 0.7078125 0.11171875 0.02421875 0.02109375
5 0.7203125 0.07890625 0.0265625 0.02265625
5 0.41640625 0.228125 0.02890625 0.02265625
5 0.46328125 0.28359375 0.025 0.02734375
5 0.6234375 0.24609375 0.0265625 0.02421875
5 0.26640625 0.26015625 0.03046875 0.02734375
5 0.3546875 0.28984375 0.02421875 0.0203125
5 0.578125 0.30546875 0.02421875 0.02578125
5 0.37578125 0.09375 0.0171875 0.0171875
5 0.4875 0.340625 0.01796875 0.01796875
5 0.35703125 0.35390625 0.01875 0.02578125
5 0.30703125 0.35859375 0.02265625 0.01796875
5 0.21640625 0.3453125 0.028125 0.0328125
5 0.175 0.32578125 0.02734375 0.02890625
5 0.63984375 0.36171875 0.03359375 0.02890625
5 0.54609375 0.42734375 0.0265625 0.02734375
5 0.39609375 0.41484375 0.0265625 0.0234375
5 0.32890625 0.39765625 0.0203125 0.02109375
5 0.4 0.3703125 0.0203125 0.0234375
5 0.5203125 0.44765625 0.01875 0.02421875
5 0.45703125 0.4546875 0.0203125 0.0234375
5 0.32421875 0.4640625 0.01796875 0.0171875
5 0.375 0.471875 0.01796875 0.01796875
5 0.3609375 0.50625 0.0171875 0.01953125
5 0.3796875 0.490625 0.01875 0.01875
5 0.4828125 0.50234375 0.02578125 0.02890625
5 0.5140625 0.5625 0.0265625 0.02890625
5 0.425 0.51640625 0.02421875 0.021875
5 0.36953125 0.571875 0.025 0.03046875
5 0.27578125 0.5703125 0.02265625 0.0234375
5 0.37421875 0.665625 0.025 0.02109375
5 0.37265625 0.696875 0.02109375 0.02578125
5 0.221875 0.615625 0.02109375 0.02578125
5 0.18671875 0.73046875 0.0234375 0.0265625
5 0.315625 0.77109375 0.01640625 0.02109375
5 0.3234375 0.8015625 0.025 0.02421875
5 0.17890625 0.76875 0.02265625 0.02109375
5 0.22421875 0.8015625 0.0203125 0.01796875
5 0.1328125 0.8078125 0.0234375 0.02265625
5 0.71015625 0.6703125 0.021875 0.0234375
5 0.67890625 0.69375 0.03046875 0.03671875
5 0.2421875 0.9765625 0.02109375 0.0265625
5 0.2015625 0.9921875 0.01953125 0.01484375
5 0.18046875 0.925 0.0234375 0.02421875
5 0.1890625 0.86796875 0.0203125 0.02265625
5 0.16328125 0.853125 0.025 0.028125