0 0.496875 0.4234375 0.03359375 0.02578125
0 0.45625 0.46640625 0.02109375 0.025
0 0.28671875 0.49140625 0.02109375 0.01953125
0 0.428125 0.49140625 0.0296875 0.02578125
0 0.24765625 0.56640625 0.02109375 0.02109375
0 0.2546875 0.521875 0.0171875 0.0203125
0 0.20859375 0.52734375 0.02421875 0.02265625
0 0.35078125 0.63828125 0.02578125 0.02109375
0 0.225 0.6921875 0.01953125 0.01953125
0 0.334375 0.7203125 0.0203125 0.021875
0 0.484375 0.49921875 0.0203125 0.0265625
0 0.44921875 0.39609375 0.02265625 0.0234375
0 0.47109375 0.36484375 0.0203125 0.01875
0 0.50234375 0.290625 0.0203125 0.02265625
0 0.35625 0.42109375 0.0203125 0.0203125
0 0.228125 0.4765625 0.02578125 0.0171875
0 0.80859375 0.5015625 0.015625 0.01796875
0 0.5 0.59296875 0.015625 0.01796875
0 0.375 0.53984375 0.01953125 0.01171875
0 0.38203125 0.56015625 0.021875 0.02109375
0 0.328125 0.559375 0.02265625 0.021875
0 0.28671875 0.69765625 0.01875 0.01875
0 0.4359375 0.6015625 0.01875 0.01875
0 0.678125 0.48359375 0.01640625 0.02265625
0 0.69609375 0.5453125 0.02109375 0.02421875
0 0.58984375 0.46484375 0.0265625 0.02421875
0 0.48828125 0.2640625 0.0203125 0.01953125
0 0.34921875 0.3953125 0.021875 0.01640625
0 0.390625 0.36953125 0.025 0.02265625
0 0.43046875 0.44140625 0.025 0.02265625
0 0.13046875 0.68046875 0.01953125 0.0203125