0 0.57421875 0.56171875 0.01796875 0.01796875
0 0.5921875 0.52890625 0.01640625 0.01796875
0 0.6421875 0.52578125 0.01640625 0.0171875
0 0.53671875 0.57890625 0.021875 0.01875
0 0.4984375 0.55703125 0.01796875 0.0171875
0 0.5921875 0.5875 0.015625 0.01484375
0 0.5703125 0.590625 0.01640625 0.0171875
0 0.403125 0.61171875 0.01875 0.01953125
0 0.47578125 0.6484375 0.01953125 0.01953125
0 0.28671875 0.5671875 0.021875 0.02265625
0 0.3 0.53515625 0.01796875 0.01796875
0 0.3578125 0.58125 0.01796875 0.0171875
0 0.321875 0.58359375 0.01875 0.01640625
0 0.42890625 0.5796875 0.015625 0.015625
0 0.3859375 0.66796875 0.01875 0.01953125
0 0.3828125 0.70390625 0.015625 0.01875
0 0.3546875 0.65703125 0.0171875 0.0203125
0 0.3640625 0.609375 0.021875 0.025
0 0.56875 0.63359375 0.01640625 0.02265625
0 0.54375 0.6765625 0.01640625 0.01953125
0 0.51640625 0.678125 0.01796875 0.01875
0 0.53359375 0.69921875 0.01953125 0.01875
0 0.63046875 0.75 0.0203125 0.021875
0 0.5 0.72421875 0.01484375 0.0171875
0 0.31328125 0.55859375 0.01796875 0.01640625
0 0.2484375 0.43203125 0.01875 0.0203125
0 0.27890625 0.44765625 0.01796875 0.01875
0 0.27578125 0.48125 0.01875 0.0171875
0 0.22578125 0.4734375 0.01796875 0.01796875
0 0.17890625 0.4125 0.02109375 0.01875
0 0.12734375 0.4890625 0.02109375 0.01875
0 0.24296875 0.59765625 0.0203125 0.01953125
0 0.46328125 0.57578125 0.01796875 0.02421875
3 0.51171875 0.45 0.096875 0.09140625
0 0.3359375 0.5703125 0.01640625 0.015625