5 0.35078125 0.546875 0.0234375 0.0203125
5 0.4984375 0.55859375 0.0234375 0.0203125
5 0.52421875 0.6125 0.03125 0.0203125
5 0.45859375 0.69140625 0.0265625 0.015625
5 0.44375 0.70546875 0.0234375 0.01875
5 0.40859375 0.734375 0.0296875 0.0171875
5 0.38046875 0.74296875 0.021875 0.0125
5 0.5203125 0.746875 0.0390625 0.028125
5 0.39609375 0.771875 0.0296875 0.025
5 0.48515625 0.853125 0.0265625 0.0171875
5 0.61875 0.909375 0.021875 0.025
5 0.64140625 0.91484375 0.0296875 0.01875
5 0.51484375 0.9171875 0.0234375 0.01875
5 0.61328125 0.93359375 0.021875 0.01875