0 0.91875 0.21171875 0.03125 0.03046875
5 0.34296875 0.7765625 0.0203125 0.02109375
5 0.34921875 0.925 0.0203125 0.01953125
5 0.24296875 0.76171875 0.02421875 0.0203125
5 0.0453125 0.80390625 0.02421875 0.01953125
5 0.3046875 0.8921875 0.02109375 0.01953125
5 0.31328125 0.85625 0.0203125 0.021875
5 0.42734375 0.51875 0.0171875 0.01953125
5 0.30078125 0.0703125 0.01875 0.02109375
3 0.9046875 0.57421875 0.07734375 0.1015625
5 0.26875 0.03515625 0.02421875 0.01953125
5 0.0390625 0.0546875 0.01953125 0.0234375
5 0.08828125 0.04375 0.01796875 0.02109375