2 0.1546875 0.303125 0.03671875 0.03984375
2 0.18125 0.303125 0.046875 0.0359375
2 0.184375 0.33203125 0.05625 0.0484375
2 0.19375 0.3796875 0.05625 0.046875
2 0.13203125 0.38828125 0.06171875 0.03828125
2 0.13125 0.44375 0.05390625 0.0421875
2 0.13515625 0.48359375 0.06171875 0.05546875
2 0.14609375 0.51015625 0.04453125 0.0375
2 0.12109375 0.540625 0.03984375 0.03125
2 0.165625 0.54140625 0.0640625 0.0375
2 0.1578125 0.56328125 0.04453125 0.046875
2 0.19296875 0.56953125 0.04921875 0.03515625
2 0.10546875 0.59140625 0.05703125 0.0359375
2 0.11484375 0.66484375 0.0515625 0.03125
2 0.1484375 0.63359375 0.07421875 0.04453125
2 0.15546875 0.66875 0.034375 0.053125
2 0.19765625 0.66875 0.059375 0.0359375
2 0.21328125 0.77109375 0.06171875 0.07109375
2 0.3265625 0.5625 0.05625 0.0578125
2 0.3734375 0.59140625 0.0765625 0.053125
2 0.41640625 0.57109375 0.04921875 0.03125
2 0.36796875 0.6203125 0.0296875 0.02265625
2 0.421875 0.665625 0.04453125 0.0421875
2 0.2875 0.6453125 0.06640625 0.0375
2 0.2640625 0.71328125 0.0296875 0.03984375
2 0.30859375 0.72890625 0.059375 0.06640625
2 0.36171875 0.7765625 0.071875 0.046875
2 0.27890625 0.815625 0.04921875 0.03984375
2 0.3171875 0.82890625 0.05703125 0.07109375
2 0.43671875 0.75234375 0.059375 0.08203125
2 0.52734375 0.73515625 0.06875 0.04453125
2 0.44140625 0.8953125 0.07890625 0.0359375
2 0.4625 0.93046875 0.05625 0.053125
2 0.5265625 0.890625 0.05625 0.06171875
2 0.3 0.30546875 0.046875 0.0578125
2 0.25390625 0.3 0.059375 0.06875
2 0.228125 0.24453125 0.05625 0.06015625
2 0.253125 0.1890625 0.05625 0.046875
2 0.28984375 0.12890625 0.03671875 0.0375
2 0.3375 0.20234375 0.04921875 0.046875
2 0.39609375 0.2 0.04140625 0.0375
2 0.4828125 0.16796875 0.04921875 0.053125
2 0.4921875 0.22734375 0.0515625 0.03984375
2 0.5671875 0.20078125 0.04453125 0.0484375
2 0.54375 0.25234375 0.06171875 0.03515625
2 0.634375 0.1625 0.046875 0.0375
2 0.6375 0.1203125 0.05625 0.05078125
2 0.6484375 0.203125 0.04921875 0.0359375
2 0.6578125 0.26640625 0.04453125 0.0375
2 0.67421875 0.62109375 0.0515625 0.046875
2 0.7046875 0.57578125 0.04921875 0.04453125