3 0.5015625 0.565625 0.02578125 0.02578125
3 0.55859375 0.74453125 0.01953125 0.01796875
3 0.67578125 0.52890625 0.02421875 0.0234375
3 0.68515625 0.78125 0.021875 0.02265625
4 0.371875 0.97734375 0.01875 0.0171875
3 0.7953125 0.61953125 0.01875 0.01875
5 0.73046875 0.59296875 0.015625 0.0171875
5 0.64375 0.22109375 0.009375 0.01015625
5 0.66328125 0.18671875 0.01328125 0.0125
5 0.68984375 0.215625 0.0109375 0.0125
5 0.6328125 0.2734375 0.01328125 0.0140625
5 0.85546875 0.3359375 0.0109375 0.01328125
5 0.21953125 0.1546875 0.015625 0.0140625
5 0.19921875 0.1546875 0.01328125 0.01328125
5 0.39375 0.0921875 0.0125 0.01015625
5 0.384375 0.1078125 0.009375 0.01015625
5 0.36796875 0.09921875 0.01015625 0.009375
5 0.28515625 0.13125 0.0125 0.01015625
5 0.10078125 0.0453125 0.01328125 0.01328125
5 0.15546875 0.0484375 0.00859375 0.0078125
5 0.10078125 0.0140625 0.0109375 0.01171875
5 0.07421875 0.040625 0.00859375 0.01015625
5 0.065625 0.04453125 0.009375 0.0078125
5 0.07734375 0.07265625 0.0078125 0.00703125
5 0.1 0.08203125 0.009375 0.00703125
5 0.09453125 0.08828125 0.0078125 0.0078125
5 0.0546875 0.08125 0.009375 0.0078125
5 0.05703125 0.1015625 0.009375 0.0078125
5 0.025 0.06484375 0.00703125 0.009375
5 0.0296875 0.08984375 0.00859375 0.00703125
5 0.05859375 0.02890625 0.0078125 0.0078125
5 0.05 0.02421875 0.00859375 0.00859375
5 0.12890625 0.06171875 0.00703125 0.009375
5 0.1234375 0.1234375 0.01015625 0.01015625
3 0.04609375 0.1578125 0.02421875 0.02265625
3 0.22734375 0.2109375 0.01640625 0.01640625
3 0.8203125 0.8046875 0.0171875 0.01796875
3 0.67890625 0.8703125 0.021875 0.02421875
5 0.234375 0.9015625 0.009375 0.009375
5 0.240625 0.9140625 0.01015625 0.0109375
5 0.4 0.78203125 0.009375 0.01015625