5 0.4625 0.30546875 0.025 0.0203125
5 0.2453125 0.35546875 0.0234375 0.028125
5 0.196875 0.35625 0.0265625 0.028125
5 0.2875 0.375 0.0296875 0.0296875
5 0.18984375 0.42578125 0.021875 0.0359375
5 0.19765625 0.525 0.03125 0.0328125
5 0.196875 0.5703125 0.0296875 0.0265625
5 0.2265625 0.60625 0.015625 0.0171875
5 0.33671875 0.61796875 0.0296875 0.03125
5 0.28984375 0.64375 0.01875 0.0234375
5 0.39140625 0.653125 0.0390625 0.03125
5 0.2875 0.66953125 0.0171875 0.0203125
5 0.26796875 0.67890625 0.0265625 0.028125
5 0.31796875 0.6828125 0.0234375 0.0203125
5 0.37734375 0.6953125 0.0234375 0.01875
5 0.34921875 0.70078125 0.025 0.025
5 0.240625 0.703125 0.0265625 0.0265625
5 0.1625 0.72734375 0.028125 0.03125
5 0.46171875 0.7859375 0.0375 0.015625
5 0.4671875 0.2265625 0.03125 0.021875
5 0.53203125 0.26328125 0.028125 0.0171875
5 0.49609375 0.27578125 0.0234375 0.03125