5 0.5375 0.30546875 0.025 0.0203125
5 0.7546875 0.35546875 0.0234375 0.028125
5 0.803125 0.35625 0.0265625 0.028125
5 0.7125 0.375 0.0296875 0.0296875
5 0.81015625 0.42578125 0.021875 0.0359375
5 0.80234375 0.525 0.03125 0.0328125
5 0.803125 0.5703125 0.0296875 0.0265625
5 0.7734375 0.60625 0.015625 0.0171875
5 0.66328125 0.61796875 0.0296875 0.03125
5 0.71015625 0.64375 0.01875 0.0234375
5 0.60859375 0.653125 0.0390625 0.03125
5 0.7125 0.66953125 0.0171875 0.0203125
5 0.73203125 0.67890625 0.0265625 0.028125
5 0.68203125 0.6828125 0.0234375 0.0203125
5 0.62265625 0.6953125 0.0234375 0.01875
5 0.65078125 0.70078125 0.025 0.025
5 0.759375 0.703125 0.0265625 0.0265625
5 0.8375 0.72734375 0.028125 0.03125
5 0.53828125 0.7859375 0.0359375 0.015625
5 0.5328125 0.2265625 0.03125 0.021875
5 0.46796875 0.26328125 0.0296875 0.0171875
5 0.50390625 0.27578125 0.0234375 0.03125