4 0.35 0.659375 0.01796875 0.03203125
4 0.31875 0.71328125 0.02265625 0.02734375
4 0.3546875 0.7375 0.02421875 0.02109375
4 0.3640625 0.72109375 0.02421875 0.02578125
4 0.53515625 0.71796875 0.02734375 0.0328125
4 0.4703125 0.61796875 0.02578125 0.02421875
4 0.45625 0.6328125 0.02890625 0.03984375
4 0.47890625 0.79453125 0.01953125 0.03203125
4 0.490625 0.7875 0.01640625 0.0234375
4 0.659375 0.7140625 0.025 0.03046875
4 0.37265625 0.63828125 0.021875 0.02734375
3 0.32265625 0.5453125 0.02421875 0.03046875