0 0.81796875 0.46640625 0.040625 0.0296875
0 0.409375 0.53359375 0.015625 0.02265625
0 0.375 0.50625 0.0234375 0.02265625
0 0.44296875 0.515625 0.025 0.02734375
0 0.48828125 0.56640625 0.02421875 0.02265625
0 0.49765625 0.62578125 0.0234375 0.0203125
0 0.3546875 0.61640625 0.01953125 0.02578125
0 0.38671875 0.60859375 0.01796875 0.021875
0 0.3 0.38046875 0.0265625 0.02421875
0 0.2734375 0.434375 0.02734375 0.02109375
0 0.3140625 0.4765625 0.025 0.01796875
0 0.359375 0.4546875 0.02109375 0.02578125