5 0.78359375 0.321875 0.03359375 0.03359375
5 0.80546875 0.3390625 0.02890625 0.03359375
5 0.74375 0.3484375 0.03125 0.02890625
5 0.8015625 0.3734375 0.040625 0.0265625
5 0.7234375 0.37734375 0.03359375 0.02890625
5 0.765625 0.38203125 0.0359375 0.03359375
5 0.4703125 0.50390625 0.03125 0.0359375
5 0.7875 0.57578125 0.040625 0.03125
5 0.66015625 0.584375 0.05078125 0.04296875
5 0.82109375 0.6046875 0.0359375 0.0359375
5 0.5921875 0.7140625 0.040625 0.03828125
5 0.725 0.21484375 0.0453125 0.040625