5 0.47890625 0.7125 0.04765625 0.04453125
5 0.4359375 0.36015625 0.0390625 0.03125
5 0.303125 0.35078125 0.0421875 0.02734375
5 0.2578125 0.390625 0.03359375 0.0359375
5 0.3140625 0.475 0.028125 0.02890625
5 0.24296875 0.46640625 0.02578125 0.02421875
5 0.4953125 0.64765625 0.0359375 0.02734375
5 0.43203125 0.62734375 0.03515625 0.03046875
5 0.52890625 0.2578125 0.0296875 0.02734375
5 0.65625 0.73046875 0.040625 0.0359375
3 0.35234375 0.87734375 0.0484375 0.04765625
5 0.82421875 0.5171875 0.034375 0.03671875
5 0.57578125 0.5234375 0.03203125 0.0375