5 0.66953125 0.67109375 0.0328125 0.028125
5 0.60390625 0.6609375 0.03671875 0.0328125
5 0.5578125 0.68046875 0.03203125 0.03046875
5 0.55703125 0.6359375 0.02734375 0.02734375
5 0.44375 0.39375 0.03671875 0.04375
5 0.546875 0.284375 0.040625 0.046875
5 0.871875 0.6203125 0.03125 0.0390625
5 0.8984375 0.7125 0.03046875 0.03203125
5 0.878125 0.759375 0.0359375 0.03125
5 0.8296875 0.82109375 0.0359375 0.034375
5 0.784375 0.85859375 0.0390625 0.046875
5 0.715625 0.8953125 0.0328125 0.0359375
5 0.7765625 0.48125 0.03828125 0.04296875
5 0.75703125 0.575 0.028125 0.0359375
5 0.69375 0.54140625 0.0234375 0.02890625
5 0.20703125 0.2515625 0.034375 0.0328125
5 0.14296875 0.184375 0.0390625 0.03359375
5 0.08828125 0.2671875 0.03671875 0.03515625
5 0.4140625 0.065625 0.0234375 0.03203125
5 0.49609375 0.153125 0.0296875 0.0265625