3 0.66640625 0.54453125 0.03671875 0.03515625
3 0.38515625 0.6046875 0.025 0.0296875
3 0.4671875 0.6671875 0.0359375 0.03515625
3 0.58671875 0.81484375 0.02265625 0.02734375
3 0.1359375 0.103125 0.0359375 0.0453125
3 0.653125 0.978125 0.02578125 0.02109375
3 0.93984375 0.9671875 0.0234375 0.025
4 0.8984375 0.95625 0.021875 0.01953125
5 0.75703125 0.80703125 0.0171875 0.0171875
5 0.78203125 0.58203125 0.015625 0.01484375
5 0.73828125 0.52734375 0.01875 0.01484375
5 0.83828125 0.84375 0.0140625 0.0171875
5 0.90234375 0.91796875 0.01484375 0.01484375
5 0.74140625 0.8265625 0.0140625 0.0125
5 0.65625 0.88828125 0.00859375 0.00859375
5 0.68671875 0.73359375 0.0109375 0.0109375
5 0.77265625 0.853125 0.0109375 0.0109375
5 0.8046875 0.884375 0.00859375 0.009375
5 0.6921875 0.6359375 0.01171875 0.00859375
5 0.690625 0.71328125 0.01015625 0.01015625
4 0.515625 0.396875 0.01484375 0.01640625
3 0.48359375 0.43125 0.03125 0.02421875
3 0.475 0.48828125 0.0328125 0.0296875
4 0.37265625 0.478125 0.0171875 0.0171875
5 0.21328125 0.1796875 0.0125 0.0140625
5 0.165625 0.17421875 0.01328125 0.01328125
0 0.30390625 0.090625 0.01015625 0.0109375
4 0.6671875 0.58203125 0.015625 0.01484375
5 0.846875 0.69921875 0.0125 0.0125
4 0.68203125 0.040625 0.01953125 0.0171875
3 0.3875 0.309375 0.040625 0.03984375