4 0.9375 0.2296875 0.04453125 0.08046875
4 0.65390625 0.23203125 0.0578125 0.08515625
2 0.18515625 0.3484375 0.13828125 0.16484375
4 0.6671875 0.4109375 0.0671875 0.0890625
4 0.97109375 0.42890625 0.05390625 0.07109375
4 0.3328125 0.43046875 0.0578125 0.09375
4 0.35234375 0.5046875 0.05390625 0.07109375
4 0.31484375 0.55390625 0.0625 0.08046875
4 0.359375 0.62265625 0.09375 0.07109375
4 0.484375 0.65625 0.07109375 0.08515625
4 0.56484375 0.65859375 0.08046875 0.08515625
4 0.5421875 0.7546875 0.0578125 0.0671875
4 0.640625 0.9484375 0.0671875 0.08515625