3 0.55859375 0.50390625 0.0734375 0.071875
3 0.35625 0.271875 0.040625 0.0453125
3 0.62109375 0.36953125 0.05 0.04140625
3 0.48125 0.34765625 0.02734375 0.02890625
3 0.8703125 0.659375 0.04375 0.05
3 0.83359375 0.30078125 0.03984375 0.04453125
3 0.7921875 0.53046875 0.03828125 0.040625
3 0.71484375 0.33828125 0.0453125 0.0484375
0 0.3171875 0.44296875 0.021875 0.02421875
3 0.53046875 0.44453125 0.0375 0.03515625
3 0.484375 0.440625 0.03359375 0.0359375
3 0.06796875 0.16484375 0.02578125 0.03125
3 0.8453125 0.7875 0.03046875 0.0328125