5 0.40234375 0.30234375 0.0203125 0.015625
5 0.49765625 0.3328125 0.025 0.021875
5 0.35859375 0.33828125 0.0296875 0.015625
5 0.3296875 0.5578125 0.015625 0.0203125
5 0.265625 0.559375 0.028125 0.0203125
5 0.35703125 0.66171875 0.0328125 0.0265625
5 0.3328125 0.68984375 0.03125 0.0234375
5 0.41171875 0.690625 0.0234375 0.028125
5 0.34296875 0.80234375 0.0328125 0.0203125
5 0.590625 0.92734375 0.03125 0.028125
5 0.5421875 0.94296875 0.028125 0.0203125
5 0.475 0.2359375 0.0296875 0.025
5 0.4109375 0.25859375 0.0265625 0.025
5 0.51171875 0.2796875 0.0234375 0.0234375
5 0.64765625 0.28203125 0.03125 0.0203125