5 0.47734375 0.25703125 0.03359375 0.0296875
5 0.59765625 0.31015625 0.03125 0.025
5 0.51875 0.32578125 0.0203125 0.01953125
5 0.55078125 0.34609375 0.02578125 0.01875
5 0.51875 0.35390625 0.0375 0.0375
5 0.71640625 0.32578125 0.0234375 0.01953125
5 0.7125 0.25234375 0.0234375 0.01953125
5 0.68046875 0.29921875 0.02421875 0.021875
5 0.63359375 0.359375 0.03203125 0.021875
5 0.5890625 0.36875 0.01640625 0.01171875
5 0.57109375 0.36328125 0.01640625 0.01171875
5 0.62734375 0.2125 0.02421875 0.0203125
5 0.32109375 0.29453125 0.0171875 0.01875
5 0.33203125 0.2578125 0.01875 0.021875
5 0.39296875 0.2578125 0.0140625 0.015625
5 0.42578125 0.375 0.01484375 0.0171875
5 0.26484375 0.08671875 0.0359375 0.02890625
5 0.328125 0.0484375 0.03828125 0.0296875
5 0.37265625 0.15234375 0.02265625 0.0203125
5 0.640625 0.18828125 0.0265625 0.021875
5 0.60078125 0.77734375 0.02890625 0.025
5 0.6609375 0.7359375 0.0328125 0.03046875
5 0.21015625 0.66171875 0.02421875 0.0234375
5 0.440625 0.7828125 0.01953125 0.01640625
5 0.4609375 0.78984375 0.01953125 0.0171875
5 0.36484375 0.7375 0.0171875 0.01484375
5 0.39765625 0.74140625 0.01796875 0.01796875
5 0.38671875 0.771875 0.01640625 0.01953125
5 0.2578125 0.6890625 0.01875 0.01796875
5 0.22421875 0.69375 0.01875 0.01171875
5 0.26484375 0.75 0.015625 0.01328125
5 0.2453125 0.77421875 0.02421875 0.01953125
5 0.08984375 0.5484375 0.0171875 0.015625
5 0.2046875 0.4109375 0.025 0.021875
5 0.08203125 0.3 0.01796875 0.015625
5 0.10390625 0.34375 0.01484375 0.0203125
5 0.14140625 0.26171875 0.01328125 0.01484375
5 0.12734375 0.2671875 0.01484375 0.021875
5 0.5078125 0.86875 0.03203125 0.0265625
0 0.69140625 0.89609375 0.0265625 0.01953125