0 0.44609375 0.6359375 0.053125 0.05078125
0 0.34609375 0.246875 0.02421875 0.03203125
0 0.3328125 0.30078125 0.02734375 0.0359375
0 0.49921875 0.34453125 0.0234375 0.0328125
0 0.3921875 0.65078125 0.021875 0.02421875
0 0.9625 0.8078125 0.0421875 0.034375
0 0.41875 0.46484375 0.03359375 0.0421875
0 0.4859375 0.471875 0.03359375 0.03984375
0 0.428125 0.26875 0.02265625 0.0171875
0 0.4203125 0.24609375 0.01484375 0.0171875
0 0.44765625 0.25234375 0.02265625 0.02265625
0 0.37265625 0.246875 0.0234375 0.02734375
0 0.38046875 0.303125 0.02734375 0.02265625
0 0.45234375 0.31640625 0.02109375 0.02421875
0 0.425 0.31015625 0.01875 0.01953125
0 0.4265625 0.33515625 0.02265625 0.0203125
0 0.38046875 0.375 0.02265625 0.0140625
0 0.41328125 0.20546875 0.0203125 0.02109375
0 0.34453125 0.675 0.021875 0.01875
0 0.17890625 0.184375 0.02578125 0.028125
0 0.21875 0.24375 0.02578125 0.0296875
0 0.20546875 0.28671875 0.0234375 0.02421875
0 0.42265625 0.415625 0.01953125 0.025
0 0.38203125 0.42109375 0.02265625 0.02890625
0 0.4984375 0.41328125 0.0171875 0.0234375