0 0.46015625 0.46953125 0.01796875 0.02421875
0 0.50546875 0.53046875 0.01796875 0.01796875
0 0.52265625 0.5703125 0.01953125 0.025
0 0.54140625 0.540625 0.028125 0.02421875
0 0.6046875 0.52890625 0.02265625 0.0203125
0 0.68828125 0.540625 0.01796875 0.02265625
0 0.67734375 0.56796875 0.0234375 0.02421875
0 0.3625 0.59921875 0.028125 0.025
0 0.44453125 0.64375 0.028125 0.0296875
0 0.4546875 0.5984375 0.0234375 0.02421875
0 0.45234375 0.57734375 0.02578125 0.0234375
0 0.48515625 0.68828125 0.025 0.02578125
0 0.53828125 0.70859375 0.025 0.02578125
0 0.48359375 0.72890625 0.0234375 0.02265625
0 0.590625 0.709375 0.0265625 0.025
0 0.6109375 0.60703125 0.02890625 0.03046875
0 0.72109375 0.69453125 0.0203125 0.02734375
0 0.72890625 0.64375 0.0265625 0.028125
0 0.58203125 0.53828125 0.028125 0.025
0 0.4 0.5515625 0.0234375 0.0234375
0 0.41796875 0.53203125 0.0265625 0.028125
0 0.35 0.540625 0.02734375 0.021875
0 0.3015625 0.359375 0.028125 0.028125
0 0.2859375 0.3859375 0.02421875 0.02421875
0 0.50859375 0.63828125 0.02265625 0.02578125
0 0.68046875 0.659375 0.021875 0.025
0 0.7734375 0.69609375 0.021875 0.02578125
0 0.62890625 0.51875 0.01875 0.02421875
0 0.35859375 0.334375 0.02734375 0.02109375
0 0.66171875 0.340625 0.025 0.0234375
0 0.44765625 0.7390625 0.01796875 0.02265625
0 0.81328125 0.7890625 0.01875 0.0234375
0 0.80234375 0.6875 0.01875 0.01796875
0 0.8 0.5875 0.01640625 0.0234375
0 0.73125 0.56015625 0.01796875 0.0234375