5 0.621875 0.75546875 0.04375 0.04765625
5 0.5640625 0.90078125 0.0375 0.0375
5 0.60546875 0.859375 0.03359375 0.0359375
5 0.59765625 0.49765625 0.0265625 0.03125
5 0.5296875 0.53359375 0.025 0.021875
5 0.58125 0.515625 0.02421875 0.0234375
5 0.70859375 0.5671875 0.02734375 0.03046875
5 0.79453125 0.465625 0.0328125 0.03515625
5 0.74921875 0.4046875 0.02578125 0.0265625
5 0.7296875 0.23828125 0.03203125 0.0390625
5 0.30234375 0.4953125 0.040625 0.03359375
5 0.30390625 0.540625 0.03125 0.0296875
5 0.4984375 0.625 0.03359375 0.0265625
5 0.496875 0.4359375 0.04609375 0.04140625
5 0.5109375 0.65625 0.03515625 0.01875
5 0.5109375 0.68359375 0.03125 0.0234375
5 0.56953125 0.6796875 0.0296875 0.02421875
5 0.6359375 0.7140625 0.02734375 0.0203125
5 0.34375 0.79453125 0.034375 0.0265625
5 0.48359375 0.8046875 0.0328125 0.021875
5 0.44140625 0.72265625 0.0203125 0.01875
5 0.565625 0.79609375 0.01953125 0.01953125
5 0.54453125 0.8125 0.0234375 0.02265625
5 0.50078125 0.5359375 0.0234375 0.02578125
5 0.28828125 0.73515625 0.0234375 0.01875
5 0.3046875 0.78828125 0.02890625 0.0234375
5 0.41015625 0.76875 0.02109375 0.01875
5 0.31875 0.86953125 0.021875 0.01875
5 0.38359375 0.865625 0.0203125 0.01953125
5 0.23203125 0.80390625 0.02578125 0.0234375
5 0.259375 0.7765625 0.0203125 0.0203125