0 0.35546875 0.25859375 0.040625 0.0375
0 0.821875 0.89609375 0.0453125 0.0421875
0 0.709375 0.87734375 0.028125 0.02265625
0 0.603125 0.90625 0.0390625 0.03515625
0 0.26796875 0.453125 0.0265625 0.0234375
0 0.2328125 0.15625 0.03984375 0.03671875
0 0.23671875 0.121875 0.040625 0.03671875
0 0.76875 0.61328125 0.02265625 0.01875
0 0.78828125 0.60546875 0.021875 0.02109375
0 0.85390625 0.9015625 0.025 0.021875
0 0.6484375 0.4734375 0.02578125 0.028125
0 0.5703125 0.34453125 0.0203125 0.02109375
3 0.5015625 0.66640625 0.06796875 0.0578125
3 0.90546875 0.68515625 0.04453125 0.0390625
3 0.63671875 0.228125 0.0484375 0.05546875
0 0.13125 0.0546875 0.0328125 0.0265625