5 0.33828125 0.1703125 0.03828125 0.03828125
5 0.44765625 0.2859375 0.02421875 0.0296875
5 0.4484375 0.2171875 0.025 0.0296875
5 0.50859375 0.25078125 0.021875 0.021875
5 0.4796875 0.296875 0.01640625 0.0140625
5 0.5234375 0.2921875 0.01640625 0.01484375
5 0.41484375 0.2375 0.02109375 0.01953125
5 0.25078125 0.0734375 0.02578125 0.01875
5 0.6015625 0.22578125 0.034375 0.02578125
3 0.82890625 0.2578125 0.04296875 0.03828125
5 0.9125 0.15390625 0.0296875 0.0296875
5 0.6140625 0.40859375 0.01796875 0.01875
5 0.5953125 0.3984375 0.0203125 0.01875
5 0.2515625 0.80546875 0.02890625 0.01953125
5 0.36328125 0.92578125 0.03203125 0.02421875