3 0.534375 0.35625 0.034375 0.040625
0 0.7578125 0.25859375 0.02578125 0.02734375
0 0.31640625 0.1421875 0.02578125 0.02734375
0 0.2140625 0.0765625 0.0296875 0.025
0 0.2078125 0.20625 0.0203125 0.01953125
0 0.25234375 0.24765625 0.01875 0.01640625
0 0.13671875 0.44140625 0.03125 0.02734375
0 0.21875 0.15078125 0.02421875 0.02265625
0 0.3546875 0.5703125 0.0265625 0.0265625
0 0.484375 0.81484375 0.03359375 0.03515625
0 0.5265625 0.78671875 0.02109375 0.025
3 0.9515625 0.65625 0.05234375 0.0671875
0 0.9703125 0.13984375 0.01875 0.0234375
0 0.98203125 0.17109375 0.02109375 0.0234375
0 0.9890625 0.28515625 0.01875 0.021875
3 0.8015625 0.3640625 0.06328125 0.07734375