5 0.61796875 0.24375 0.01640625 0.0171875
5 0.52109375 0.24921875 0.0296875 0.0265625
5 0.55 0.2921875 0.01875 0.0140625
5 0.5453125 0.31640625 0.03203125 0.0265625
5 0.66875 0.12265625 0.01640625 0.0140625
5 0.59765625 0.1609375 0.01875 0.0140625
5 0.6109375 0.16484375 0.01328125 0.0171875
5 0.5546875 0.171875 0.01640625 0.0171875
5 0.51328125 0.178125 0.02109375 0.0140625
5 0.4828125 0.17890625 0.02421875 0.021875
5 0.56953125 0.19140625 0.01640625 0.0171875
5 0.54140625 0.20625 0.01640625 0.0140625
5 0.49609375 0.21015625 0.02421875 0.021875
5 0.57421875 0.2171875 0.01640625 0.0171875
5 0.571875 0.23046875 0.02109375 0.0140625