2 0.74765625 0.58359375 0.09140625 0.0828125
2 0.91484375 0.86796875 0.1171875 0.06953125
5 0.515625 0.47421875 0.0265625 0.02109375
5 0.6046875 0.55859375 0.01875 0.01484375
5 0.54453125 0.51640625 0.02578125 0.01640625
5 0.603125 0.275 0.021875 0.02109375
5 0.63203125 0.2453125 0.01875 0.02109375
5 0.79375 0.2859375 0.025 0.02109375
5 0.47109375 0.103125 0.02578125 0.01875
5 0.58515625 0.1203125 0.015625 0.0171875
4 0.22109375 0.53984375 0.0390625 0.03515625
5 0.49609375 0.19765625 0.02265625 0.0203125
5 0.55078125 0.56484375 0.025 0.0296875
5 0.5546875 0.25 0.02421875 0.02109375
3 0.06171875 0.178125 0.040625 0.0390625
2 0.28359375 0.1390625 0.23359375 0.1875
5 0.54609375 0.35234375 0.0296875 0.03046875
0 0.82109375 0.89609375 0.03203125 0.021875