0 0.35390625 0.4609375 0.0234375 0.02734375
0 0.42265625 0.3234375 0.02109375 0.02578125
0 0.3421875 0.28671875 0.021875 0.025
0 0.521875 0.89375 0.04921875 0.05625
0 0.528125 0.15234375 0.03046875 0.03984375
0 0.2421875 0.01796875 0.03515625 0.034375
0 0.15625 0.0484375 0.0234375 0.01953125
0 0.159375 0.12421875 0.0265625 0.0234375
0 0.021875 0.09921875 0.02578125 0.02578125
0 0.784375 0.30078125 0.0203125 0.02265625
0 0.684375 0.34296875 0.01875 0.01796875
0 0.69765625 0.4015625 0.01875 0.021875
0 0.8203125 0.12734375 0.015625 0.01796875
0 0.60390625 0.23125 0.01796875 0.02109375