0 0.0265625 0.8953125 0.028125 0.0265625
0 0.2328125 0.94375 0.02734375 0.0265625
0 0.0953125 0.91484375 0.03203125 0.025
0 0.9484375 0.58828125 0.021875 0.0265625
5 0.62734375 0.37734375 0.028125 0.02734375
5 0.6671875 0.384375 0.01875 0.01953125
5 0.596875 0.50703125 0.025 0.02109375
5 0.7 0.4796875 0.01875 0.0171875
0 0.8359375 0.28359375 0.021875 0.01875
0 0.84453125 0.35546875 0.02265625 0.02265625
0 0.728125 0.35546875 0.02421875 0.0203125
0 0.94453125 0.29609375 0.01875 0.01875
0 0.95625 0.17265625 0.02421875 0.0265625
0 0.27265625 0.078125 0.0265625 0.0203125
0 0.4125 0.18046875 0.02578125 0.025
3 0.30390625 0.15390625 0.0828125 0.06484375
3 0.1796875 0.32734375 0.06484375 0.06171875
0 0.6640625 0.11328125 0.0203125 0.01875