0 0.67578125 0.19296875 0.05625 0.04375
0 0.67734375 0.51484375 0.03828125 0.03515625
0 0.75546875 0.52890625 0.040625 0.03515625
0 0.7546875 0.60625 0.0375 0.0390625
0 0.61484375 0.71953125 0.03671875 0.0359375
0 0.6171875 0.790625 0.04765625 0.04453125
0 0.64921875 0.853125 0.034375 0.034375
0 0.55078125 0.9390625 0.05078125 0.03125
0 0.68984375 0.86875 0.02578125 0.03828125
0 0.58515625 0.59921875 0.028125 0.0390625
0 0.59765625 0.5265625 0.0265625 0.046875
0 0.6328125 0.5015625 0.03125 0.0453125
0 0.7953125 0.309375 0.028125 0.03671875
0 0.9078125 0.26171875 0.0421875 0.04453125
0 0.959375 0.2140625 0.046875 0.0453125
0 0.7953125 0.7796875 0.03515625 0.03125
0 0.86015625 0.69921875 0.03671875 0.0328125
0 0.8078125 0.6421875 0.03671875 0.0296875
0 0.79765625 0.72265625 0.040625 0.03671875