0 0.32890625 0.60390625 0.034375 0.03359375
0 0.31875 0.7109375 0.034375 0.03203125
0 0.5640625 0.6734375 0.03515625 0.03203125
0 0.55390625 0.69375 0.0375 0.0390625
0 0.43984375 0.8921875 0.03515625 0.028125
0 0.653125 0.99296875 0.02578125 0.0140625
0 0.640625 0.9671875 0.0328125 0.0203125
0 0.57890625 0.44140625 0.02734375 0.0234375
0 0.58515625 0.47890625 0.02734375 0.0296875
0 0.71171875 0.5859375 0.034375 0.04140625
0 0.92734375 0.396875 0.02890625 0.0359375
0 0.89140625 0.55390625 0.02265625 0.0328125
0 0.471875 0.45390625 0.021875 0.02265625