0 0.578125 0.61015625 0.021875 0.02890625
0 0.5203125 0.63203125 0.01328125 0.02421875
0 0.6640625 0.515625 0.01796875 0.02265625
0 0.721875 0.434375 0.01796875 0.0296875
0 0.6734375 0.71484375 0.025 0.034375
0 0.49765625 0.50078125 0.01484375 0.01796875
0 0.51953125 0.41015625 0.009375 0.0140625
0 0.6921875 0.334375 0.0109375 0.021875
0 0.521875 0.23984375 0.0140625 0.01875
0 0.53046875 0.1921875 0.01484375 0.015625
0 0.57109375 0.1703125 0.0125 0.0140625
0 0.64921875 0.1390625 0.015625 0.02421875
0 0.46953125 0.4296875 0.00859375 0.01328125
0 0.325 0.434375 0.0140625 0.015625
0 0.39140625 0.31875 0.01328125 0.0140625
0 0.4265625 0.2875 0.0140625 0.0203125
0 0.5796875 0.1296875 0.009375 0.0203125
0 0.6859375 0.06484375 0.0171875 0.02109375
0 0.71953125 0.08359375 0.01484375 0.028125
0 0.59765625 0.2546875 0.0109375 0.01328125
0 0.53671875 0.48125 0.0203125 0.025
0 0.70234375 0.03515625 0.0140625 0.01953125
0 0.72421875 0.028125 0.00859375 0.0234375
0 0.57734375 0.01171875 0.0109375 0.01875
0 0.465625 0.0296875 0.01875 0.0140625
0 0.44609375 0.03671875 0.01796875 0.02421875