5 0.8234375 0.32421875 0.0453125 0.0453125
5 0.49296875 0.79375 0.02890625 0.02421875
5 0.4 0.61171875 0.03984375 0.0375
5 0.53515625 0.72734375 0.0375 0.0296875
5 0.75859375 0.6296875 0.021875 0.02421875
5 0.8 0.40390625 0.02265625 0.028125
5 0.7421875 0.40859375 0.0265625 0.02578125
5 0.4875 0.76015625 0.01796875 0.021875
5 0.6375 0.60703125 0.01796875 0.0171875
5 0.87890625 0.6921875 0.02421875 0.0296875
5 0.084375 0.253125 0.0375 0.03515625
5 0.115625 0.43125 0.0359375 0.03125
5 0.28125 0.30390625 0.03046875 0.034375
5 0.3734375 0.721875 0.02890625 0.02109375
5 0.58359375 0.63515625 0.02578125 0.02265625