5 0.85078125 0.39453125 0.02890625 0.0296875
5 0.92109375 0.46640625 0.02890625 0.03046875
5 0.9734375 0.5 0.02734375 0.0265625
5 0.73828125 0.34609375 0.0234375 0.02578125
5 0.71015625 0.3203125 0.0234375 0.028125
5 0.72890625 0.4640625 0.02421875 0.0203125
5 0.57109375 0.2828125 0.0234375 0.0265625
5 0.60078125 0.24140625 0.02421875 0.028125
5 0.53671875 0.46015625 0.021875 0.025
5 0.46484375 0.38125 0.02109375 0.02265625
0 0.66796875 0.43203125 0.02421875 0.02890625
5 0.3953125 0.5734375 0.02265625 0.01875
5 0.35859375 0.5140625 0.0171875 0.0171875
5 0.84921875 0.09609375 0.01484375 0.0171875
5 0.82734375 0.08046875 0.01875 0.0171875
5 0.8171875 0.05625 0.0140625 0.0171875
5 0.78828125 0.06015625 0.01640625 0.01875
5 0.60390625 0.0328125 0.01875 0.01796875
5 0.065625 0.771875 0.02421875 0.021875
5 0.4046875 0.934375 0.0375 0.03125