5 0.44375 0.725 0.02734375 0.03203125
5 0.6953125 0.446875 0.0328125 0.0328125
5 0.1890625 0.40546875 0.03671875 0.0390625
5 0.0765625 0.44765625 0.05546875 0.03828125
5 0.85234375 0.86875 0.03203125 0.03515625
5 0.271875 0.75625 0.0734375 0.05625
5 0.83671875 0.43203125 0.03046875 0.02734375
5 0.81953125 0.56875 0.0328125 0.0265625
5 0.92890625 0.61015625 0.025 0.021875
5 0.8859375 0.8375 0.0171875 0.01875
5 0.58125 0.3921875 0.02578125 0.02265625
5 0.29609375 0.240625 0.028125 0.0265625
5 0.41015625 0.2265625 0.0234375 0.02265625
5 0.40234375 0.68515625 0.01875 0.01953125
5 0.5796875 0.596875 0.02265625 0.02421875