4 0.85703125 0.28984375 0.11640625 0.0671875
2 0.47734375 0.33515625 0.14765625 0.11171875
4 0.6453125 0.34375 0.0671875 0.0578125
4 0.8484375 0.359375 0.08046875 0.0625
4 0.97109375 0.5421875 0.04453125 0.03984375
2 0.4265625 0.60234375 0.13359375 0.0984375
4 0.5046875 0.6140625 0.10234375 0.0671875
4 0.47890625 0.69375 0.07578125 0.0578125
4 0.18125 0.7140625 0.13359375 0.08046875
4 0.05546875 0.78828125 0.1109375 0.0671875
4 0.203125 0.79453125 0.11640625 0.0578125
4 0.5 0.79921875 0.08046875 0.04921875
4 0.453125 0.83046875 0.07578125 0.03984375
4 0.3859375 0.8484375 0.11640625 0.04453125
4 0.3046875 0.87734375 0.14765625 0.0671875