0 0.19140625 0.54765625 0.0296875 0.028125
0 0.390625 0.58828125 0.01875 0.01875
0 0.278125 0.64140625 0.02734375 0.0234375
0 0.25078125 0.74140625 0.0203125 0.0234375
0 0.55625 0.4921875 0.028125 0.02734375
0 0.5015625 0.5328125 0.03046875 0.0234375
0 0.496875 0.5671875 0.0265625 0.028125
0 0.453125 0.528125 0.0265625 0.0265625
0 0.396875 0.48671875 0.03203125 0.02734375
0 0.35078125 0.5375 0.02890625 0.02421875
0 0.2640625 0.503125 0.0296875 0.02265625
0 0.25234375 0.53828125 0.0234375 0.01953125
0 0.23359375 0.5703125 0.02578125 0.0171875
0 0.48671875 0.440625 0.025 0.025
0 0.2 0.63203125 0.025 0.02109375
0 0.20859375 0.67890625 0.01796875 0.02265625
0 0.49765625 0.65625 0.02265625 0.021875
0 0.58671875 0.69765625 0.025 0.01796875
0 0.57890625 0.65 0.02265625 0.028125
0 0.478125 0.378125 0.01328125 0.0234375
0 0.40546875 0.35859375 0.02734375 0.02109375
0 0.35234375 0.253125 0.01953125 0.02578125
0 0.5921875 0.6125 0.01484375 0.02109375
0 0.5484375 0.6265625 0.01640625 0.01484375
0 0.3359375 0.653125 0.01875 0.01875