5 0.3421875 0.50234375 0.025 0.02734375
5 0.2828125 0.2390625 0.02109375 0.02734375
5 0.24609375 0.29296875 0.02421875 0.02890625
5 0.49296875 0.41796875 0.0171875 0.01796875
5 0.2875 0.575 0.021875 0.021875
5 0.1578125 0.28671875 0.021875 0.02578125
5 0.5203125 0.55234375 0.0171875 0.01875
5 0.1453125 0.63203125 0.0203125 0.02109375
5 0.3640625 0.7578125 0.0140625 0.015625
5 0.3125 0.08125 0.02265625 0.02421875
5 0.771875 0.65078125 0.0265625 0.021875
5 0.5828125 0.615625 0.01328125 0.015625
5 0.58046875 0.57578125 0.0140625 0.0171875
3 0.93515625 0.84140625 0.04921875 0.06015625