5 0.40546875 0.68359375 0.0171875 0.0578125
2 0.62890625 0.79609375 0.04296875 0.0578125
2 0.59765625 0.6890625 0.05078125 0.04765625
2 0.609375 0.30703125 0.03671875 0.05390625
2 0.08671875 0.2453125 0.034375 0.034375
5 0.21484375 0.18359375 0.0125 0.01328125
5 0.40546875 0.17890625 0.009375 0.01640625
2 0.6484375 0.43828125 0.02421875 0.034375
2 0.6765625 0.53125 0.03671875 0.05
2 0.54296875 0.75390625 0.0203125 0.02890625
2 0.1734375 0.72421875 0.03359375 0.04921875
2 0.10625 0.6078125 0.02578125 0.046875
2 0.07734375 0.79296875 0.03046875 0.04765625
2 0.13515625 0.73671875 0.0265625 0.0484375