0 0.4859375 0.1796875 0.01953125 0.021875
0 0.41015625 0.73984375 0.0171875 0.0234375
0 0.45234375 0.328125 0.021875 0.021875
0 0.43046875 0.2234375 0.01640625 0.0234375
0 0.46953125 0.1265625 0.015625 0.021875
0 0.390625 0.353125 0.01875 0.028125
0 0.40703125 0.18125 0.015625 0.02265625
0 0.5546875 0.48984375 0.01328125 0.01953125
0 0.5015625 0.4078125 0.0125 0.01875
0 0.43515625 0.55234375 0.0140625 0.01796875
0 0.4703125 0.52421875 0.015625 0.02265625
0 0.49921875 0.51171875 0.01796875 0.0234375
0 0.4140625 0.3765625 0.0171875 0.02578125
0 0.45546875 0.45234375 0.01484375 0.02109375
0 0.403125 0.60234375 0.01640625 0.025
0 0.38046875 0.50703125 0.01796875 0.02265625
0 0.5453125 0.22109375 0.0203125 0.03046875
0 0.35234375 0.6625 0.01484375 0.0234375
0 0.578125 0.5609375 0.0125 0.01953125
0 0.62578125 0.56953125 0.0140625 0.0203125
0 0.4625 0.4171875 0.0234375 0.02890625
0 0.38125 0.73125 0.01484375 0.021875
0 0.475 0.24609375 0.01796875 0.02109375
0 0.3328125 0.17265625 0.01484375 0.0234375
0 0.496875 0.6484375 0.01484375 0.01796875
0 0.2828125 0.60859375 0.01328125 0.02578125
0 0.346875 0.225 0.015625 0.02578125
0 0.75546875 0.73046875 0.0140625 0.02109375
0 0.7484375 0.5375 0.0140625 0.01953125
0 0.3890625 0.6578125 0.01640625 0.02421875
0 0.340625 0.7078125 0.01640625 0.02421875
0 0.41015625 0.471875 0.02734375 0.03359375
0 0.4828125 0.69375 0.0171875 0.0203125
0 0.30859375 0.71796875 0.0140625 0.0234375
0 0.475 0.0765625 0.0234375 0.02734375
0 0.73125 0.61875 0.01640625 0.02421875
0 0.65546875 0.646875 0.0140625 0.0234375
0 0.55390625 0.0890625 0.0171875 0.02578125
0 0.46328125 0.68671875 0.01796875 0.02265625
0 0.5203125 0.6375 0.015625 0.0203125
0 0.34609375 0.0734375 0.0171875 0.0234375
0 0.77421875 0.64921875 0.01171875 0.0171875
0 0.43671875 0.7390625 0.01171875 0.0171875
0 0.54765625 0.74296875 0.015625 0.0203125
0 0.625 0.62421875 0.01484375 0.02265625
0 0.36953125 0.6296875 0.01796875 0.0265625
0 0.83828125 0.60625 0.01171875 0.0203125
0 0.72734375 0.71640625 0.0140625 0.02265625
0 0.9546875 0.1484375 0.01953125 0.0234375
0 0.8234375 0.6421875 0.0109375 0.0171875
0 0.4078125 0.0625 0.021875 0.025
0 0.79609375 0.71796875 0.0109375 0.01796875
0 0.54609375 0.6078125 0.01171875 0.015625
0 0.48125 0.30625 0.0171875 0.021875
0 0.540625 0.79375 0.0140625 0.01796875
0 0.45234375 0.5921875 0.01484375 0.02109375
0 0.7953125 0.60390625 0.0109375 0.0171875
0 0.721875 0.45078125 0.01640625 0.02265625
0 0.3421875 0.47890625 0.01640625 0.025
0 0.41484375 0.8 0.0140625 0.0203125
0 0.87578125 0.08984375 0.01640625 0.025
0 0.525 0.675 0.02109375 0.02421875
0 0.475 0.6125 0.01484375 0.01796875
0 0.5640625 0.3421875 0.0171875 0.01953125
0 0.72109375 0.53984375 0.01796875 0.0171875
0 0.29296875 0.528125 0.015625 0.02265625
0 0.89765625 0.72734375 0.01953125 0.02578125
0 0.3578125 0.80625 0.0140625 0.02265625
0 0.3078125 0.41875 0.01796875 0.0265625
0 0.728125 0.9078125 0.0234375 0.0296875
0 0.60625 0.74296875 0.02109375 0.02734375
0 0.53046875 0.5171875 0.01796875 0.02265625
0 0.6546875 0.7984375 0.01640625 0.025
0 0.96953125 0.06171875 0.02265625 0.02734375
0 0.5359375 0.8765625 0.015625 0.01875
0 0.4234375 0.79609375 0.021875 0.025
0 0.4328125 0.86953125 0.0140625 0.0203125
0 0.31328125 0.540625 0.01484375 0.021875
0 0.64375 0.47890625 0.0171875 0.01953125
0 0.396875 0.89921875 0.01640625 0.0234375
0 0.85234375 0.86796875 0.01796875 0.02734375
0 0.878125 0.53203125 0.0125 0.01796875
0 0.45546875 0.91796875 0.01875 0.0265625
0 0.30625 0.371875 0.0140625 0.01953125
0 0.98515625 0.259375 0.02578125 0.0390625
0 0.11796875 0.40546875 0.0328125 0.04921875
0 0.58046875 0.21640625 0.0171875 0.0265625
0 0.2203125 0.55078125 0.0125 0.02578125
0 0.29375 0.0390625 0.01328125 0.01953125
0 0.296875 0.3125 0.01484375 0.02109375
0 0.88359375 0.59296875 0.0125 0.02421875
0 0.85546875 0.03984375 0.04375 0.04453125
0 0.6734375 0.765625 0.02421875 0.02734375
0 0.20859375 0.43359375 0.01640625 0.02265625
0 0.95078125 0.9546875 0.0203125 0.0265625
0 0.2515625 0.70859375 0.009375 0.0171875
0 0.49765625 0.93203125 0.0203125 0.03125