4 0.59921875 0.7609375 0.046875 0.0578125
4 0.48125 0.7640625 0.021875 0.021875
4 0.52265625 0.7671875 0.03203125 0.03359375
4 0.55 0.80625 0.025 0.028125
4 0.5203125 0.8421875 0.02265625 0.0390625
4 0.3640625 0.68125 0.04453125 0.05
4 0.24609375 0.5671875 0.03125 0.03203125
4 0.55625 0.38046875 0.0234375 0.0328125
4 0.684375 0.1921875 0.0421875 0.03671875
3 0.19609375 0.2484375 0.03828125 0.03515625
3 0.2171875 0.46328125 0.0875 0.040625
3 0.48671875 0.4046875 0.09453125 0.075
3 0.58828125 0.62890625 0.084375 0.11328125
3 0.39140625 0.81484375 0.1421875 0.1375