0 0.44375 0.15625 0.0203125 0.02734375
0 0.45078125 0.428125 0.0125 0.01484375
0 0.534375 0.34296875 0.0109375 0.0171875
0 0.5296875 0.41015625 0.0109375 0.01484375
0 0.53515625 0.46953125 0.00625 0.0140625
0 0.5828125 0.4546875 0.00859375 0.01484375
0 0.615625 0.478125 0.00859375 0.0125
0 0.5953125 0.54140625 0.00859375 0.0171875
0 0.61953125 0.584375 0.0109375 0.01484375
0 0.5984375 0.5859375 0.00625 0.0125
0 0.571875 0.553125 0.00859375 0.0125
0 0.5546875 0.621875 0.0078125 0.00625
0 0.51484375 0.5640625 0.00625 0.0171875
0 0.4828125 0.496875 0.0109375 0.0109375
0 0.46015625 0.4671875 0.0109375 0.0125
0 0.4265625 0.4921875 0.01015625 0.0078125
0 0.43515625 0.45390625 0.01015625 0.0140625
0 0.465625 0.51875 0.01015625 0.00859375
0 0.4921875 0.2703125 0.0078125 0.0140625
0 0.5328125 0.2828125 0.0109375 0.02109375
0 0.55703125 0.31953125 0.00859375 0.0171875
0 0.6296875 0.3703125 0.00859375 0.0109375
0 0.68515625 0.4515625 0.00625 0.01484375
0 0.4046875 0.41796875 0.01015625 0.0125
0 0.421875 0.290625 0.01015625 0.01484375
0 0.4546875 0.2984375 0.01015625 0.0109375
0 0.603125 0.20625 0.0046875 0.01640625
0 0.384375 0.37421875 0.01015625 0.0109375
0 0.3671875 0.51953125 0.0109375 0.0078125
0 0.3609375 0.2453125 0.0109375 0.01875
0 0.3640625 0.1765625 0.01015625 0.0125
0 0.38984375 0.26328125 0.0078125 0.00625