1 0.17265625 0.49921875 0.04921875 0.05703125
4 0.1984375 0.3859375 0.02734375 0.0296875
4 0.1875 0.2875 0.0296875 0.03125
3 0.0875 0.38125 0.05703125 0.08203125
3 0.18125 0.45390625 0.084375 0.18046875
3 0.3875 0.503125 0.0359375 0.053125
3 0.36015625 0.665625 0.05859375 0.1796875
3 0.29453125 0.803125 0.040625 0.125
3 0.24765625 0.7875 0.046875 0.03828125
3 0.16875 0.8015625 0.0953125 0.13125
3 0.0578125 0.5140625 0.04453125 0.0578125
3 0.203125 0.5796875 0.0515625 0.0375
3 0.15234375 0.65078125 0.06328125 0.0546875
3 0.18515625 0.14765625 0.04765625 0.05234375