0 0.3109375 0.353125 0.01484375 0.025
0 0.31640625 0.37890625 0.01171875 0.02109375
0 0.3359375 0.38984375 0.0125 0.0234375
0 0.56640625 0.35703125 0.0171875 0.0328125
0 0.4984375 0.3203125 0.0203125 0.02734375
0 0.45703125 0.4109375 0.01328125 0.0234375
0 0.45 0.47421875 0.015625 0.0265625
0 0.49921875 0.5046875 0.01484375 0.02421875
0 0.49296875 0.56796875 0.0140625 0.01953125
0 0.38125 0.53125 0.01328125 0.025
0 0.39140625 0.6 0.0140625 0.02109375
0 0.58515625 0.5578125 0.0140625 0.0171875
0 0.4265625 0.23984375 0.01484375 0.01875
0 0.41171875 0.2640625 0.01875 0.0265625
0 0.42734375 0.2 0.01796875 0.01796875
0 0.446875 0.18359375 0.01640625 0.0234375