0 0.1578125 0.65078125 0.04765625 0.0515625
0 0.34921875 0.51484375 0.03984375 0.03515625
0 0.21171875 0.8140625 0.0375 0.034375
0 0.11328125 0.50859375 0.0421875 0.04453125
0 0.16640625 0.47734375 0.025 0.03359375
0 0.19609375 0.3484375 0.034375 0.03125
0 0.2375 0.34140625 0.034375 0.03515625
0 0.59296875 0.34765625 0.028125 0.0265625
0 0.659375 0.38203125 0.03359375 0.0296875
0 0.5359375 0.34765625 0.0203125 0.01953125
0 0.5125 0.31640625 0.01875 0.02265625
0 0.45546875 0.3015625 0.0203125 0.02109375
0 0.40390625 0.325 0.01875 0.021875
0 0.63359375 0.5734375 0.02890625 0.0375
0 0.5375 0.59140625 0.0265625 0.03046875
0 0.47421875 0.4390625 0.0203125 0.0234375
0 0.434375 0.46875 0.01953125 0.01796875
0 0.51640625 0.271875 0.02578125 0.028125
0 0.3515625 0.29453125 0.0203125 0.02578125
0 0.54609375 0.12734375 0.025 0.02890625
0 0.38359375 0.16171875 0.02734375 0.0265625
0 0.23203125 0.15703125 0.02734375 0.02421875
0 0.2046875 0.26875 0.0171875 0.02109375
0 0.10234375 0.32890625 0.0203125 0.0234375
0 0.01640625 0.309375 0.0265625 0.0296875
0 0.2 0.509375 0.0203125 0.02265625
0 0.240625 0.4171875 0.02578125 0.01953125
0 0.1015625 0.65390625 0.02578125 0.025
0 0.615625 0.2078125 0.0234375 0.025
0 0.609375 0.3125 0.01640625 0.01953125
0 0.6125 0.4171875 0.025 0.03125
0 0.59453125 0.3796875 0.028125 0.02421875