4 0.4203125 0.534375 0.028125 0.0234375
4 0.3484375 0.58515625 0.03203125 0.028125
4 0.3359375 0.49609375 0.02265625 0.01875
4 0.25703125 0.48046875 0.0203125 0.0140625
4 0.40859375 0.35546875 0.02421875 0.021875
4 0.11640625 0.73828125 0.04296875 0.03046875
4 0.228125 0.71171875 0.01875 0.0125
3 0.28828125 0.53203125 0.07109375 0.0609375
3 0.4125 0.57578125 0.0359375 0.0328125
4 0.16328125 0.72890625 0.034375 0.021875
3 0.33046875 0.6578125 0.0359375 0.025
3 0.3078125 0.45859375 0.08671875 0.03359375
3 0.39375 0.43828125 0.034375 0.1015625
3 0.4859375 0.4203125 0.02890625 0.021875
3 0.13984375 0.6125 0.0453125 0.0296875