0 0.5234375 0.47421875 0.01328125 0.01953125
0 0.43671875 0.4890625 0.01328125 0.01796875
0 0.496875 0.6234375 0.01640625 0.02578125
0 0.578125 0.65390625 0.01640625 0.02265625
0 0.46171875 0.7125 0.01796875 0.02421875
0 0.390625 0.63359375 0.0125 0.02109375
0 0.36328125 0.71015625 0.015625 0.025
0 0.67734375 0.51484375 0.015625 0.0296875
0 0.74453125 0.4671875 0.01484375 0.02578125
0 0.71953125 0.55546875 0.03046875 0.04375
0 0.4828125 0.81640625 0.01328125 0.01953125
0 0.49453125 0.8765625 0.01484375 0.02265625
0 0.5234375 0.840625 0.01328125 0.02265625
0 0.5453125 0.84453125 0.01640625 0.025
0 0.57890625 0.8234375 0.01484375 0.0296875
0 0.1109375 0.97890625 0.015625 0.02265625
0 0.35859375 0.3578125 0.02265625 0.04609375
0 0.09609375 0.32890625 0.01328125 0.02109375
0 0.05703125 0.22890625 0.02734375 0.0390625
0 0.4796875 0.18359375 0.0203125 0.034375
0 0.58046875 0.165625 0.01953125 0.0328125
0 0.9140625 0.84375 0.01640625 0.02109375