1 0.51328125 0.33125 0.0578125 0.075
1 0.36953125 0.45546875 0.05390625 0.053125
1 0.43671875 0.5125 0.03203125 0.0640625
1 0.50546875 0.5578125 0.0328125 0.02421875
1 0.540625 0.6 0.02109375 0.0296875
1 0.42109375 0.60390625 0.040625 0.034375
1 0.37421875 0.55546875 0.02578125 0.03984375
1 0.27265625 0.5671875 0.028125 0.059375
1 0.52265625 0.715625 0.0515625 0.034375
1 0.415625 0.73359375 0.065625 0.04765625
1 0.3265625 0.775 0.03515625 0.04140625
1 0.35 0.83671875 0.0171875 0.028125
1 0.37578125 0.80546875 0.02421875 0.0390625
1 0.39765625 0.85859375 0.040625 0.040625
1 0.44765625 0.8328125 0.03203125 0.04453125