3 0.334375 0.19296875 0.0546875 0.08828125
3 0.6671875 0.06953125 0.08125 0.10390625
3 0.2 0.57265625 0.06171875 0.078125
3 0.1203125 0.78125 0.06171875 0.084375
3 0.57265625 0.24453125 0.06171875 0.08828125
3 0.56484375 0.64609375 0.08515625 0.07890625
3 0.18515625 0.21328125 0.08515625 0.08828125
3 0.51953125 0.03359375 0.07421875 0.0671875
3 0.2953125 0.925 0.046875 0.0453125
3 0.71171875 0.62578125 0.084375 0.09140625
3 0.40703125 0.93359375 0.05625 0.05703125
3 0.80625 0.65859375 0.04375 0.04453125
3 0.35859375 0.7453125 0.04375 0.04609375
3 0.3546875 0.88671875 0.0515625 0.06328125
3 0.271875 0.47890625 0.07578125 0.07890625
3 0.24453125 0.740625 0.05 0.04609375
3 0.059375 0.5765625 0.0375 0.05
3 0.21796875 0.396875 0.05 0.0625
3 0.38046875 0.80859375 0.0453125 0.0484375
3 0.72578125 0.128125 0.0625 0.053125
4 0.39296875 0.54296875 0.05 0.0625
4 0.48125 0.23828125 0.03671875 0.0453125
3 0.84921875 0.928125 0.06328125 0.06484375