0 0.42265625 0.30859375 0.13125 0.02734375
3 0.6296875 0.0109375 0.053125 0.021875
1 0.23515625 0.834375 0.04765625 0.10546875
3 0.06171875 0.9859375 0.040625 0.02734375
3 0.1046875 0.925 0.065625 0.134375
3 0.0078125 0.77421875 0.015625 0.0875
3 0.128125 0.6640625 0.05 0.078125
3 0.31953125 0.56015625 0.05 0.06171875
3 0.05390625 0.91015625 0.040625 0.078125
3 0.0515625 0.746875 0.0359375 0.0515625
3 0.0078125 0.903125 0.015625 0.053125
3 0.0578125 0.83671875 0.040625 0.06328125
3 0.259375 0.43828125 0.046875 0.06875
3 0.08515625 0.50625 0.06171875 0.05859375
3 0.16484375 0.64453125 0.0453125 0.05859375
3 0.19453125 0.69921875 0.040625 0.05859375
3 0.90390625 0.6625 0.1046875 0.1453125
5 0.9171875 0.42265625 0.0578125 0.115625
5 0.76484375 0.98984375 0.0671875 0.0203125