0 0.984375 0.2703125 0.03125 0.053125
0 0.95625 0.11796875 0.0609375 0.053125
0 0.8828125 0.37109375 0.0625 0.0703125
0 0.90625 0.1765625 0.0546875 0.053125
0 0.95703125 0.42109375 0.0859375 0.103125
5 0.35625 0.62421875 0.0921875 0.1078125
5 0.16484375 0.528125 0.084375 0.0328125
3 0.10234375 0.59296875 0.084375 0.0875
3 0.0296875 0.7828125 0.05859375 0.109375
5 0.790625 0.97734375 0.15234375 0.0453125
5 0.82734375 0.92890625 0.0921875 0.071875
5 0.9890625 0.775 0.021875 0.046875
5 0.94140625 0.85859375 0.0546875 0.0484375
5 0.8484375 0.9703125 0.084375 0.05859375
3 0.9140625 0.59375 0.07421875 0.07421875
1 0.71015625 0.71875 0.11875 0.109375
1 0.9703125 0.68671875 0.05859375 0.1078125