4 0.66015625 0.50546875 0.06171875 0.0546875
4 0.728125 0.64140625 0.05859375 0.08828125
4 0.87421875 0.796875 0.06484375 0.06328125
4 0.77109375 0.85 0.03125 0.03984375
4 0.71875 0.93359375 0.09609375 0.0875
4 0.6984375 0.78671875 0.05546875 0.04765625
0 0.51328125 0.65 0.03125 0.034375
0 0.4640625 0.69921875 0.025 0.03203125
4 0.48515625 0.76328125 0.0421875 0.04140625
4 0.95859375 0.453125 0.028125 0.034375
4 0.96328125 0.97109375 0.025 0.0515625
3 0.490625 0.8390625 0.05 0.071875
3 0.615625 0.55546875 0.0515625 0.05703125
3 0.665625 0.625 0.0546875 0.05859375
4 0.75703125 0.7546875 0.0390625 0.0578125
4 0.37109375 0.48203125 0.04296875 0.05390625
4 0.17734375 0.60546875 0.03125 0.0328125
4 0.32109375 0.334375 0.0171875 0.03359375
4 0.74921875 0.475 0.03203125 0.02890625
3 0.315625 0.73828125 0.05859375 0.07109375
3 0.42421875 0.84921875 0.075 0.06640625
3 0.38984375 0.91953125 0.07109375 0.06328125