1 0.81640625 0.43125 0.02890625 0.025
1 0.9375 0.51640625 0.03125 0.0234375
1 0.88046875 0.525 0.034375 0.0265625
1 0.4625 0.625 0.0328125 0.01640625
1 0.5015625 0.640625 0.040625 0.02109375
1 0.83203125 0.834375 0.02421875 0.0203125
1 0.709375 0.86484375 0.01640625 0.01953125
1 0.4234375 0.8453125 0.04765625 0.01875
1 0.40703125 0.8015625 0.04140625 0.03046875
1 0.46640625 0.78203125 0.03125 0.02890625
1 0.73046875 0.9390625 0.040625 0.01484375
1 0.753125 0.97578125 0.0328125 0.028125
1 0.96640625 0.71484375 0.01640625 0.01640625
1 0.8421875 0.66171875 0.01796875 0.02578125
1 0.70859375 0.6625 0.0515625 0.015625
1 0.93515625 0.61640625 0.021875 0.01875
1 0.978125 0.41953125 0.03125 0.02734375
1 0.76796875 0.3125 0.0296875 0.01875
1 0.56875 0.24375 0.0359375 0.01953125
1 0.57578125 0.3046875 0.01796875 0.01328125
1 0.78125 0.4125 0.03125 0.025
1 0.44453125 0.69609375 0.028125 0.02109375
1 0.4734375 0.690625 0.01796875 0.01015625
1 0.61875 0.94609375 0.02734375 0.01328125
1 0.88046875 0.8296875 0.021875 0.03203125
1 0.784375 0.0703125 0.03046875 0.00859375
1 0.40859375 0.19609375 0.0328125 0.01171875
1 0.721875 0.15078125 0.0234375 0.021875
1 0.56875 0.15546875 0.03828125 0.02734375
1 0.68203125 0.2203125 0.021875 0.01953125
1 0.3890625 0.28359375 0.0421875 0.0234375
1 0.4296875 0.309375 0.01953125 0.0171875
1 0.43671875 0.23984375 0.028125 0.02890625
1 0.54765625 0.759375 0.01875 0.02734375