1 0.61875 0.63671875 0.0265625 0.0234375
1 0.8171875 0.6453125 0.03515625 0.02890625
1 0.85703125 0.8421875 0.03515625 0.015625
1 0.43828125 0.80859375 0.0203125 0.01484375
1 0.48515625 0.60859375 0.01796875 0.01640625
1 0.521875 0.51640625 0.0203125 0.01328125
1 0.41484375 0.31953125 0.03359375 0.02109375
1 0.578125 0.36015625 0.0265625 0.0296875
1 0.4875 0.21640625 0.0359375 0.01640625
1 0.26171875 0.19375 0.0453125 0.03671875
1 0.87421875 0.1859375 0.05 0.02890625
1 0.896875 0.084375 0.053125 0.0265625
1 0.84765625 0.0734375 0.021875 0.015625
1 0.7515625 0.0578125 0.0328125 0.01875
1 0.8390625 0.88671875 0.04453125 0.01484375
1 0.40703125 0.55078125 0.03046875 0.01796875
1 0.73515625 0.4953125 0.02265625 0.01953125