1 0.49453125 0.20859375 0.04453125 0.01484375
1 0.11796875 0.28671875 0.01328125 0.015625
1 0.63203125 0.3734375 0.0296875 0.0265625
1 0.5421875 0.12109375 0.01015625 0.0171875
1 0.20234375 0.4046875 0.02890625 0.01328125
1 0.21875 0.434375 0.01484375 0.01796875
1 0.34375 0.4921875 0.0390625 0.03203125
1 0.16328125 0.5609375 0.02109375 0.01484375
1 0.2140625 0.5546875 0.01953125 0.01796875
1 0.2578125 0.5765625 0.025 0.01484375
1 0.0921875 0.63125 0.01484375 0.02421875
1 0.2734375 0.64375 0.025 0.02265625
1 0.45859375 0.6578125 0.02109375 0.0234375
1 0.21640625 0.7296875 0.0171875 0.0125
1 0.32578125 0.771875 0.05703125 0.03828125
1 0.51640625 0.74609375 0.0328125 0.00859375
1 0.49375 0.8140625 0.02734375 0.0265625
1 0.53046875 0.80625 0.01953125 0.02421875
1 0.4515625 0.96796875 0.02890625 0.025
1 0.14609375 0.91796875 0.0234375 0.02421875
1 0.22890625 0.98359375 0.025 0.0140625
1 0.1640625 0.66328125 0.03984375 0.02265625
1 0.70390625 0.48359375 0.03828125 0.02578125
1 0.7453125 0.46875 0.0296875 0.0296875
1 0.7859375 0.48125 0.02421875 0.034375
1 0.6328125 0.428125 0.0265625 0.025
1 0.73984375 0.41796875 0.028125 0.0234375
1 0.66328125 0.2765625 0.0265625 0.021875
1 0.76796875 0.3703125 0.03515625 0.01171875
1 0.296875 0.3421875 0.01171875 0.0296875
1 0.48671875 0.86953125 0.009375 0.0171875
1 0.159375 0.390625 0.02109375 0.01640625