1 0.440625 0.24921875 0.09140625 0.14453125
1 0.27578125 0.64609375 0.05859375 0.06875
1 0.165625 0.5546875 0.07734375 0.1046875
3 0.3265625 0.34921875 0.0515625 0.06953125
3 0.225 0.175 0.0734375 0.134375
3 0.478125 0.440625 0.034375 0.05859375
1 0.53828125 0.32734375 0.07421875 0.09921875
1 0.75390625 0.27265625 0.09921875 0.09765625
1 0.65234375 0.390625 0.10546875 0.121875
1 0.975 0.62109375 0.04921875 0.09453125
3 0.70234375 0.890625 0.05546875 0.078125
3 0.5515625 0.73359375 0.059375 0.07734375
3 0.4078125 0.57421875 0.2140625 0.13828125
0 0.43125 0.95234375 0.0328125 0.0390625
0 0.5203125 0.8203125 0.02421875 0.02890625
0 0.80078125 0.77734375 0.02109375 0.04296875
0 0.775 0.6625 0.0265625 0.04140625
0 0.77578125 0.59375 0.01953125 0.03125
0 0.13046875 0.71328125 0.0203125 0.028125
3 0.15546875 0.315625 0.040625 0.04765625
3 0.06328125 0.421875 0.08984375 0.0875
3 0.6796875 0.05078125 0.04375 0.07265625
3 0.3109375 0.17734375 0.09375 0.1140625
3 0.2828125 0.75234375 0.0953125 0.11171875
3 0.78125 0.44765625 0.05078125 0.08125
3 0.92421875 0.54765625 0.0375 0.103125