4 0.4359375 0.63203125 0.021875 0.01484375
4 0.33046875 0.61953125 0.01953125 0.01953125
4 0.3234375 0.6546875 0.02421875 0.01796875
4 0.3578125 0.68359375 0.01640625 0.01796875
4 0.41328125 0.6609375 0.01796875 0.01953125
4 0.55703125 0.59609375 0.02890625 0.02578125
4 0.61953125 0.65234375 0.0125 0.01484375
4 0.35390625 0.74921875 0.015625 0.01953125
4 0.3203125 0.7296875 0.01875 0.021875
4 0.19609375 0.73203125 0.01875 0.021875
4 0.23359375 0.6265625 0.02265625 0.025
4 0.44375 0.9125 0.0203125 0.0171875
4 0.69375 0.5546875 0.03203125 0.02109375
4 0.80234375 0.5109375 0.02109375 0.01640625
4 0.74140625 0.62890625 0.0203125 0.0203125
3 0.78984375 0.6515625 0.02578125 0.02578125
3 0.66640625 0.5078125 0.0421875 0.046875
3 0.74140625 0.52421875 0.04921875 0.06640625
3 0.38046875 0.62890625 0.0453125 0.05234375
3 0.346875 0.575 0.06328125 0.03046875
3 0.57421875 0.30234375 0.0328125 0.03515625
3 0.634375 0.30546875 0.04296875 0.03359375
3 0.6 0.196875 0.05703125 0.05234375
3 0.5390625 0.64921875 0.1 0.05546875
3 0.6375 0.615625 0.059375 0.04453125