3 0.55546875 0.51484375 0.1 0.12421875
3 0.465625 0.39921875 0.065625 0.10390625
3 0.38359375 0.27890625 0.07578125 0.1109375
3 0.66171875 0.39453125 0.078125 0.0984375
3 0.33671875 0.64453125 0.09375 0.0921875
1 0.17265625 0.65390625 0.0765625 0.07578125
1 0.08125 0.52109375 0.04765625 0.08828125
1 0.2 0.13125 0.05078125 0.16640625
1 0.2671875 0.3421875 0.03515625 0.059375
1 0.81328125 0.87578125 0.059375 0.06015625
1 0.94765625 0.94296875 0.0390625 0.0625
3 0.65625 0.05 0.125 0.084375
3 0.23125 0.559375 0.071875 0.09921875
4 0.1671875 0.7890625 0.03671875 0.053125