4 0.5890625 0.50859375 0.0265625 0.0296875
4 0.771875 0.32734375 0.02890625 0.0296875
4 0.80703125 0.4109375 0.02734375 0.0265625
4 0.9109375 0.371875 0.03359375 0.03203125
4 0.86875 0.446875 0.040625 0.0453125
4 0.7203125 0.3875 0.05546875 0.04453125
4 0.65703125 0.46796875 0.0234375 0.03203125
4 0.70390625 0.78203125 0.03203125 0.03671875
4 0.49765625 0.87578125 0.0296875 0.03046875
4 0.58046875 0.83203125 0.040625 0.03671875
3 0.5703125 0.91796875 0.0296875 0.03359375
3 0.7703125 0.81171875 0.0328125 0.07109375
3 0.765625 0.6484375 0.0703125 0.06171875
3 0.84609375 0.60234375 0.0484375 0.06015625
3 0.7375 0.4921875 0.03984375 0.05234375
3 0.89765625 0.565625 0.0375 0.03984375