4 0.26640625 0.2859375 0.0453125 0.0546875
4 0.29453125 0.42890625 0.02578125 0.03671875
4 0.3328125 0.47890625 0.0265625 0.03125
4 0.49453125 0.375 0.02734375 0.06171875
4 0.53515625 0.290625 0.01796875 0.02421875
1 0.5125 0.58359375 0.07734375 0.10078125
1 0.3171875 0.84609375 0.06015625 0.09453125
4 0.2015625 0.8625 0.0265625 0.0328125
4 0.2234375 0.83359375 0.021875 0.0234375
4 0.23671875 0.95390625 0.0265625 0.03046875
4 0.3859375 0.76484375 0.0125 0.02421875
4 0.4125 0.78046875 0.01484375 0.02265625
4 0.359375 0.70390625 0.0140625 0.01328125
4 0.3765625 0.81953125 0.009375 0.02265625
4 0.415625 0.8546875 0.02421875 0.04375
4 0.43984375 0.928125 0.02578125 0.02265625
3 0.40859375 0.575 0.0546875 0.0703125
3 0.43828125 0.440625 0.07421875 0.1140625
3 0.3078125 0.36171875 0.0546875 0.0546875
3 0.19921875 0.40234375 0.04609375 0.07421875
4 0.0953125 0.3390625 0.0765625 0.065625
4 0.64296875 0.73828125 0.02890625 0.046875
3 0.4765625 0.7484375 0.03515625 0.046875
5 0.59765625 0.428125 0.015625 0.021875
5 0.58984375 0.3078125 0.01875 0.015625