4 0.42421875 0.7546875 0.046875 0.05234375
4 0.43671875 0.8046875 0.040625 0.040625
4 0.32734375 0.7359375 0.0234375 0.03359375
4 0.7328125 0.671875 0.03671875 0.0484375
4 0.6890625 0.74140625 0.0421875 0.07578125
4 0.5890625 0.9671875 0.071875 0.05703125
4 0.584375 0.87890625 0.04453125 0.0453125
4 0.521875 0.81640625 0.0390625 0.03359375
4 0.4625 0.7390625 0.02578125 0.025
4 0.53359375 0.70703125 0.01953125 0.0265625
3 0.23359375 0.7765625 0.053125 0.07265625
3 0.278125 0.93359375 0.02578125 0.065625
3 0.36484375 0.98359375 0.0203125 0.02734375
3 0.23984375 0.66015625 0.0203125 0.0359375
3 0.65859375 0.88515625 0.04375 0.109375
5 0.3234375 0.6859375 0.0234375 0.03359375
5 0.378125 0.57734375 0.01484375 0.0375
5 0.40390625 0.68046875 0.03046875 0.03515625
5 0.4625 0.56640625 0.05390625 0.0609375
5 0.61875 0.6328125 0.021875 0.03984375
5 0.67421875 0.6359375 0.01484375 0.02421875
3 0.9328125 0.51796875 0.03125 0.04296875
3 0.50078125 0.853125 0.0296875 0.04765625
3 0.35703125 0.8359375 0.01796875 0.034375