1 0.25625 0.3421875 0.03515625 0.02265625
1 0.20546875 0.25625 0.05078125 0.0140625
1 0.59296875 0.43671875 0.0265625 0.02890625
1 0.64296875 0.2953125 0.0203125 0.0109375
1 0.3421875 0.21015625 0.0453125 0.01796875
1 0.8125 0.2640625 0.03125 0.01796875
1 0.86171875 0.2375 0.0421875 0.025
1 0.634375 0.684375 0.02890625 0.0265625
1 0.69140625 0.5625 0.01875 0.0125
1 0.4484375 0.72890625 0.0375 0.02734375
1 0.45859375 0.90078125 0.034375 0.01328125
1 0.4984375 0.93671875 0.04140625 0.0171875
1 0.8578125 0.79921875 0.01875 0.01015625
1 0.8796875 0.953125 0.03828125 0.0125
1 0.834375 0.928125 0.02734375 0.01328125
1 0.9140625 0.80625 0.01796875 0.009375
1 0.89921875 0.78359375 0.01796875 0.01171875
1 0.8421875 0.74296875 0.021875 0.01171875
1 0.72109375 0.734375 0.01953125 0.01640625
1 0.50546875 0.8671875 0.02578125 0.0140625
1 0.403125 0.72265625 0.015625 0.021875
1 0.73828125 0.37734375 0.025 0.0203125
1 0.76796875 0.28515625 0.0328125 0.0296875
1 0.68515625 0.17578125 0.0328125 0.015625