4 0.37265625 0.5578125 0.04453125 0.05703125
4 0.6390625 0.54296875 0.034375 0.05390625
1 0.7203125 0.18046875 0.0796875 0.1265625
1 0.60703125 0.078125 0.0765625 0.08671875
4 0.18125 0.065625 0.0484375 0.0703125
4 0.07734375 0.26875 0.065625 0.065625
4 0.30625 0.18203125 0.0421875 0.05703125
3 0.4234375 0.24609375 0.06171875 0.0890625
5 0.21328125 0.40625 0.0421875 0.040625
1 0.203125 0.65546875 0.0546875 0.08984375
4 0.30234375 0.5359375 0.06953125 0.0875
4 0.4453125 0.44140625 0.0234375 0.0515625
5 0.31875 0.31640625 0.0421875 0.04765625
5 0.40625 0.32578125 0.028125 0.0296875
4 0.05546875 0.025 0.03984375 0.04609375
5 0.06640625 0.51796875 0.025 0.034375
5 0.18984375 0.55 0.0296875 0.040625
5 0.125 0.53046875 0.01640625 0.025
5 0.12578125 0.48125 0.02265625 0.02890625
5 0.10625 0.4578125 0.0203125 0.0234375
5 0.1171875 0.58125 0.03203125 0.05546875
5 0.14921875 0.67421875 0.021875 0.04375
5 0.36875 0.09375 0.021875 0.028125
5 0.3921875 0.140625 0.0234375 0.03203125