4 0.6671875 0.43125 0.03046875 0.0375
4 0.6671875 0.478125 0.03046875 0.0390625
4 0.69609375 0.4765625 0.01875 0.02734375
4 0.27578125 0.7734375 0.0109375 0.01875
4 0.07109375 0.72578125 0.015625 0.02421875
4 0.5765625 0.38203125 0.02109375 0.03203125
3 0.55546875 0.49296875 0.02734375 0.03671875
3 0.62109375 0.4234375 0.04296875 0.04921875
3 0.509375 0.578125 0.0296875 0.03046875
3 0.6 0.56796875 0.021875 0.03984375
3 0.4109375 0.79296875 0.14140625 0.05546875
3 0.80546875 0.57890625 0.184375 0.05234375