4 0.63828125 0.5078125 0.04921875 0.0375
4 0.434375 0.53671875 0.0484375 0.021875
4 0.30703125 0.4828125 0.02421875 0.0203125
4 0.3359375 0.50703125 0.03046875 0.0203125
4 0.5109375 0.4125 0.0328125 0.02421875
4 0.47265625 0.28203125 0.03125 0.0125
4 0.6421875 0.6140625 0.03828125 0.0234375
5 0.5140625 0.21171875 0.0484375 0.021875
5 0.40078125 0.2890625 0.04296875 0.0359375
5 0.4796875 0.2390625 0.0265625 0.0203125
5 0.51796875 0.25859375 0.03203125 0.01328125
5 0.453125 0.47734375 0.0296875 0.0125
5 0.40546875 0.43046875 0.03359375 0.01953125
5 0.75234375 0.49921875 0.03359375 0.0234375
5 0.7765625 0.47734375 0.0390625 0.021875
5 0.81953125 0.465625 0.03125 0.0140625
5 0.79921875 0.4390625 0.0375 0.0171875
5 0.6671875 0.36796875 0.02265625 0.01875
5 0.8765625 0.32890625 0.0234375 0.0125
5 0.8375 0.3609375 0.0296875 0.02109375
5 0.946875 0.32734375 0.0234375 0.01953125
3 0.87890625 0.5828125 0.0375 0.0359375
3 0.4640625 0.315625 0.0609375 0.03671875