4 0.83671875 0.609375 0.03515625 0.021875
4 0.68203125 0.64765625 0.04140625 0.025
4 0.74375 0.4890625 0.03125 0.015625
5 0.6109375 0.60390625 0.03046875 0.01796875
5 0.58828125 0.57734375 0.02578125 0.01875
5 0.69609375 0.5703125 0.034375 0.021875
5 0.596875 0.5375 0.02109375 0.01953125
5 0.93203125 0.57734375 0.02890625 0.01796875
5 0.95546875 0.52890625 0.02265625 0.01328125
5 0.96875 0.5640625 0.03359375 0.0109375
5 0.7375 0.621875 0.02109375 0.0171875
5 0.8578125 0.5421875 0.03125 0.0265625
5 0.8375 0.40390625 0.0265625 0.01796875
5 0.69921875 0.471875 0.03828125 0.0125
5 0.78828125 0.49296875 0.0203125 0.02265625
5 0.76171875 0.40390625 0.025 0.015625
5 0.71171875 0.3296875 0.02578125 0.009375
5 0.675 0.29765625 0.021875 0.01484375
5 0.6625 0.325 0.03359375 0.01640625
5 0.65625 0.35078125 0.01953125 0.0125
5 0.7 0.37265625 0.05078125 0.01796875
5 0.74296875 0.2390625 0.02890625 0.02265625
5 0.7921875 0.20703125 0.02109375 0.01484375
4 0.771875 0.13203125 0.03984375 0.01640625
5 0.72265625 0.28125 0.01875 0.02109375
5 0.67578125 0.23203125 0.028125 0.0125
5 0.72265625 0.203125 0.03125 0.01484375