4 0.71171875 0.41171875 0.034375 0.0625
4 0.671875 0.3234375 0.04375 0.0625
4 0.63046875 0.38984375 0.0296875 0.04375
4 0.58984375 0.296875 0.0546875 0.06328125
4 0.73671875 0.18046875 0.04921875 0.06015625
4 0.91171875 0.221875 0.0328125 0.05078125
4 0.96796875 0.17734375 0.02578125 0.04296875
4 0.9609375 0.0234375 0.034375 0.02734375
4 0.778125 0.36484375 0.01953125 0.025
4 0.7 0.553125 0.0546875 0.06171875
1 0.775 0.56953125 0.0671875 0.09296875
4 0.8328125 0.609375 0.0296875 0.03515625
4 0.87421875 0.65078125 0.0359375 0.0671875
4 0.90625 0.63125 0.021875 0.04375
4 0.934375 0.67890625 0.0265625 0.15
4 0.67109375 0.7515625 0.0390625 0.03984375
4 0.70546875 0.80390625 0.03515625 0.040625
4 0.76171875 0.76015625 0.04296875 0.04140625
4 0.65390625 0.84296875 0.034375 0.059375
4 0.6265625 0.60625 0.0265625 0.0375
4 0.18828125 0.115625 0.02421875 0.0375
4 0.15859375 0.2921875 0.03671875 0.05546875
4 0.59140625 0.04375 0.034375 0.05546875
3 0.77109375 0.1 0.0453125 0.0546875
4 0.4515625 0.3546875 0.0515625 0.07109375
4 0.2734375 0.54609375 0.0328125 0.04765625
4 0.07109375 0.5421875 0.03203125 0.0453125
4 0.6578125 0.55546875 0.01953125 0.0328125
4 0.64609375 0.1640625 0.02421875 0.025
4 0.67421875 0.22109375 0.0328125 0.02890625
4 0.215625 0.1796875 0.0484375 0.04765625
4 0.4265625 0.265625 0.02578125 0.03203125
4 0.5046875 0.15859375 0.03828125 0.04453125