4 0.11484375 0.4375 0.0296875 0.04765625
4 0.265625 0.609375 0.03359375 0.05546875
4 0.56328125 0.70859375 0.02578125 0.025
4 0.603125 0.665625 0.04375 0.046875
4 0.62578125 0.7703125 0.02265625 0.04609375
4 0.559375 0.803125 0.02734375 0.03203125
4 0.271875 0.7984375 0.034375 0.05859375
4 0.3265625 0.925 0.0296875 0.05859375
3 0.70234375 0.49921875 0.06328125 0.13515625
4 0.39375 0.74921875 0.01875 0.0296875
4 0.54921875 0.83828125 0.0234375 0.02265625
4 0.43203125 0.6796875 0.02265625 0.02578125
3 0.51171875 0.753125 0.04375 0.0640625
3 0.62421875 0.86171875 0.08046875 0.1375
3 0.328125 0.79609375 0.0734375 0.13515625
3 0.2125 0.7828125 0.05 0.12734375
4 0.1296875 0.70234375 0.034375 0.04453125
4 0.0703125 0.63984375 0.02421875 0.040625