1 0.28828125 0.5671875 0.034375 0.021875
1 0.0890625 0.56171875 0.0453125 0.03671875
1 0.0734375 0.69375 0.034375 0.02109375
1 0.39765625 0.47734375 0.01953125 0.02109375
1 0.4171875 0.55859375 0.02265625 0.01875
1 0.56484375 0.296875 0.0203125 0.01796875
1 0.53125 0.32265625 0.02578125 0.021875
1 0.56640625 0.33828125 0.02578125 0.02109375
1 0.36875 0.33984375 0.0296875 0.03046875
1 0.6 0.246875 0.0296875 0.0296875
1 0.48203125 0.22890625 0.025 0.021875
1 0.10234375 0.17109375 0.03828125 0.025
1 0.02578125 0.73984375 0.04140625 0.05078125
1 0.24921875 0.0859375 0.04609375 0.03515625