1 0.221875 0.409375 0.05546875 0.0734375
4 0.5578125 0.4859375 0.028125 0.0390625
4 0.26484375 0.20390625 0.0234375 0.0453125
4 0.1890625 0.51640625 0.01796875 0.0234375
1 0.61484375 0.60078125 0.03828125 0.0625
1 0.6125 0.47265625 0.04453125 0.05859375
3 0.771875 0.35 0.08984375 0.1484375
4 0.490625 0.50390625 0.0484375 0.05625
4 0.528125 0.5859375 0.03671875 0.04375
4 0.25390625 0.57265625 0.03671875 0.040625
4 0.22109375 0.6546875 0.03828125 0.05
3 0.590625 0.69453125 0.1578125 0.1046875
3 0.6859375 0.553125 0.0421875 0.1171875
4 0.41328125 0.375 0.040625 0.04375
3 0.2921875 0.37109375 0.06171875 0.0671875
3 0.36640625 0.43046875 0.03203125 0.065625
3 0.31015625 0.62265625 0.0671875 0.0703125
3 0.1640625 0.371875 0.05546875 0.134375
4 0.45625 0.49296875 0.01640625 0.02890625
4 0.4984375 0.62109375 0.040625 0.03828125