0 0.15234375 0.34375 0.03984375 0.040625
0 0.18125 0.4640625 0.04921875 0.03359375
0 0.225 0.56640625 0.04296875 0.03515625
0 0.41796875 0.49765625 0.05390625 0.034375
0 0.478125 0.40546875 0.0421875 0.03359375
0 0.6046875 0.43203125 0.03203125 0.01953125
0 0.39140625 0.653125 0.03046875 0.02890625
0 0.44921875 0.6796875 0.02578125 0.0390625
0 0.359375 0.30859375 0.0328125 0.03046875
0 0.53671875 0.3265625 0.02734375 0.03671875
0 0.6765625 0.29375 0.03203125 0.0375
0 0.68046875 0.5421875 0.0265625 0.03203125
0 0.5984375 0.81640625 0.03828125 0.0296875
0 0.68671875 0.78671875 0.03125 0.0296875
0 0.42890625 0.8296875 0.0609375 0.034375
0 0.471875 0.9046875 0.03671875 0.0375