4 0.4359375 0.06640625 0.06640625 0.07265625
4 0.63828125 0.1046875 0.10078125 0.10234375
4 0.0625 0.30859375 0.07421875 0.084375
4 0.115625 0.109375 0.08359375 0.08828125
4 0.1953125 0.2328125 0.05234375 0.05234375
4 0.10625 0.4703125 0.07734375 0.08359375
4 0.23671875 0.42109375 0.071875 0.071875
4 0.2265625 0.58359375 0.071875 0.0890625
4 0.18125 0.7578125 0.09375 0.10859375
4 0.0484375 0.62890625 0.0671875 0.06796875
4 0.46015625 0.71953125 0.071875 0.08203125
4 0.790625 0.43984375 0.06015625 0.08359375
4 0.5375 0.53125 0.05703125 0.05859375
4 0.53125 0.7671875 0.03359375 0.0453125
4 0.378125 0.53828125 0.13828125 0.1453125
4 0.73125 0.721875 0.05546875 0.0765625
4 0.81171875 0.73515625 0.05234375 0.05859375
4 0.74765625 0.96328125 0.0515625 0.05859375
4 0.9015625 0.62109375 0.04921875 0.0703125
4 0.87734375 0.69140625 0.05703125 0.0640625
4 0.85 0.8984375 0.0640625 0.0921875
4 0.94921875 0.94609375 0.05390625 0.07734375
4 0.8875 0.7921875 0.059375 0.071875
4 0.628125 0.61640625 0.07265625 0.0859375
4 0.653125 0.53671875 0.07109375 0.08125
4 0.32109375 0.7484375 0.0703125 0.08203125