3 0.20859375 0.17890625 0.0453125 0.06875
3 0.190625 0.428125 0.053125 0.04609375
3 0.12265625 0.68203125 0.03359375 0.05546875
3 0.2734375 0.77265625 0.04921875 0.06015625
3 0.4625 0.4921875 0.0484375 0.0546875
3 0.77734375 0.12109375 0.04453125 0.06640625
3 0.146875 0.325 0.05859375 0.06171875
3 0.3078125 0.91328125 0.04296875 0.0625
3 0.11640625 0.915625 0.03125 0.04296875
3 0.24765625 0.6625 0.0375 0.0390625
3 0.2484375 0.43984375 0.0390625 0.0484375
3 0.11875 0.12109375 0.03359375 0.05
3 0.54375 0.0484375 0.0515625 0.0546875
3 0.340625 0.59296875 0.03828125 0.05
3 0.546875 0.64921875 0.03359375 0.04140625
3 0.14765625 0.9734375 0.0359375 0.053125
3 0.23203125 0.903125 0.04140625 0.06015625
3 0.1890625 0.4828125 0.0359375 0.04375
4 0.48984375 0.27578125 0.0578125 0.06328125