3 0.271875 0.7328125 0.0765625 0.08359375
3 0.61484375 0.74765625 0.0828125 0.065625
3 0.4265625 0.72578125 0.11171875 0.0734375
3 0.278125 0.90546875 0.046875 0.04140625
3 0.03671875 0.6296875 0.03046875 0.03671875
3 0.5125 0.425 0.05625 0.0484375
3 0.2703125 0.459375 0.0484375 0.040625
3 0.0640625 0.50546875 0.07421875 0.08515625
3 0.64453125 0.52421875 0.10625 0.1125
3 0.33984375 0.8078125 0.0734375 0.0609375
3 0.75078125 0.978125 0.0609375 0.04375
4 0.0515625 0.296875 0.07890625 0.08515625
4 0.39609375 0.95234375 0.06015625 0.06953125