3 0.66875 0.5078125 0.0328125 0.0359375
3 0.28046875 0.61328125 0.0390625 0.05234375
3 0.3671875 0.62734375 0.0265625 0.0265625
3 0.521875 0.3875 0.053125 0.075
3 0.24296875 0.4984375 0.04375 0.0515625
3 0.66640625 0.68359375 0.04609375 0.059375
3 0.3859375 0.5640625 0.04921875 0.059375
3 0.28828125 0.55703125 0.06171875 0.04609375
3 0.86484375 0.1171875 0.0546875 0.0796875
3 0.52890625 0.55390625 0.03359375 0.034375
3 0.7421875 0.67421875 0.03671875 0.04453125
3 0.51484375 0.79765625 0.034375 0.03671875
4 0.6296875 0.58828125 0.02890625 0.02890625
3 0.228125 0.56640625 0.03125 0.04375
3 0.684375 0.88671875 0.04375 0.040625