3 0.56171875 0.56953125 0.03125 0.04765625
3 0.43828125 0.2859375 0.04296875 0.06015625
3 0.4484375 0.59921875 0.02109375 0.034375
3 0.7375 0.27265625 0.03828125 0.05078125
3 0.4125 0.225 0.0390625 0.05
3 0.315625 0.35859375 0.02109375 0.02734375
3 0.31015625 0.1578125 0.028125 0.04921875
3 0.49921875 0.63671875 0.021875 0.03046875
3 0.6484375 0.79296875 0.0484375 0.07265625
3 0.52734375 0.1640625 0.0296875 0.04609375
3 0.75703125 0.709375 0.03828125 0.046875
3 0.46953125 0.39765625 0.02890625 0.0390625
3 0.390625 0.75 0.025 0.03984375
3 0.31640625 0.58515625 0.021875 0.04375
3 0.59375 0.71171875 0.04609375 0.06328125
3 0.71953125 0.6140625 0.0390625 0.053125
3 0.6359375 0.04765625 0.0328125 0.04296875
3 0.56171875 0.278125 0.02578125 0.0359375
3 0.38203125 0.30546875 0.0203125 0.02265625
3 0.30546875 0.29453125 0.02265625 0.03828125
3 0.4484375 0.0234375 0.03203125 0.04375
3 0.4171875 0.48046875 0.02421875 0.03515625
3 0.4203125 0.4265625 0.0109375 0.021875
3 0.4328125 0.43359375 0.01015625 0.01875
0 0.53515625 0.43515625 0.0140625 0.021875
0 0.43125 0.36171875 0.01171875 0.015625
0 0.3515625 0.4078125 0.0046875 0.009375
0 0.40078125 0.421875 0.00703125 0.01015625
0 0.39921875 0.3796875 0.0046875 0.01015625
0 0.36875 0.23515625 0.01015625 0.0140625
0 0.3765625 0.28515625 0.0078125 0.01171875
0 0.2875 0.50546875 0.0078125 0.0125
0 0.4671875 0.5109375 0.0078125 0.01015625
0 0.496875 0.53046875 0.00625 0.009375
0 0.4734375 0.6078125 0.00625 0.01015625
0 0.42890625 0.17265625 0.0078125 0.0109375
0 0.42109375 0.10078125 0.00859375 0.0109375
0 0.3640625 0.29765625 0.0078125 0.0109375
3 0.30703125 0.428125 0.01796875 0.025
3 0.31171875 0.7578125 0.01953125 0.03125
0 0.53125 0.8453125 0.0171875 0.02421875
3 0.35 0.134375 0.0265625 0.04296875
3 0.4109375 0.34296875 0.01640625 0.02578125