3 0.703125 0.5875 0.03203125 0.03984375
3 0.56328125 0.3421875 0.034375 0.03984375
3 0.67578125 0.1390625 0.028125 0.040625
3 0.5140625 0.890625 0.03984375 0.04453125
3 0.33046875 0.72578125 0.03046875 0.03671875
3 0.12265625 0.853125 0.03125 0.03828125
4 0.41328125 0.81328125 0.03125 0.04140625
3 0.47890625 0.83984375 0.03359375 0.040625
3 0.7140625 0.65390625 0.0328125 0.03671875
3 0.5109375 0.80859375 0.0296875 0.04453125
3 0.2953125 0.90078125 0.04296875 0.03671875
3 0.2265625 0.4359375 0.03828125 0.03984375
3 0.2828125 0.4828125 0.0375 0.05390625
3 0.78984375 0.45234375 0.028125 0.0453125
3 0.80546875 0.39296875 0.02578125 0.0359375
3 0.73125 0.73125 0.04296875 0.04921875
3 0.6671875 0.48046875 0.02109375 0.03203125
3 0.24765625 0.81484375 0.05859375 0.0546875
3 0.6734375 0.79375 0.03671875 0.0484375
3 0.62578125 0.83671875 0.03046875 0.03359375
3 0.80625 0.52890625 0.03203125 0.046875
3 0.81484375 0.63359375 0.03046875 0.03984375
3 0.64375 0.33515625 0.03125 0.04140625
3 0.7359375 0.19921875 0.034375 0.05390625
3 0.39453125 0.7546875 0.03671875 0.034375
3 0.6140625 0.65546875 0.025 0.03125
3 0.590625 0.29140625 0.040625 0.04765625
3 0.64375 0.58515625 0.01796875 0.02421875
3 0.3265625 0.834375 0.028125 0.02890625
3 0.44296875 0.92578125 0.03828125 0.04296875
3 0.3734375 0.87578125 0.03046875 0.04296875
3 0.834375 0.196875 0.04140625 0.05703125
3 0.23125 0.21171875 0.0515625 0.06484375
3 0.7875 0.61484375 0.0140625 0.021875
3 0.56953125 0.91171875 0.0328125 0.03125
3 0.60546875 0.71796875 0.01875 0.02578125
3 0.22109375 0.95859375 0.046875 0.04453125
3 0.915625 0.275 0.021875 0.05390625
3 0.87890625 0.13046875 0.01484375 0.02421875
3 0.56328125 0.66171875 0.040625 0.05703125
3 0.7609375 0.35078125 0.0296875 0.0453125
3 0.15546875 0.915625 0.059375 0.06484375
4 0.4140625 0.1625 0.05078125 0.06484375
3 0.69296875 0.31171875 0.0328125 0.0453125
3 0.61484375 0.4125 0.04140625 0.04296875