4 0.97578125 0.03125 0.0484375 0.0625
4 0.56171875 0.6046875 0.0546875 0.1
4 0.74921875 0.68984375 0.0671875 0.10390625
4 0.56875 0.75546875 0.0828125 0.11796875
4 0.5515625 0.95625 0.071875 0.084375
3 0.37734375 0.046875 0.09921875 0.09296875
3 0.68359375 0.15703125 0.0671875 0.0890625
3 0.68984375 0.2953125 0.10625 0.13203125
3 0.059375 0.91015625 0.09453125 0.15859375
3 0.29609375 0.96171875 0.0859375 0.0765625
3 0.8609375 0.46015625 0.0484375 0.0859375
4 0.92890625 0.1140625 0.08203125 0.10625
3 0.45546875 0.28203125 0.0515625 0.0828125
3 0.47890625 0.76171875 0.0609375 0.09921875
3 0.7203125 0.925 0.05 0.08046875
4 0.6390625 0.94296875 0.07265625 0.08515625