4 0.1015625 0.12734375 0.096875 0.13125
4 0.97734375 0.64375 0.0453125 0.1015625
4 0.55625 0.5171875 0.1046875 0.11328125
4 0.4640625 0.13515625 0.08203125 0.10703125
4 0.26953125 0.3640625 0.0671875 0.109375
4 0.36328125 0.7328125 0.078125 0.09296875
4 0.103125 0.90546875 0.05546875 0.0890625
4 0.203125 0.88359375 0.04921875 0.0890625
4 0.971875 0.8859375 0.053125 0.11328125
4 0.0984375 0.653125 0.06484375 0.12265625
4 0.4125 0.53203125 0.05546875 0.10703125
4 0.7390625 0.7328125 0.0625 0.1015625
4 0.85859375 0.87265625 0.0609375 0.08359375
4 0.2734375 0.9375 0.0453125 0.04921875
4 0.878125 0.51953125 0.07109375 0.13125