4 0.05703125 0.075 0.0828125 0.078125
4 0.26328125 0.1171875 0.07109375 0.0703125
4 0.55703125 0.071875 0.059375 0.071875
4 0.8546875 0.26171875 0.07265625 0.0796875
4 0.69921875 0.24375 0.0609375 0.06796875
4 0.44453125 0.4359375 0.07890625 0.08828125
4 0.6953125 0.509375 0.05703125 0.07421875
4 0.50625 0.73046875 0.07265625 0.06796875
4 0.703125 0.790625 0.0765625 0.08828125
4 0.446875 0.8109375 0.06328125 0.0578125
4 0.41328125 0.9390625 0.0671875 0.06640625
4 0.21953125 0.521875 0.0609375 0.071875