4 0.38203125 0.37421875 0.1390625 0.15546875
4 0.62734375 0.36953125 0.0421875 0.0578125
4 0.88046875 0.8453125 0.05625 0.0453125
4 0.40625 0.60859375 0.0484375 0.05859375
4 0.25078125 0.77734375 0.146875 0.140625
4 0.8140625 0.5203125 0.05390625 0.07109375
4 0.85859375 0.62578125 0.0359375 0.05078125
4 0.97109375 0.69765625 0.05703125 0.08046875
4 0.740625 0.78203125 0.0578125 0.03984375
4 0.775 0.87890625 0.04609375 0.09296875
4 0.7015625 0.62109375 0.05234375 0.05703125
4 0.49375 0.428125 0.0671875 0.06171875
1 0.54375 0.77421875 0.16796875 0.4203125
1 0.1890625 0.5875 0.15234375 0.21328125
1 0.5796875 0.19140625 0.50625 0.21484375