0 0.2453125 0.4875 0.0703125 0.1
0 0.26875 0.38359375 0.05859375 0.0875
0 0.39375 0.4203125 0.0328125 0.1109375
0 0.0125 0.62890625 0.025 0.08203125
1 0.88125 0.65546875 0.1890625 0.0875
1 0.5046875 0.13984375 0.134375 0.14453125
0 0.00859375 0.96015625 0.0171875 0.0796875
0 0.01875 0.77734375 0.0375 0.09765625
0 0.16015625 0.75 0.171875 0.1
0 0.34296875 0.9703125 0.06875 0.05859375
0 0.128125 0.9046875 0.05078125 0.0875
3 0.88203125 0.80078125 0.19140625 0.2015625
1 0.7984375 0.728125 0.07421875 0.05625