1 0.2046875 0.265625 0.15625 0.1328125
1 0.3171875 0.1171875 0.06875 0.08984375
0 0.8359375 0.521875 0.08203125 0.03515625
5 0.6890625 0.12890625 0.0578125 0.0390625
5 0.1265625 0.94375 0.04296875 0.05859375
5 0.18046875 0.89375 0.040625 0.0328125
5 0.21953125 0.98359375 0.0328125 0.0328125
5 0.3265625 0.8796875 0.05078125 0.0296875
3 0.32890625 0.80546875 0.0453125 0.0609375
3 0.02421875 0.8421875 0.0484375 0.03125
5 0.184375 0.93359375 0.0453125 0.0546875
3 0.98515625 0.9625 0.0296875 0.0390625
3 0.97578125 0.878125 0.0484375 0.025