4 0.1484375 0.4015625 0.02265625 0.08203125
4 0.240625 0.3171875 0.021875 0.0453125
2 0.29453125 0.29765625 0.02421875 0.05
1 0.16640625 0.6703125 0.0390625 0.06640625
1 0.35546875 0.52421875 0.0390625 0.1125
2 0.4046875 0.22734375 0.059375 0.0984375
3 0.3265625 0.34453125 0.02890625 0.03671875
2 0.22421875 0.615625 0.02734375 0.034375
3 0.1484375 0.91484375 0.01640625 0.071875
2 0.2765625 0.56640625 0.034375 0.07421875
3 0.37421875 0.10625 0.03125 0.05859375
3 0.3609375 0.7140625 0.0328125 0.034375
3 0.27109375 0.65390625 0.0515625 0.06796875
3 0.22421875 0.38359375 0.02734375 0.05078125
3 0.384375 0.346875 0.0359375 0.05703125