4 0.63203125 0.25546875 0.01875 0.04375
4 0.3265625 0.32265625 0.02265625 0.04296875
4 0.53671875 0.7625 0.0171875 0.03046875
4 0.55546875 0.8203125 0.009375 0.04296875
4 0.4953125 0.8546875 0.0140625 0.0703125
4 0.4703125 0.78828125 0.01875 0.0390625
4 0.57890625 0.7671875 0.01328125 0.03125
4 0.58046875 0.828125 0.0125 0.04921875
3 0.434375 0.8484375 0.0375 0.0703125
4 0.39296875 0.38203125 0.01328125 0.04453125
3 0.353125 0.4234375 0.02578125 0.05859375
3 0.3421875 0.54375 0.02109375 0.0359375
3 0.409375 0.6671875 0.0578125 0.1
3 0.69921875 0.296875 0.01796875 0.0578125
3 0.66875 0.47421875 0.0109375 0.046875
4 0.60390625 0.43515625 0.0140625 0.02578125
5 0.58671875 0.44375 0.01015625 0.02578125
3 0.36875 0.19921875 0.10234375 0.16484375
3 0.37421875 0.73203125 0.01640625 0.0328125
3 0.42265625 0.75859375 0.046875 0.07421875
3 0.33359375 0.60625 0.0265625 0.040625