1 0.50859375 0.07109375 0.0734375 0.06640625
1 0.84375 0.321875 0.16015625 0.1296875
1 0.52265625 0.228125 0.10625 0.07734375
1 0.33046875 0.27109375 0.14609375 0.07734375
1 0.07421875 0.63125 0.10234375 0.07109375
1 0.41484375 0.6375 0.1453125 0.0765625
1 0.24375 0.83359375 0.09296875 0.06640625
1 0.1359375 0.95625 0.08671875 0.065625
1 0.740625 0.7359375 0.07421875 0.06875
1 0.903125 0.9421875 0.07890625 0.0609375
1 0.98046875 0.9375 0.03828125 0.07578125
1 0.8671875 0.7328125 0.059375 0.08984375
1 0.95859375 0.609375 0.0703125 0.08359375