4 0.725 0.53515625 0.040625 0.04296875
4 0.6453125 0.39765625 0.0265625 0.03671875
4 0.61328125 0.32109375 0.03046875 0.02265625
4 0.534375 0.5296875 0.05546875 0.03046875
4 0.55859375 0.63828125 0.03359375 0.02734375
4 0.5859375 0.68046875 0.0328125 0.0296875
3 0.80625 0.40859375 0.04921875 0.0359375
3 0.7109375 0.38125 0.0609375 0.028125
3 0.74375 0.42109375 0.046875 0.03984375
3 0.44609375 0.5265625 0.0875 0.03359375
3 0.54765625 0.32734375 0.06171875 0.06640625
5 0.61640625 0.4640625 0.18359375 0.0859375
3 0.70703125 0.6453125 0.0671875 0.04375
3 0.78125 0.5046875 0.040625 0.021875
3 0.60390625 0.60703125 0.03671875 0.0265625