1 0.4234375 0.10703125 0.06015625 0.06953125
0 0.52265625 0.06953125 0.0875 0.07421875
1 0.37109375 0.64296875 0.10859375 0.18671875
2 0.49453125 0.478125 0.04453125 0.0171875
1 0.503125 0.5796875 0.1 0.0734375
1 0.73046875 0.53828125 0.09609375 0.06484375
1 0.7328125 0.70234375 0.05 0.10078125
2 0.7 0.80703125 0.040625 0.02578125
2 0.559375 0.409375 0.0453125 0.034375
2 0.5703125 0.47578125 0.015625 0.01484375
2 0.55703125 0.46484375 0.01015625 0.01015625
2 0.56875 0.44453125 0.015625 0.015625
2 0.5890625 0.5734375 0.025 0.00859375
2 0.57421875 0.61640625 0.0109375 0.015625
1 0.615625 0.08671875 0.05859375 0.0828125
4 0.51875 0.8328125 0.01484375 0.01640625
4 0.534375 0.81953125 0.0125 0.00859375