3 0.4140625 0.18984375 0.028125 0.01328125
3 0.4109375 0.22890625 0.015625 0.01328125
4 0.36015625 0.15546875 0.01015625 0.01015625
4 0.3375 0.15234375 0.009375 0.009375
3 0.33671875 0.10234375 0.01171875 0.0140625
4 0.51328125 0.15703125 0.01171875 0.01015625
4 0.49765625 0.20703125 0.0125 0.01328125
3 0.46640625 0.21640625 0.0078125 0.0125
3 0.56875 0.1625 0.01015625 0.01171875
3 0.5546875 0.09921875 0.01015625 0.0078125
3 0.571875 0.08125 0.0109375 0.01171875
4 0.59609375 0.12890625 0.00703125 0.00859375
3 0.74765625 0.1921875 0.0140625 0.0125
4 0.6859375 0.2421875 0.0140625 0.01640625
3 0.76640625 0.11796875 0.00859375 0.01171875
3 0.50859375 0.32109375 0.0140625 0.01171875
4 0.5015625 0.35703125 0.01328125 0.00859375
4 0.303125 0.1421875 0.01328125 0.00859375
4 0.23125 0.571875 0.01328125 0.01171875
4 0.49296875 0.228125 0.0078125 0.0078125
4 0.53203125 0.15234375 0.00859375 0.00703125
4 0.75703125 0.140625 0.01015625 0.00703125
3 0.79765625 0.53359375 0.01640625 0.01484375
3 0.6703125 0.53046875 0.01953125 0.01640625
3 0.740625 0.53125 0.01796875 0.0109375
3 0.68671875 0.59765625 0.015625 0.01640625
3 0.584375 0.7171875 0.0109375 0.01015625
4 0.5203125 0.94140625 0.01171875 0.01015625
3 0.26015625 0.52265625 0.0140625 0.0109375
3 0.15625 0.66015625 0.01640625 0.015625
3 0.196875 0.70234375 0.0140625 0.00859375
3 0.2171875 0.778125 0.009375 0.015625
3 0.3640625 0.11328125 0.0125 0.01640625
3 0.4078125 0.1421875 0.015625 0.0078125
3 0.39765625 0.1203125 0.0140625 0.01328125
3 0.48046875 0.13046875 0.01015625 0.00859375
3 0.42734375 0.11875 0.00859375 0.00703125
3 0.38046875 0.10625 0.00546875 0.00703125
3 0.5 0.0828125 0.0140625 0.00859375