0 0.2828125 0.56640625 0.03671875 0.06875
0 0.2578125 0.45390625 0.015625 0.02890625
0 0.32421875 0.5171875 0.01953125 0.040625
0 0.4265625 0.69375 0.0171875 0.03671875
0 0.48046875 0.46640625 0.0171875 0.03125
0 0.565625 0.48671875 0.0171875 0.03125
0 0.56640625 0.4078125 0.01328125 0.0359375
0 0.5046875 0.65390625 0.0171875 0.03515625
0 0.540625 0.76640625 0.01484375 0.03203125
0 0.6109375 0.66171875 0.0140625 0.034375
0 0.63828125 0.76015625 0.01484375 0.03828125
0 0.51953125 0.896875 0.01328125 0.02578125
0 0.4796875 0.92578125 0.01328125 0.0234375
0 0.45625 0.93046875 0.0125 0.02109375
0 0.4234375 0.90703125 0.01171875 0.02265625
0 0.50859375 0.975 0.01328125 0.025
0 0.64296875 0.31484375 0.0203125 0.04765625
0 0.5234375 0.09609375 0.01953125 0.03515625
0 0.4234375 0.07265625 0.021875 0.04453125
0 0.94453125 0.1546875 0.0203125 0.040625
0 0.9046875 0.28046875 0.01171875 0.021875
0 0.11015625 0.60703125 0.01640625 0.025
0 0.08984375 0.93125 0.0140625 0.03046875
0 0.27890625 0.8125 0.01171875 0.02578125