0 0.084375 0.4796875 0.16796875 0.2125
0 0.1453125 0.1890625 0.290625 0.23046875
3 0.50078125 0.0484375 0.1796875 0.096875
3 0.76484375 0.459375 0.125 0.1421875
1 0.9296875 0.29609375 0.140625 0.1546875
1 0.1578125 0.96015625 0.078125 0.0796875
1 0.12890625 0.83671875 0.05078125 0.0859375
3 0.18359375 0.9203125 0.0609375 0.08203125
0 0.88125 0.6890625 0.2109375 0.1328125
0 0.76484375 0.7890625 0.165625 0.07421875
0 0.6765625 0.8546875 0.23046875 0.08984375
0 0.596875 0.98203125 0.096875 0.0359375