0 0.5921875 0.45078125 0.03125 0.02265625
0 0.55625 0.653125 0.01328125 0.015625
0 0.5671875 0.43984375 0.01328125 0.01640625
0 0.690625 0.52421875 0.0140625 0.0171875
0 0.446875 0.7171875 0.01328125 0.01640625
0 0.62109375 0.50859375 0.01328125 0.0171875
0 0.4828125 0.7125 0.01171875 0.0140625
0 0.52578125 0.7328125 0.01328125 0.01640625
0 0.6671875 0.48828125 0.015625 0.0171875
0 0.46640625 0.53984375 0.0125 0.01640625
0 0.36640625 0.4984375 0.01171875 0.01640625
0 0.4640625 0.434375 0.015625 0.01796875
0 0.48359375 0.50703125 0.01171875 0.015625
0 0.6125 0.403125 0.01328125 0.0140625
0 0.56328125 0.7140625 0.0125 0.0171875
0 0.64453125 0.6109375 0.01171875 0.0140625
0 0.621875 0.5640625 0.0140625 0.01875
0 0.43984375 0.55625 0.01171875 0.0140625
0 0.54375 0.58828125 0.01171875 0.015625
0 0.4015625 0.64140625 0.01171875 0.0140625
0 0.509375 0.43359375 0.0140625 0.01640625
0 0.58984375 0.5359375 0.0140625 0.01875
0 0.54140625 0.36953125 0.0140625 0.0171875
0 0.39609375 0.7765625 0.0109375 0.01484375
0 0.7015625 0.5921875 0.0171875 0.021875
0 0.415625 0.59453125 0.0125 0.01484375
0 0.4671875 0.48828125 0.01484375 0.0171875
0 0.4859375 0.8515625 0.0171875 0.01953125
0 0.59921875 0.79453125 0.0125 0.01484375
0 0.540625 0.5265625 0.01171875 0.01484375
0 0.5796875 0.6703125 0.01171875 0.01484375
0 0.4625 0.58203125 0.0125 0.01640625
0 0.3890625 0.4 0.01484375 0.015625
0 0.4171875 0.68046875 0.01171875 0.01484375
0 0.64375 0.7828125 0.01484375 0.01796875
0 0.5875 0.4015625 0.01484375 0.0171875
0 0.4046875 0.840625 0.0125 0.0171875
0 0.421875 0.75078125 0.0125 0.015625
0 0.3296875 0.55625 0.01328125 0.01796875
0 0.503125 0.33984375 0.01328125 0.01484375
0 0.42890625 0.515625 0.0125 0.0140625
0 0.6515625 0.57265625 0.01171875 0.01484375
0 0.45625 0.865625 0.0140625 0.01953125
0 0.453125 0.64609375 0.01171875 0.01640625
0 0.3390625 0.61796875 0.0125 0.01640625
0 0.62109375 0.7234375 0.0171875 0.021875
0 0.63359375 0.659375 0.01875 0.021875
0 0.43828125 0.66953125 0.015625 0.01640625
0 0.5078125 0.78203125 0.0140625 0.01875
0 0.69296875 0.628125 0.01640625 0.0203125
0 0.3609375 0.421875 0.01484375 0.01796875
0 0.46484375 0.80859375 0.021875 0.028125
0 0.68671875 0.7921875 0.0171875 0.021875
0 0.590625 0.93984375 0.01640625 0.0203125
0 0.44296875 0.8296875 0.02109375 0.02421875
0 0.50625 0.65546875 0.03203125 0.05390625
0 0.771875 0.72890625 0.02734375 0.04453125
0 0.7421875 0.8734375 0.0171875 0.02109375