5 0.228125 0.31640625 0.01953125 0.06640625
5 0.22890625 0.13515625 0.0203125 0.059375
5 0.2328125 0.05546875 0.0125 0.03203125
5 0.24921875 0.1234375 0.02265625 0.075
0 0.3 0.090625 0.03828125 0.0640625
0 0.31171875 0.1359375 0.02265625 0.06875
3 0.43125 0.0640625 0.034375 0.10078125
1 0.5453125 0.16015625 0.15625 0.12109375
5 0.98203125 0.53125 0.0359375 0.115625
3 0.17265625 0.984375 0.0484375 0.03125
3 0.2109375 0.93359375 0.04296875 0.046875
3 0.29609375 0.8859375 0.0640625 0.06875
3 0.01875 0.884375 0.0375 0.0546875
3 0.3265625 0.95 0.0625 0.06875