1 0.18125 0.10859375 0.171875 0.2171875
1 0.69375 0.278125 0.12890625 0.07109375
5 0.4484375 0.20234375 0.1203125 0.040625
5 0.490625 0.28828125 0.10546875 0.0421875
5 0.65 0.46171875 0.05859375 0.03203125
0 0.709375 0.40546875 0.0703125 0.025
0 0.73203125 0.440625 0.0421875 0.03046875
0 0.48515625 0.259375 0.0765625 0.03046875
3 0.74375 0.0125 0.09375 0.025
3 0.48984375 0.05546875 0.11640625 0.0515625
3 0.3078125 0.13984375 0.0796875 0.06875
5 0.428125 0.1234375 0.0984375 0.05078125
3 0.24375 0.81328125 0.046875 0.0953125
3 0.115625 0.6765625 0.08984375 0.1
3 0.028125 0.634375 0.05625 0.0703125
3 0.2 0.915625 0.0765625 0.078125
3 0.19140625 0.97578125 0.08203125 0.0484375
5 0.0421875 0.8140625 0.071875 0.06640625
5 0.49921875 0.94453125 0.0765625 0.05390625
5 0.55390625 0.99140625 0.0875 0.0171875
5 0.6515625 0.8875 0.0578125 0.05625