5 0.965625 0.15625 0.06875 0.05859375
5 0.73359375 0.07890625 0.0484375 0.0609375
5 0.7578125 0.14375 0.046875 0.06875
5 0.8890625 0.278125 0.07421875 0.0921875
3 0.659375 0.115625 0.0875 0.1015625
3 0.61875 0.215625 0.02734375 0.1109375
5 0.90625 0.34765625 0.1015625 0.06640625
5 0.69375 0.3625 0.07421875 0.0375
5 0.44375 0.8875 0.0859375 0.103125
5 0.053125 0.978125 0.078125 0.04296875
1 0.09765625 0.50625 0.09765625 0.1171875
1 0.0453125 0.43828125 0.08984375 0.11875
5 0.27265625 0.4078125 0.1109375 0.0546875
5 0.52734375 0.8328125 0.0859375 0.0796875
5 0.4359375 0.9859375 0.0859375 0.02734375
3 0.909375 0.425 0.05625 0.0875
3 0.74765625 0.54609375 0.05 0.128125
3 0.9765625 0.965625 0.03515625 0.06875
3 0.875 0.553125 0.04296875 0.090625
3 0.72578125 0.8375 0.05390625 0.1125
5 0.71015625 0.61875 0.0375 0.0859375
5 0.86796875 0.78359375 0.03984375 0.0984375
5 0.84140625 0.66015625 0.034375 0.0625
5 0.83125 0.8125 0.0328125 0.1015625
0 0.76640625 0.87109375 0.03203125 0.0859375
0 0.77734375 0.99296875 0.03125 0.0140625