5 0.59375 0.13203125 0.0546875 0.0234375
5 0.5984375 0.1046875 0.046875 0.03515625
5 0.61796875 0.075 0.05078125 0.0390625
5 0.6546875 0.040625 0.0484375 0.03515625
5 0.52265625 0.1046875 0.040625 0.02734375
5 0.4046875 0.19609375 0.0484375 0.0453125
5 0.4453125 0.3390625 0.0921875 0.0453125
5 0.8203125 0.325 0.05859375 0.0390625
5 0.809375 0.4 0.071875 0.05625
5 0.6578125 0.346875 0.06875 0.0609375
5 0.3328125 0.30625 0.05078125 0.03515625
5 0.5859375 0.30390625 0.0953125 0.0765625
5 0.9140625 0.07109375 0.071875 0.05859375
5 0.7984375 0.06328125 0.0765625 0.0546875
5 0.9234375 0.31328125 0.0609375 0.0484375
5 0.884375 0.35859375 0.0390625 0.03515625
5 0.8875 0.18359375 0.08984375 0.0484375
5 0.3015625 0.340625 0.05859375 0.0484375
1 0.6828125 0.74609375 0.18125 0.071875
5 0.50625 0.8578125 0.1546875 0.0453125
5 0.453125 0.778125 0.1390625 0.0453125
5 0.43046875 0.60625 0.084375 0.0328125
5 0.5734375 0.9265625 0.13671875 0.053125