3 0.52265625 0.49609375 0.071875 0.0703125
3 0.5875 0.67890625 0.046875 0.0609375
3 0.49375 0.8828125 0.046875 0.0546875
3 0.42890625 0.8125 0.05625 0.0703125
3 0.4609375 0.19375 0.078125 0.08203125
3 0.434375 0.2703125 0.071875 0.0640625
1 0.5015625 0.29609375 0.0546875 0.0796875
5 0.82109375 0.67578125 0.0640625 0.0546875
0 0.37890625 0.3703125 0.03125 0.0328125
0 0.403125 0.41484375 0.05625 0.040625
3 0.375 0.23515625 0.05078125 0.0453125
3 0.27734375 0.25078125 0.05078125 0.0453125
3 0.4203125 0.5296875 0.05859375 0.0625
3 0.42578125 0.31953125 0.10546875 0.0609375