5 0.01640625 0.2765625 0.0328125 0.0875
5 0.21171875 0.1421875 0.0796875 0.0921875
5 0.39765625 0.071875 0.0875 0.0921875
5 0.01171875 0.18359375 0.0234375 0.0703125
5 0.6984375 0.10078125 0.071875 0.08203125
5 0.08515625 0.8328125 0.1015625 0.1
5 0.103125 0.675 0.0875 0.1
5 0.5265625 0.76484375 0.04296875 0.08203125
5 0.25 0.94140625 0.12109375 0.11328125
5 0.5125 0.659375 0.0703125 0.06640625
5 0.403125 0.63671875 0.0796875 0.0921875
5 0.4421875 0.840625 0.1015625 0.1015625
5 0.1109375 0.96015625 0.125 0.0796875
1 0.9484375 0.7921875 0.103125 0.240625