1 0.028125 0.21171875 0.05625 0.0953125
5 0.0140625 0.62109375 0.02734375 0.04296875
5 0.98203125 0.21875 0.0359375 0.06875
5 0.93125 0.4421875 0.05859375 0.0703125
5 0.3640625 0.63984375 0.0390625 0.0078125
5 0.446875 0.61328125 0.0640625 0.0609375
5 0.328125 0.4078125 0.08203125 0.0703125
5 0.8578125 0.1140625 0.053125 0.07421875
5 0.946875 0.03828125 0.0640625 0.0640625
5 0.63125 0.41015625 0.0640625 0.0640625
5 0.96875 0.2859375 0.0625 0.0609375
5 0.615625 0.859375 0.1 0.0390625
5 0.365625 0.88359375 0.0484375 0.025
5 0.440625 0.871875 0.071875 0.040625
5 0.496875 0.796875 0.0484375 0.0328125
5 0.9734375 0.8421875 0.053125 0.0390625