5 0.3640625 0.03125 0.15 0.0625
5 0.4015625 0.0921875 0.0921875 0.0703125
5 0.57890625 0.2421875 0.0453125 0.046875
5 0.5171875 0.1609375 0.0546875 0.0484375
5 0.6296875 0.18359375 0.0375 0.0546875
5 0.62890625 0.2859375 0.0390625 0.053125
5 0.421875 0.03828125 0.08203125 0.0765625
3 0.49375 0.42578125 0.07421875 0.07421875
1 0.2859375 0.30390625 0.11875 0.1078125
1 0.56953125 0.3296875 0.0953125 0.10546875
1 0.1828125 0.753125 0.14375 0.1390625
3 0.3765625 0.98359375 0.1328125 0.0328125
3 0.2046875 0.90546875 0.07421875 0.0734375
3 0.53125 0.93359375 0.08984375 0.0859375
0 0.6703125 0.946875 0.04296875 0.0859375
0 0.71796875 0.9484375 0.11875 0.0953125
0 0.690625 0.875 0.06875 0.06640625
0 0.78984375 0.86640625 0.040625 0.040625
0 0.85859375 0.84453125 0.1078125 0.084375
0 0.82734375 0.928125 0.1109375 0.09375
0 0.746875 0.8984375 0.1 0.08984375
0 0.6640625 0.84296875 0.03125 0.115625
0 0.9359375 0.89375 0.09765625 0.0921875