3 0.6234375 0.296875 0.07421875 0.078125
5 0.034375 0.396875 0.06875 0.08984375
0 0.59375 0.1328125 0.0703125 0.078125
0 0.11796875 0.26640625 0.071875 0.084375
0 0.021875 0.12890625 0.04296875 0.09375
0 0.446875 0.37109375 0.0546875 0.0546875
0 0.48046875 0.4390625 0.05859375 0.07421875
0 0.24921875 0.24375 0.0640625 0.078125
0 0.2890625 0.321875 0.0625 0.0703125
5 0.428125 0.128125 0.06640625 0.05625
5 0.453125 0.2578125 0.06640625 0.06640625
5 0.5359375 0.34453125 0.0640625 0.0609375
5 0.34140625 0.025 0.0671875 0.05
5 0.21875 0.0171875 0.1 0.034375
5 0.015625 0.2296875 0.03125 0.0609375
5 0.3703125 0.25625 0.0640625 0.06640625
5 0.1890625 0.2390625 0.06640625 0.0609375
5 0.240625 0.16796875 0.0625 0.05078125
5 0.30546875 0.171875 0.0953125 0.078125
5 0.265625 0.1484375 0.00390625 0.00390625
5 0.2546875 0.0625 0.084375 0.08203125
1 0.95 0.29140625 0.03203125 0.090625
1 0.859375 0.15625 0.0234375 0.0625
1 0.9734375 0.1171875 0.02421875 0.1171875
3 0.09453125 0.9375 0.1578125 0.125
3 0.25390625 0.94140625 0.08984375 0.0859375
3 0.91328125 0.96015625 0.1390625 0.0796875
3 0.8109375 0.83984375 0.015625 0.09375