5 0.965625 0.15546875 0.06875 0.05859375
5 0.73359375 0.078125 0.0484375 0.0609375
5 0.7578125 0.14375 0.046875 0.06875
5 0.8890625 0.278125 0.07421875 0.0921875
3 0.659375 0.1140625 0.0875 0.1015625
3 0.61875 0.21484375 0.02734375 0.1109375
5 0.90625 0.346875 0.1015625 0.06640625
5 0.69375 0.3609375 0.07421875 0.0375
5 0.44375 0.88671875 0.0859375 0.103125
5 0.053125 0.978125 0.078125 0.04296875
1 0.09765625 0.50625 0.09765625 0.1171875
1 0.0453125 0.43828125 0.08984375 0.11875
5 0.27265625 0.40703125 0.1109375 0.0546875
5 0.52734375 0.83203125 0.0859375 0.0796875
5 0.4359375 0.9859375 0.0859375 0.02734375
3 0.909375 0.4234375 0.05625 0.0875
3 0.746875 0.54609375 0.05 0.128125
3 0.9765625 0.965625 0.03515625 0.06875
3 0.875 0.553125 0.04296875 0.090625
3 0.7265625 0.83671875 0.05390625 0.1125
5 0.709375 0.61875 0.0375 0.0859375
5 0.8671875 0.784375 0.03984375 0.0984375
5 0.840625 0.659375 0.034375 0.0625
5 0.8296875 0.81171875 0.0328125 0.1015625
0 0.76640625 0.8703125 0.03203125 0.0859375
0 0.77734375 0.99296875 0.03125 0.0140625