3 0.2796875 0.36328125 0.14453125 0.0859375
3 0.09765625 0.44921875 0.07421875 0.08203125
3 0.03203125 0.465625 0.0640625 0.0484375
3 0.3875 0.4390625 0.103125 0.1015625
5 0.37109375 0.09453125 0.08203125 0.06875
5 0.5078125 0.25703125 0.05859375 0.05625
0 0.02265625 0.17109375 0.0453125 0.0640625
5 0.75859375 0.3953125 0.071875 0.0765625
5 0.4140625 0.67109375 0.08984375 0.0578125
5 0.46171875 0.7125 0.0609375 0.0421875
5 0.4171875 0.771875 0.0609375 0.03984375
5 0.4796875 0.8109375 0.0578125 0.03984375
5 0.4734375 0.75859375 0.071875 0.0515625
5 0.2609375 0.56328125 0.0609375 0.04375
5 0.2828125 0.59609375 0.06953125 0.04765625
5 0.12421875 0.584375 0.1234375 0.08671875
5 0.06640625 0.65390625 0.12890625 0.065625
5 0.03203125 0.734375 0.0640625 0.078125
5 0.21640625 0.77109375 0.06953125 0.04609375
5 0.15703125 0.8375 0.071875 0.05
5 0.07421875 0.7953125 0.1484375 0.08984375
5 0.0265625 0.8671875 0.053125 0.07421875
5 0.1125 0.71796875 0.10859375 0.0734375
1 0.97734375 0.771875 0.0453125 0.10546875
5 0.66328125 0.546875 0.05625 0.0625
5 0.5578125 0.66328125 0.040625 0.05625
3 0.55859375 0.890625 0.04296875 0.08984375
3 0.69453125 0.7203125 0.0953125 0.08984375
3 0.84296875 0.58671875 0.1265625 0.1390625