5 0.459375 0.134375 0.0703125 0.0625
5 0.91015625 0.34296875 0.07421875 0.06875
5 0.709375 0.3875 0.06640625 0.0375
5 0.715625 0.30625 0.0640625 0.0625
5 0.58203125 0.375 0.0859375 0.0625
5 0.48515625 0.37890625 0.0953125 0.0546875
5 0.91328125 0.24921875 0.0609375 0.0640625
5 0.8890625 0.10859375 0.05859375 0.05625
5 0.8890625 0.06875 0.06640625 0.0625
3 0.37578125 0.9796875 0.0953125 0.040625
3 0.2421875 0.80078125 0.09765625 0.09765625
3 0.21796875 0.875 0.0609375 0.07421875
3 0.2984375 0.9640625 0.0625 0.071875
3 0.1125 0.8078125 0.071875 0.0609375
3 0.19609375 0.725 0.1 0.09375
5 0.378125 0.940625 0.0484375 0.05625
5 0.41015625 0.9546875 0.02734375 0.0546875
5 0.11640625 0.75 0.071875 0.06640625
3 0.028125 0.55625 0.05625 0.08203125
5 0.0609375 0.9640625 0.11328125 0.071875
5 0.1875 0.6671875 0.06640625 0.06875
5 0.346875 0.95703125 0.0921875 0.0859375
1 0.94609375 0.6015625 0.1078125 0.1171875
0 0.95703125 0.8015625 0.0859375 0.13125
0 0.87421875 0.72578125 0.1265625 0.0953125
0 0.7546875 0.440625 0.084375 0.06875
5 0.496875 0.7109375 0.071875 0.06640625
5 0.8953125 0.99609375 0.06875 0.0078125
5 0.64921875 0.58125 0.0921875 0.0921875
5 0.9734375 0.9859375 0.053125 0.02734375