5 0.4625 0.2796875 0.109375 0.046875
5 0.59296875 0.3515625 0.084375 0.07421875
5 0.38359375 0.015625 0.0796875 0.03125
5 0.565625 0.11015625 0.08203125 0.05859375
5 0.22265625 0.0828125 0.06875 0.0484375
5 0.7828125 0.2515625 0.115625 0.140625
5 0.965625 0.465625 0.06875 0.13125
1 0.05546875 0.85546875 0.1109375 0.06640625
5 0.53828125 0.96015625 0.07421875 0.0375
5 0.35859375 0.64375 0.06640625 0.0375
5 0.4671875 0.67109375 0.0640625 0.0375
5 0.6578125 0.69453125 0.07421875 0.046875
5 0.31796875 0.97421875 0.0890625 0.0515625
5 0.2515625 0.6015625 0.13671875 0.05859375