5 0.459375 0.13359375 0.0703125 0.0625
5 0.91015625 0.34296875 0.07421875 0.06875
5 0.709375 0.38671875 0.06640625 0.0375
5 0.71484375 0.30546875 0.0640625 0.0625
5 0.58203125 0.37421875 0.0859375 0.0625
5 0.48515625 0.378125 0.0953125 0.0546875
5 0.91328125 0.2484375 0.0609375 0.0640625
5 0.8875 0.10859375 0.05859375 0.05625
5 0.8890625 0.0671875 0.06640625 0.0625
5 0.3765625 0.9390625 0.0484375 0.05625
5 0.41015625 0.95390625 0.02734375 0.0546875
5 0.115625 0.75 0.071875 0.06640625
5 0.0609375 0.9640625 0.11328125 0.071875
5 0.1875 0.6671875 0.06640625 0.06875
5 0.346875 0.95703125 0.0921875 0.0859375
1 0.94609375 0.6015625 0.1078125 0.1171875
5 0.49609375 0.7109375 0.071875 0.06640625
5 0.8953125 0.99609375 0.06875 0.0078125
5 0.6484375 0.58125 0.0921875 0.0921875
5 0.9734375 0.9859375 0.053125 0.02734375