1 0.778125 0.14765625 0.1859375 0.0734375
1 0.88125 0.14375 0.14140625 0.05
0 0.08203125 0.6671875 0.1640625 0.240625
0 0.14921875 0.825 0.19375 0.178125
0 0.1234375 0.95859375 0.18125 0.0828125
0 0.021875 0.61875 0.04296875 0.1640625
0 0.1453125 0.596875 0.209375 0.30625
3 0.63125 0.978125 0.1015625 0.04296875
3 0.6984375 0.5859375 0.084375 0.046875
3 0.74140625 0.73125 0.06875 0.103125
5 0.95 0.56875 0.1 0.07421875
5 0.4609375 0.55390625 0.046875 0.071875
5 0.334375 0.784375 0.0703125 0.0765625
5 0.43125 0.97265625 0.06640625 0.0546875
5 0.5109375 0.9640625 0.053125 0.06875
5 0.734375 0.9640625 0.078125 0.071875
5 0.95625 0.865625 0.0765625 0.09375
5 0.628125 0.7984375 0.0640625 0.078125