5 0.56875 0.49375 0.0484375 0.0921875
5 0.60546875 0.36640625 0.0625 0.078125
1 0.08125 0.50390625 0.1625 0.0703125
5 0.3875 0.503125 0.11328125 0.07421875
1 0.8765625 0.12109375 0.08984375 0.084375
5 0.321875 0.8953125 0.0546875 0.071875
5 0.15546875 0.715625 0.0640625 0.0609375
5 0.13359375 0.8546875 0.0625 0.0609375
5 0.859375 0.9359375 0.0328125 0.0484375
5 0.984375 0.865625 0.0296875 0.05625
5 0.83984375 0.58671875 0.0859375 0.0859375
5 0.728125 0.81953125 0.04296875 0.08203125
5 0.79609375 0.94921875 0.040625 0.0375
5 0.9734375 0.7265625 0.03515625 0.0796875
5 0.8 0.890625 0.025 0.0640625
5 0.8296875 0.921875 0.021875 0.03125
5 0.7546875 0.9359375 0.0234375 0.0296875
5 0.7609375 0.8515625 0.02734375 0.03125