5 0.3703125 0.09453125 0.08203125 0.06875
5 0.50703125 0.25703125 0.05859375 0.05625
5 0.7578125 0.39453125 0.071875 0.0765625
5 0.4140625 0.67109375 0.08984375 0.05859375
5 0.4609375 0.71171875 0.0609375 0.04296875
5 0.4171875 0.771875 0.0609375 0.040625
5 0.48046875 0.8109375 0.05859375 0.040625
5 0.47265625 0.75859375 0.071875 0.053125
5 0.259375 0.5625 0.0609375 0.0453125
5 0.28203125 0.5953125 0.0703125 0.0484375
5 0.12421875 0.584375 0.1234375 0.0875
5 0.065625 0.6546875 0.12890625 0.06640625
5 0.03203125 0.734375 0.0640625 0.078125
5 0.2171875 0.7703125 0.0703125 0.046875
5 0.15703125 0.8375 0.071875 0.05078125
5 0.07421875 0.7953125 0.1484375 0.08984375
5 0.0265625 0.8671875 0.053125 0.07421875
5 0.11328125 0.71796875 0.109375 0.07421875
1 0.97734375 0.771875 0.0453125 0.10546875
5 0.66328125 0.546875 0.05625 0.0625
5 0.55625 0.66328125 0.040625 0.05625