5 0.915625 0.16015625 0.08203125 0.05625
5 0.9515625 0.01640625 0.09375 0.0328125
5 0.5421875 0.31171875 0.15 0.05625
5 0.93671875 0.265625 0.1265625 0.0625
5 0.53515625 0.0171875 0.1390625 0.034375
5 0.64453125 0.2 0.0859375 0.0484375
5 0.1703125 0.71484375 0.06640625 0.1078125
5 0.084375 0.97421875 0.0625 0.0515625
5 0.15546875 0.4890625 0.0640625 0.0640625
5 0.24140625 0.5171875 0.025 0.0703125
5 0.0421875 0.71875 0.0625 0.06640625
5 0.2296875 0.70625 0.0484375 0.05625
1 0.66484375 0.71796875 0.115625 0.06640625
5 0.44453125 0.80546875 0.1109375 0.03515625
5 0.4671875 0.71796875 0.09765625 0.0375
5 0.58515625 0.540625 0.053125 0.0296875
5 0.4390625 0.884375 0.0875 0.0453125