5 0.15 0.32734375 0.07421875 0.0703125
0 0.20625 0.4671875 0.06875 0.0765625
3 0.02421875 0.30625 0.0484375 0.08984375
5 0.134375 0.18828125 0.071875 0.0703125
5 0.21484375 0.5484375 0.0703125 0.04296875
1 0.08125 0.62421875 0.115625 0.1078125
3 0.5 0.96484375 0.0859375 0.0703125
3 0.3609375 0.97734375 0.1015625 0.0453125
5 0.4734375 0.625 0.06640625 0.084375
5 0.32421875 0.88671875 0.0625 0.0484375
5 0.4140625 0.934375 0.06875 0.08203125
5 0.2671875 0.59375 0.06640625 0.046875
3 0.2171875 0.69375 0.05625 0.05859375
3 0.9625 0.725 0.05625 0.0765625