5 0.1953125 0.25625 0.0859375 0.07421875
3 0.07890625 0.490625 0.040625 0.12890625
3 0.24140625 0.56953125 0.1 0.0765625
0 0.17578125 0.32421875 0.0390625 0.04296875
0 0.23359375 0.34453125 0.05625 0.0453125
1 0.49921875 0.328125 0.1 0.09375
1 0.740625 0.61328125 0.12109375 0.1171875
3 0.646875 0.3421875 0.1015625 0.1015625
3 0.740625 0.42578125 0.09375 0.0703125
3 0.76171875 0.50390625 0.0703125 0.0703125
3 0.7265625 0.790625 0.08984375 0.09375
3 0.740625 0.87109375 0.08203125 0.07421875
1 0.6703125 0.8859375 0.06640625 0.0875
3 0.80390625 0.84453125 0.05625 0.053125
3 0.89765625 0.87578125 0.05625 0.053125
3 0.740625 0.9171875 0.11328125 0.06875