3 0.2078125 0.446875 0.0609375 0.09765625
5 0.0140625 0.0484375 0.02734375 0.0703125
5 0.03828125 0.33515625 0.053125 0.0375
0 0.1484375 0.0171875 0.053125 0.034375
3 0.86796875 0.3234375 0.14140625 0.06953125
0 0.4734375 0.0859375 0.06875 0.046875
0 0.884375 0.1609375 0.09296875 0.040625
3 0.33984375 0.8578125 0.05078125 0.0859375
3 0.0859375 0.85078125 0.1171875 0.0640625
3 0.0234375 0.971875 0.046875 0.05625
3 0.71171875 0.62578125 0.0609375 0.0609375
1 0.625 0.8515625 0.09375 0.1015625
5 0.465625 0.9390625 0.05625 0.0546875
5 0.390625 0.56171875 0.05078125 0.06875
5 0.646875 0.67578125 0.05859375 0.0546875