3 0.2265625 0.115625 0.24609375 0.23046875
5 0.93671875 0.0484375 0.06171875 0.0421875
5 0.88125 0.10703125 0.05546875 0.05
5 0.8984375 0.18671875 0.1484375 0.0765625
5 0.98828125 0.20234375 0.0234375 0.05625
1 0.17109375 0.3265625 0.128125 0.1171875
3 0.4828125 0.74140625 0.09765625 0.06171875
3 0.315625 0.71796875 0.11640625 0.06171875
3 0.10859375 0.74296875 0.084375 0.059375
5 0.26875 0.25078125 0.0765625 0.040625
5 0.60078125 0.459375 0.071875 0.0671875
5 0.31953125 0.62265625 0.06953125 0.03828125
5 0.40234375 0.6875 0.07421875 0.06640625
5 0.6203125 0.95 0.0484375 0.04765625
5 0.66015625 0.7796875 0.0625 0.04296875
5 0.390625 0.36328125 0.07421875 0.0625
3 0.28515625 0.43671875 0.0625 0.04609375
3 0.83671875 0.3 0.1234375 0.1390625
0 0.9796875 0.696875 0.040625 0.078125
5 0.95625 0.5125 0.0375 0.0765625
5 0.9875 0.509375 0.025 0.0546875
5 0.95 0.9109375 0.071875 0.103125