3 0.2140625 0.3578125 0.3375 0.30078125
5 0.8453125 0.2734375 0.078125 0.0859375
5 0.628125 0.109375 0.0875 0.0859375
3 0.9609375 0.35078125 0.078125 0.11875
3 0.934375 0.1828125 0.13125 0.1234375
3 0.6453125 0.9765625 0.0875 0.046875
3 0.62890625 0.69453125 0.09765625 0.084375
3 0.67578125 0.75703125 0.0859375 0.0796875
1 0.6171875 0.79765625 0.07421875 0.0921875
0 0.75390625 0.83671875 0.0390625 0.040625
0 0.74296875 0.88671875 0.0640625 0.0546875
3 0.7234375 0.70625 0.0609375 0.05625
3 0.82109375 0.69609375 0.0609375 0.05625
3 0.7546875 0.98125 0.071875 0.0375
3 0.6953125 0.80078125 0.1171875 0.0859375