3 0.2203125 0.2203125 0.0890625 0.03046875
3 0.31171875 0.1453125 0.071875 0.06328125
5 0.4625 0.2796875 0.109375 0.046875
5 0.5921875 0.35078125 0.0828125 0.0734375
5 0.38359375 0.015625 0.0796875 0.03125
5 0.565625 0.1109375 0.08125 0.0578125
5 0.2234375 0.0828125 0.06875 0.04765625
5 0.784375 0.2515625 0.115625 0.140625
5 0.965625 0.465625 0.06875 0.13125
1 0.05546875 0.85546875 0.1109375 0.06640625
0 0.1453125 0.73671875 0.13359375 0.075
0 0.19765625 0.81796875 0.13359375 0.05
5 0.53828125 0.96015625 0.0734375 0.0375
5 0.359375 0.64375 0.06640625 0.0375
5 0.46796875 0.67109375 0.0640625 0.0375
5 0.6578125 0.6953125 0.07421875 0.046875
5 0.31796875 0.97421875 0.0890625 0.0515625
5 0.2515625 0.6015625 0.1359375 0.05859375
3 0.85859375 0.6890625 0.2015625 0.18359375