1 0.15546875 0.01640625 0.1390625 0.0328125
3 0.20546875 0.084375 0.1140625 0.02734375
3 0.48515625 0.090625 0.0953125 0.02421875
3 0.4328125 0.1453125 0.09296875 0.025
3 0.2015625 0.12578125 0.090625 0.021875
3 0.38359375 0.1203125 0.07890625 0.021875
3 0.1375 0.14296875 0.1140625 0.028125
3 0.065625 0.0109375 0.0953125 0.021875
3 0.09296875 0.271875 0.1078125 0.0234375
3 0.0359375 0.2359375 0.071875 0.02734375
3 0.06953125 0.11171875 0.11875 0.028125
3 0.19765625 0.05859375 0.13359375 0.0390625
3 0.2703125 0.0203125 0.121875 0.028125
1 0.07890625 0.346875 0.1578125 0.0953125
0 0.96953125 0.8171875 0.053125 0.0796875
5 0.94375 0.42421875 0.02421875 0.06328125
5 0.9953125 0.84453125 0.009375 0.0796875