3 0.09609375 0.17265625 0.11015625 0.028125
3 0.5421875 0.38203125 0.071875 0.025
3 0.74296875 0.30546875 0.075 0.0375
3 0.32734375 0.3140625 0.146875 0.05859375
5 0.6421875 0.36640625 0.1015625 0.03046875
5 0.4828125 0.4109375 0.08671875 0.02421875
3 0.2125 0.35859375 0.17109375 0.05390625
3 0.44609375 0.37578125 0.0953125 0.03984375
3 0.81328125 0.45703125 0.0484375 0.0625
5 0.934375 0.1609375 0.053125 0.040625
5 0.98828125 0.128125 0.0234375 0.053125
3 0.83125 0.8515625 0.071875 0.0703125
3 0.8921875 0.56953125 0.078125 0.040625
3 0.91875 0.62578125 0.071875 0.0640625
1 0.8515625 0.6515625 0.0546875 0.0796875
0 0.975 0.72578125 0.03125 0.0328125
0 0.95 0.7703125 0.05625 0.040625
3 0.9765625 0.5890625 0.046875 0.0453125
3 0.93359375 0.884375 0.05859375 0.0625
3 0.928125 0.675 0.10546875 0.0609375