5 0.0125 0.09765625 0.025 0.0546875
5 0.128125 0.1546875 0.134375 0.07421875
5 0.0703125 0.06875 0.05078125 0.04296875
5 0.253125 0.015625 0.0296875 0.03125
5 0.23125 0.06171875 0.040625 0.0375
5 0.26171875 0.11875 0.03125 0.03515625
0 0.1421875 0.0375 0.0546875 0.05078125
5 0.81953125 0.22265625 0.053125 0.03125
3 0.3421875 0.0125 0.08203125 0.025
0 0.240625 0.2703125 0.0625 0.0609375
0 0.26171875 0.384375 0.03125 0.0546875
0 0.26640625 0.4546875 0.021875 0.0390625
3 0.178125 0.9203125 0.0390625 0.046875
0 0.1015625 0.9046875 0.046875 0.05078125
0 0.0125 0.94921875 0.025 0.03515625
3 0.1625 0.87421875 0.0546875 0.0375
1 0.7921875 0.72734375 0.1578125 0.1078125
1 0.88984375 0.740625 0.12421875 0.07109375