5 0.54609375 0.0234375 0.1015625 0.03125
5 0.88359375 0.028125 0.09765625 0.025
5 0.728125 0.12890625 0.06875 0.0390625
5 0.6421875 0.13125 0.0484375 0.025
5 0.84765625 0.2078125 0.1 0.0375
5 0.98984375 0.303125 0.0203125 0.015625
5 0.9875 0.33984375 0.025 0.01953125
5 0.96953125 0.3625 0.0609375 0.021875
1 0.8 0.75078125 0.178125 0.0859375
5 0.53828125 0.621875 0.165625 0.0484375
5 0.52421875 0.7296875 0.14453125 0.05078125
5 0.6015625 0.953125 0.08203125 0.0390625
5 0.57109375 0.5265625 0.13671875 0.0609375