5 0.15 0.328125 0.07421875 0.0703125
0 0.20625 0.46796875 0.06875 0.0765625
3 0.02421875 0.30625 0.0484375 0.08984375
5 0.1359375 0.1890625 0.071875 0.0703125
5 0.21484375 0.5484375 0.0703125 0.04296875
1 0.08125 0.62421875 0.115625 0.1078125
3 0.5 0.96484375 0.0859375 0.0703125
3 0.3609375 0.97734375 0.1015625 0.0453125
5 0.475 0.62578125 0.06640625 0.084375
5 0.32421875 0.8875 0.0625 0.0484375
5 0.41484375 0.9359375 0.06875 0.08203125
5 0.2671875 0.59375 0.06640625 0.046875
3 0.21796875 0.69375 0.05625 0.05859375
3 0.9640625 0.72578125 0.05625 0.0765625