1 0.03515625 0.34375 0.0703125 0.1640625
0 0.66328125 0.37578125 0.040625 0.053125
0 0.97578125 0.4 0.0484375 0.08984375
3 0.7765625 0.3359375 0.034375 0.046875
3 0.7140625 0.18671875 0.04609375 0.06953125
3 0.7 0.0796875 0.0359375 0.046875
3 0.79375 0.20625 0.03984375 0.06171875
5 0.221875 0.82890625 0.071875 0.053125
5 0.35 0.79296875 0.0703125 0.05078125
5 0.34453125 0.8796875 0.084375 0.071875
0 0.82578125 0.7328125 0.04609375 0.0515625
0 0.88828125 0.83359375 0.06171875 0.05390625
5 0.75546875 0.93125 0.0890625 0.046875
0 0.68671875 0.66875 0.0734375 0.05625
0 0.80234375 0.62734375 0.0890625 0.075
5 0.77890625 0.77265625 0.04609375 0.0609375