0 0.5609375 0.47734375 0.1171875 0.134375
0 0.6484375 0.4578125 0.0703125 0.0953125
0 0.51953125 0.28046875 0.0859375 0.1
0 0.6546875 0.265625 0.15234375 0.12109375
0 0.82890625 0.50390625 0.071875 0.08203125
0 0.68828125 0.38125 0.0765625 0.09765625
3 0.5640625 0.128125 0.15234375 0.1265625
3 0.80546875 0.29296875 0.1390625 0.16015625
3 0.4 0.5109375 0.15625 0.06875
3 0.08125 0.596875 0.084375 0.0796875
3 0.01875 0.7125 0.0375 0.09765625
0 0.00859375 0.6375 0.0171875 0.0640625
0 0.1 0.7203125 0.0390625 0.0546875
5 0.06953125 0.7546875 0.071875 0.0875
3 0.1859375 0.76484375 0.046875 0.053125
1 0.6109375 0.8578125 0.11640625 0.059375
1 0.95390625 0.95 0.0921875 0.0765625
3 0.7640625 0.8296875 0.11796875 0.065625
3 0.8921875 0.85078125 0.10546875 0.04609375
3 0.94921875 0.8875 0.08203125 0.0453125