5 0.234375 0.453125 0.0390625 0.040625
5 0.3 0.40625 0.05078125 0.0453125
5 0.275 0.3 0.05625 0.0625
5 0.24921875 0.2578125 0.078125 0.0484375
5 0.15703125 0.22734375 0.09375 0.05625
1 0.91328125 0.4265625 0.1734375 0.11875
5 0.10859375 0.8703125 0.1109375 0.09375
5 0.3390625 0.734375 0.0390625 0.03125
5 0.55859375 0.5265625 0.06640625 0.078125
5 0.5484375 0.88984375 0.046875 0.12109375
1 0.815625 0.78828125 0.09375 0.115625
1 0.76171875 0.71484375 0.09375 0.1265625
5 0.96953125 0.67578125 0.0609375 0.09375