3 0.04765625 0.0375 0.0953125 0.07421875
3 0.39140625 0.1484375 0.0796875 0.08203125
5 0.13203125 0.22265625 0.103125 0.04296875
5 0.46015625 0.025 0.0828125 0.05
5 0.05859375 0.15 0.08203125 0.0859375
3 0.29609375 0.21953125 0.115625 0.0484375
3 0.634375 0.09765625 0.0859375 0.13671875
3 0.32734375 0.1796875 0.1 0.125
3 0.44921875 0.13984375 0.07421875 0.0765625
1 0.85625 0.01875 0.059375 0.0328125
0 0.2 0.97265625 0.06875 0.0546875
0 0.53203125 0.95625 0.053125 0.0640625
3 0.97734375 0.7828125 0.0453125 0.0703125
3 0.95078125 0.61796875 0.02265625 0.0609375
3 0.86171875 0.51484375 0.0359375 0.103125