0 0.0234375 0.3875 0.046875 0.05625
3 0.0296875 0.28515625 0.05859375 0.0703125
5 0.59375 0.1328125 0.0546875 0.0234375
5 0.59921875 0.10546875 0.04609375 0.03515625
5 0.61875 0.07578125 0.05078125 0.03828125
5 0.6546875 0.040625 0.04765625 0.034375
5 0.521875 0.1046875 0.03984375 0.0265625
5 0.4046875 0.19609375 0.04765625 0.0453125
5 0.44609375 0.3390625 0.090625 0.0453125
5 0.8203125 0.32578125 0.05859375 0.03828125
5 0.809375 0.4015625 0.071875 0.05625
5 0.659375 0.34609375 0.06875 0.059375
5 0.334375 0.30625 0.05078125 0.03515625
5 0.58671875 0.303125 0.09453125 0.075
5 0.91484375 0.071875 0.071875 0.0578125
5 0.8 0.0640625 0.0765625 0.05390625
5 0.925 0.31328125 0.0609375 0.0484375
5 0.884375 0.359375 0.03828125 0.03515625
5 0.88828125 0.184375 0.0890625 0.0484375
5 0.303125 0.340625 0.05859375 0.04765625
3 0.7234375 0.284375 0.0796875 0.0453125
3 0.72734375 0.228125 0.090625 0.04609375
3 0.43671875 0.2921875 0.06875 0.0453125
3 0.5140625 0.278125 0.03984375 0.0453125
3 0.35625 0.24375 0.0640625 0.04296875
3 0.59453125 0.2328125 0.0609375 0.03984375
3 0.53046875 0.23359375 0.071875 0.05625
3 0.4375 0.21484375 0.05859375 0.04296875
3 0.3421875 0.33203125 0.0625 0.04296875
3 0.484375 0.1859375 0.0625 0.03984375
3 0.63203125 0.1515625 0.09296875 0.05625
3 0.79296875 0.1109375 0.06640625 0.04296875
1 0.6828125 0.746875 0.18125 0.07109375
5 0.50703125 0.85859375 0.1546875 0.0453125
5 0.45390625 0.778125 0.1390625 0.0453125
5 0.43046875 0.60625 0.0828125 0.03203125
0 0.55859375 0.6390625 0.09375 0.028125
0 0.5421875 0.60625 0.0640625 0.0296875
0 0.48046875 0.80546875 0.1015625 0.03203125
3 0.715625 0.96796875 0.15703125 0.05390625
3 0.41015625 0.940625 0.16015625 0.06875
5 0.5734375 0.9265625 0.1359375 0.0515625