0 0.21484375 0.0125 0.0625 0.025
3 0.803125 0.321875 0.12109375 0.11328125
3 0.86796875 0.45625 0.1078125 0.11875
3 0.609375 0.096875 0.18359375 0.19375
5 0.9234375 0.1625 0.08203125 0.078125
5 0.95390625 0.32109375 0.0921875 0.0796875
5 0.4421875 0.1609375 0.1109375 0.115625
5 0.6609375 0.290625 0.11875 0.109375
5 0.98359375 0.60859375 0.0328125 0.0953125
5 0.4796875 0.01171875 0.1109375 0.0234375
5 0.37578125 0.2125 0.1234375 0.14453125
3 0.0078125 0.91015625 0.015625 0.0625
3 0.034375 0.7015625 0.040625 0.0390625
3 0.125 0.825 0.05078125 0.0484375
1 0.8609375 0.9078125 0.27734375 0.09765625
3 0.97578125 0.821875 0.0484375 0.04296875