5 0.546875 0.0234375 0.1015625 0.03125
5 0.884375 0.028125 0.09765625 0.02421875
5 0.7296875 0.12890625 0.06875 0.0390625
5 0.64375 0.13203125 0.0484375 0.025
5 0.8484375 0.2078125 0.1 0.0375
5 0.98984375 0.303125 0.0203125 0.015625
5 0.9875 0.33984375 0.025 0.01953125
5 0.96953125 0.3625 0.0609375 0.021875
3 0.415625 0.26484375 0.1796875 0.05390625
3 0.94921875 0.221875 0.1015625 0.040625
3 0.86875 0.07578125 0.1328125 0.0421875
3 0.0328125 0.66796875 0.065625 0.1109375
3 0.0921875 0.59765625 0.08671875 0.09375
3 0.0140625 0.77734375 0.02734375 0.0859375
1 0.8 0.7515625 0.178125 0.0859375
5 0.53828125 0.621875 0.165625 0.0484375
5 0.525 0.7296875 0.14453125 0.05
5 0.60078125 0.95234375 0.08125 0.03828125
0 0.72421875 0.8984375 0.096875 0.03125
0 0.72421875 0.94375 0.0578125 0.0359375
0 0.540625 0.69375 0.10546875 0.0359375
3 0.7046875 0.46015625 0.16015625 0.06171875
3 0.38125 0.525 0.153125 0.08203125
5 0.571875 0.5265625 0.1359375 0.0609375