5 0.209375 0.24296875 0.125 0.1265625
1 0.375 0.1296875 0.22265625 0.2046875
5 0.95703125 0.66484375 0.0859375 0.0296875
5 0.95390625 0.6109375 0.0921875 0.09375
5 0.97421875 0.5265625 0.0515625 0.08125
5 0.775 0.01640625 0.08984375 0.0328125
5 0.978125 0.09765625 0.04296875 0.07421875
5 0.5578125 0.35546875 0.0921875 0.1015625
3 0.77265625 0.515625 0.0921875 0.09765625
3 0.85625 0.4703125 0.0640625 0.07421875
5 0.7765625 0.6078125 0.071875 0.0703125
5 0.503125 0.021875 0.0375 0.04296875
5 0.8828125 0.86015625 0.1171875 0.08671875
5 0.7421875 0.71171875 0.1015625 0.0609375
5 0.95234375 0.79609375 0.0921875 0.05625
5 0.6125 0.7640625 0.0890625 0.0625
5 0.71796875 0.82578125 0.1265625 0.0890625
0 0.8578125 0.7171875 0.0984375 0.07109375