5 0.2203125 0.571875 0.05 0.10859375
5 0.1140625 0.3609375 0.04375 0.08984375
0 0.16328125 0.621875 0.03828125 0.0796875
1 0.94140625 0.27421875 0.1171875 0.1109375
5 0.6484375 0.709375 0.0546875 0.08203125
5 0.63984375 0.63125 0.05625 0.06640625
5 0.83515625 0.6796875 0.1109375 0.078125
5 0.57734375 0.46875 0.0609375 0.06640625
5 0.46796875 0.34296875 0.06875 0.0609375
3 0.475 0.1140625 0.1015625 0.0953125
3 0.621875 0.29765625 0.1 0.0953125
3 0.75859375 0.44375 0.134375 0.14453125
3 0.478125 0.0375 0.09375 0.07421875