3 0.30625 0.11875 0.09765625 0.078125
3 0.40703125 0.090625 0.103125 0.053125
5 0.17109375 0.078125 0.103125 0.11328125
5 0.24609375 0.025 0.1015625 0.05
5 0.28984375 0.46015625 0.0796875 0.0953125
5 0.384375 0.50078125 0.08203125 0.0953125
0 0.5875 0.075 0.22265625 0.15
0 0.86328125 0.4609375 0.078125 0.06640625
0 0.9078125 0.2015625 0.18359375 0.33984375
0 0.72734375 0.1453125 0.196875 0.18125
0 0.7703125 0.3296875 0.1859375 0.1875
0 0.5140625 0.05 0.1015625 0.1
0 0.6890625 0.03515625 0.3125 0.0703125
1 0.15625 0.8234375 0.3125 0.3109375
1 0.021875 0.671875 0.04296875 0.2109375
5 0.7421875 0.86328125 0.06640625 0.1015625
5 0.66796875 0.8609375 0.046875 0.06640625
5 0.83671875 0.65546875 0.0921875 0.1
3 0.9296875 0.6171875 0.1015625 0.09765625
3 0.99140625 0.6515625 0.0171875 0.1078125
3 0.8734375 0.96796875 0.12109375 0.0640625