5 0.17890625 0.2640625 0.08984375 0.11875
5 0.01171875 0.3796875 0.0234375 0.06875
5 0.1328125 0.465625 0.0796875 0.040625
5 0.0453125 0.4328125 0.06875 0.0796875
5 0.284375 0.2921875 0.0390625 0.0796875
5 0.115625 0.2546875 0.06875 0.06875
5 0.5296875 0.19375 0.1234375 0.1234375
5 0.36015625 0.434375 0.11328125 0.103125
5 0.85078125 0.4390625 0.15625 0.09375
1 0.59765625 0.3875 0.2328125 0.196875
1 0.1796875 0.7359375 0.2484375 0.265625
1 0.2546875 0.921875 0.0953125 0.15625
5 0.67109375 0.9859375 0.1109375 0.02734375