3 0.19375 0.13984375 0.1015625 0.10546875
3 0.1109375 0.25078125 0.08984375 0.0703125
3 0.4140625 0.1671875 0.0546875 0.0484375
3 0.3171875 0.196875 0.0703125 0.0703125
3 0.2734375 0.240625 0.046875 0.046875
3 0.35 0.0484375 0.05859375 0.053125
1 0.8640625 0.03203125 0.1421875 0.0640625
3 0.678125 0.2546875 0.103125 0.0625
3 0.8390625 0.15625 0.07421875 0.078125
3 0.496875 0.88359375 0.0953125 0.0921875
3 0.328125 0.9171875 0.146875 0.08984375
3 0.2984375 0.471875 0.171875 0.1265625
3 0.1984375 0.625 0.1109375 0.07421875