5 0.56953125 0.4953125 0.0484375 0.0921875
5 0.60546875 0.3671875 0.0625 0.078125
1 0.08125 0.50390625 0.1625 0.0703125
3 0.3546875 0.2109375 0.15 0.16796875
5 0.3890625 0.50390625 0.11328125 0.07421875
1 0.8765625 0.121875 0.08984375 0.084375
3 0.9890625 0.134375 0.021875 0.09375
5 0.321875 0.8953125 0.0546875 0.071875
5 0.15546875 0.715625 0.0640625 0.0609375
0 0.1375 0.57109375 0.05625 0.0609375
3 0.2828125 0.77265625 0.0625 0.0796875
5 0.134375 0.8546875 0.0625 0.0609375
5 0.86015625 0.93671875 0.0328125 0.0484375
5 0.98515625 0.865625 0.028125 0.05546875
5 0.83984375 0.5875 0.0859375 0.08515625
5 0.728125 0.8203125 0.0421875 0.08203125
5 0.7953125 0.95 0.03984375 0.0359375
5 0.975 0.72734375 0.03515625 0.0796875
0 0.84140625 0.69140625 0.03828125 0.0703125
0 0.925 0.7296875 0.0421875 0.04609375
5 0.79921875 0.89140625 0.02421875 0.06328125
5 0.83046875 0.921875 0.0203125 0.03125
5 0.75546875 0.93671875 0.02265625 0.0296875
5 0.7609375 0.8515625 0.0265625 0.03125