0 0.45390625 0.40703125 0.05390625 0.0328125
0 0.390625 0.465625 0.03125 0.03125
0 0.58828125 0.4921875 0.034375 0.0328125
0 0.5671875 0.39921875 0.02265625 0.0171875
0 0.44765625 0.42578125 0.0609375 0.06328125
0 0.5328125 0.4640625 0.01328125 0.01640625
0 0.4015625 0.50703125 0.01328125 0.0140625
0 0.53515625 0.39296875 0.0171875 0.01875
0 0.6828125 0.41875 0.01328125 0.015625
0 0.3875 0.45703125 0.0140625 0.015625
0 0.46484375 0.31015625 0.015625 0.01640625
0 0.3359375 0.5125 0.01328125 0.0140625
0 0.590625 0.3875 0.01328125 0.01640625
0 0.3796875 0.528125 0.01328125 0.01328125
0 0.459375 0.35390625 0.015625 0.01875
0 0.26875 0.475 0.0125 0.015625
0 0.6203125 0.428125 0.01796875 0.01875
0 0.315625 0.4765625 0.0140625 0.01640625
0 0.33984375 0.43828125 0.015625 0.01484375
0 0.49609375 0.31484375 0.015625 0.01796875
0 0.42421875 0.29296875 0.015625 0.01953125
0 0.51640625 0.2640625 0.0125 0.0140625
0 0.646875 0.37265625 0.01875 0.021875
0 0.3890625 0.415625 0.01640625 0.01875
0 0.77421875 0.54296875 0.01171875 0.0171875
0 0.221875 0.8484375 0.01171875 0.01484375
0 0.49296875 0.35859375 0.01875 0.01953125
0 0.50859375 0.49921875 0.01640625 0.0140625
0 0.6984375 0.56640625 0.01875 0.0171875
0 0.18984375 0.81171875 0.0125 0.015625
0 0.38671875 0.2640625 0.01484375 0.015625
0 0.396875 0.37578125 0.01796875 0.0234375
0 0.76484375 0.47890625 0.0140625 0.01796875
0 0.19375 0.878125 0.01171875 0.015625
0 0.25703125 0.5921875 0.0140625 0.01640625
0 0.4359375 0.42890625 0.02890625 0.03515625
0 0.39375 0.590625 0.01484375 0.01484375
0 0.228125 0.77578125 0.01171875 0.01484375
0 0.85078125 0.42421875 0.0171875 0.01953125
0 0.16796875 0.7328125 0.01171875 0.015625
0 0.2265625 0.7171875 0.015625 0.01796875
0 0.2046875 0.675 0.01328125 0.015625
0 0.2484375 0.85234375 0.01171875 0.0171875
0 0.62578125 0.553125 0.01640625 0.01640625
0 0.7296875 0.65859375 0.015625 0.0171875
0 0.7203125 0.45390625 0.0234375 0.02421875