5 0.47578125 0.0859375 0.06796875 0.08984375
5 0.36953125 0.221875 0.0796875 0.1078125
5 0.1890625 0.1765625 0.08359375 0.10859375
5 0.1765625 0.3625 0.0671875 0.103125
5 0.08359375 0.48671875 0.05546875 0.06953125
5 0.42109375 0.39765625 0.05859375 0.078125
5 0.528125 0.325 0.0546875 0.06875
5 0.7078125 0.40234375 0.05859375 0.090625
5 0.7359375 0.5421875 0.0546875 0.08046875
5 0.30234375 0.615625 0.05078125 0.06875
5 0.1921875 0.74765625 0.053125 0.0703125
5 0.3546875 0.71953125 0.04453125 0.06875
5 0.459375 0.80546875 0.04765625 0.07109375
5 0.54921875 0.7578125 0.04140625 0.0765625
5 0.65390625 0.67109375 0.04140625 0.07421875
5 0.61875 0.85 0.0453125 0.0609375
5 0.93203125 0.6703125 0.053125 0.0953125
5 0.91953125 0.8015625 0.05546875 0.08671875
5 0.9421875 0.4984375 0.0515625 0.0953125
5 0.8421875 0.39765625 0.04609375 0.07421875
5 0.84140625 0.2171875 0.05546875 0.0875
5 0.95703125 0.340625 0.0640625 0.10078125
5 0.7609375 0.78984375 0.05625 0.06875
5 0.68203125 0.96640625 0.0421875 0.05546875
5 0.77890625 0.91015625 0.0484375 0.07265625
5 0.696875 0.88984375 0.0421875 0.0578125
5 0.271875 0.86484375 0.05546875 0.0625
5 0.3515625 0.83671875 0.0453125 0.06484375
5 0.340625 0.45859375 0.03984375 0.07734375
5 0.06015625 0.19609375 0.0609375 0.09296875
5 0.1 0.65234375 0.06875 0.090625
5 0.27421875 0.73515625 0.05 0.09921875
5 0.25234375 0.496875 0.04296875 0.071875
5 0.28671875 0.33828125 0.05546875 0.075
5 0.59140625 0.2671875 0.05625 0.08203125
5 0.73203125 0.709375 0.03984375 0.0625
5 0.8515625 0.77421875 0.03984375 0.0734375