5 0.615625 0.07890625 0.134375 0.1578125
5 0.44609375 0.42734375 0.11796875 0.15390625
5 0.9203125 0.28828125 0.15078125 0.209375
5 0.18203125 0.7890625 0.1140625 0.178125
5 0.9546875 0.82890625 0.08359375 0.15546875
5 0.65546875 0.89765625 0.078125 0.10703125
5 0.43125 0.62109375 0.11015625 0.17421875
5 0.31015625 0.95078125 0.08359375 0.0984375
5 0.05078125 0.05859375 0.09296875 0.1171875
5 0.8046875 0.4921875 0.0671875 0.11953125
5 0.9546875 0.515625 0.0890625 0.1546875
5 0.2890625 0.06640625 0.1 0.1328125
5 0.4390625 0.0765625 0.12421875 0.15234375
5 0.18984375 0.61875 0.05234375 0.09921875
5 0.64921875 0.31875 0.0921875 0.1234375