5 0.134375 0.275 0.0671875 0.14375
5 0.3375 0.08828125 0.0703125 0.1265625
5 0.26953125 0.55078125 0.0546875 0.1015625
5 0.15234375 0.7296875 0.0640625 0.109375
5 0.32734375 0.69140625 0.0546875 0.090625
5 0.4015625 0.309375 0.0609375 0.1171875
5 0.50703125 0.21796875 0.0484375 0.1171875
5 0.71015625 0.32421875 0.059375 0.0890625
5 0.5765625 0.16484375 0.046875 0.096875
5 0.446875 0.79921875 0.053125 0.0890625
5 0.13671875 0.87265625 0.05625 0.0984375
5 0.23828125 0.871875 0.0625 0.084375
5 0.32109375 0.84453125 0.053125 0.09375
5 0.61875 0.85703125 0.0515625 0.0828125
5 0.646875 0.62421875 0.0546875 0.1015625
5 0.74921875 0.490625 0.059375 0.0953125
5 0.975 0.4234375 0.05 0.09375
5 0.7890625 0.91484375 0.053125 0.0765625
5 0.94609375 0.809375 0.05 0.1109375
5 0.7671875 0.78515625 0.059375 0.09375
5 0.9625 0.63671875 0.0640625 0.10625
5 0.85546875 0.0765625 0.0515625 0.0984375
5 0.0328125 0.41484375 0.065625 0.1546875
5 0.68671875 0.98046875 0.0546875 0.0390625
5 0.69140625 0.89140625 0.04375 0.0890625
5 0.871875 0.746875 0.059375 0.1109375
5 0.5359375 0.728125 0.0546875 0.08125
5 0.3796875 0.490625 0.0546875 0.0828125
5 0.58359375 0.43359375 0.0484375 0.090625
5 0.2515625 0.24140625 0.0640625 0.1015625
5 0.21640625 0.4109375 0.071875 0.09375
5 0.4875 0.46328125 0.059375 0.0875
5 0.85390625 0.3125 0.0515625 0.1046875
5 0.97421875 0.25 0.046875 0.090625
5 0.81328125 0.72890625 0.040625 0.10625
5 0.73125 0.69453125 0.0546875 0.06875
5 0.8734375 0.87265625 0.040625 0.0796875
5 0.23359375 0.7578125 0.0578125 0.08125
5 0.0546875 0.740625 0.0578125 0.1140625
5 0.0421875 0.61953125 0.053125 0.084375
5 0.140625 0.06171875 0.090625 0.1171875
5 0.32265625 0.3890625 0.0484375 0.0765625
5 0.5515625 0.9265625 0.0484375 0.08125
5 0.02421875 0.8984375 0.0484375 0.0640625
5 0.2296875 0.66875 0.046875 0.0765625
5 0.6671875 0.78828125 0.04375 0.0703125