5 0.865625 0.275 0.0671875 0.14375
5 0.6625 0.08828125 0.0703125 0.1265625
5 0.73046875 0.55078125 0.0546875 0.1015625
5 0.84765625 0.7296875 0.0640625 0.109375
5 0.67265625 0.69140625 0.0546875 0.090625
5 0.5984375 0.309375 0.0609375 0.1171875
5 0.49296875 0.21796875 0.0484375 0.1171875
5 0.28984375 0.32421875 0.059375 0.0890625
5 0.4234375 0.16484375 0.046875 0.096875
5 0.553125 0.79921875 0.0515625 0.0890625
5 0.86328125 0.87265625 0.05625 0.0984375
5 0.76171875 0.871875 0.0625 0.084375
5 0.67890625 0.84453125 0.053125 0.09375
5 0.38125 0.85703125 0.053125 0.0828125
5 0.353125 0.62421875 0.0546875 0.1015625
5 0.25078125 0.490625 0.059375 0.0953125
5 0.025 0.4234375 0.05 0.09375
5 0.2109375 0.91484375 0.053125 0.0765625
5 0.05390625 0.809375 0.05 0.1109375
5 0.2328125 0.78515625 0.059375 0.09375
5 0.0375 0.63671875 0.0640625 0.10625
5 0.14453125 0.0765625 0.0515625 0.0984375
5 0.9671875 0.41484375 0.065625 0.1546875
5 0.31328125 0.98046875 0.0546875 0.0390625
5 0.30859375 0.89140625 0.04375 0.0890625
5 0.128125 0.746875 0.059375 0.1109375
5 0.4640625 0.728125 0.0546875 0.08125
5 0.6203125 0.490625 0.0546875 0.0828125
5 0.41640625 0.43359375 0.0484375 0.090625
5 0.7484375 0.24140625 0.0640625 0.1015625
5 0.78359375 0.4109375 0.071875 0.09375
5 0.5125 0.46328125 0.059375 0.0875
5 0.14609375 0.3125 0.0515625 0.1046875
5 0.02578125 0.25 0.046875 0.090625
5 0.18671875 0.72890625 0.040625 0.10625
5 0.26875 0.69453125 0.0546875 0.06875
5 0.1265625 0.87265625 0.040625 0.0796875
5 0.76640625 0.7578125 0.0578125 0.08125
5 0.9453125 0.740625 0.0578125 0.1140625
5 0.9578125 0.61953125 0.053125 0.084375
5 0.859375 0.06171875 0.090625 0.1171875
5 0.67734375 0.3890625 0.0484375 0.0765625
5 0.4484375 0.9265625 0.0484375 0.08125
5 0.97578125 0.8984375 0.0484375 0.0640625
5 0.7703125 0.66875 0.046875 0.0765625
5 0.3328125 0.78828125 0.04375 0.0703125