5 0.45546875 0.2296875 0.12421875 0.08359375
5 0.921875 0.53203125 0.09140625 0.0625
5 0.68671875 0.690625 0.10390625 0.09453125
5 0.9546875 0.7734375 0.0703125 0.07421875
5 0.69609375 0.09453125 0.121875 0.08359375
5 0.73125 0.1890625 0.096875 0.07421875
5 0.28671875 0.10078125 0.12734375 0.071875
5 0.178125 0.3546875 0.1421875 0.09453125
5 0.15625 0.5796875 0.11953125 0.09296875
5 0.48984375 0.48046875 0.121875 0.0796875
5 0.590625 0.60703125 0.09375 0.06484375
5 0.7125 0.56953125 0.0890625 0.0796875
5 0.40625 0.7203125 0.14765625 0.09296875
5 0.30859375 0.5703125 0.10390625 0.08125
5 0.378125 0.41953125 0.13203125 0.08359375
5 0.24375 0.46328125 0.13203125 0.06484375
5 0.45703125 0.584375 0.121875 0.12109375