5 0.3296875 0.40390625 0.0796875 0.07734375
5 0.9671875 0.7734375 0.05703125 0.08125
5 0.41953125 0.4953125 0.0453125 0.0515625
5 0.409375 0.61328125 0.05703125 0.0609375
5 0.36171875 0.2671875 0.04296875 0.0515625
5 0.43671875 0.27421875 0.071875 0.0703125
5 0.40859375 0.16015625 0.053125 0.08828125
5 0.584375 0.2046875 0.11484375 0.12890625
5 0.4703125 0.37109375 0.0421875 0.075
5 0.65 0.47734375 0.09609375 0.115625
5 0.7859375 0.44453125 0.08359375 0.1046875
5 0.2609375 0.48515625 0.05859375 0.06640625
5 0.18046875 0.61328125 0.0671875 0.075
5 0.11640625 0.77109375 0.05859375 0.06796875
5 0.14921875 0.96171875 0.0625 0.05625
5 0.10859375 0.91640625 0.03671875 0.0453125
5 0.18203125 0.7671875 0.04375 0.071875
5 0.76328125 0.72578125 0.04375 0.059375
5 0.2484375 0.66953125 0.02890625 0.0328125
5 0.25546875 0.5671875 0.0265625 0.03203125
5 0.33203125 0.48359375 0.0375 0.046875
5 0.4140625 0.36875 0.0515625 0.09375
5 0.50078125 0.88828125 0.0578125 0.075
5 0.11953125 0.85234375 0.0578125 0.04921875