5 0.7078125 0.41328125 0.021875 0.0265625
5 0.69921875 0.5015625 0.01875 0.0296875
5 0.6765625 0.50546875 0.0203125 0.0296875
5 0.66953125 0.2296875 0.01875 0.025
5 0.64921875 0.253125 0.0140625 0.0265625
5 0.61875 0.30390625 0.021875 0.025
5 0.6015625 0.2640625 0.0203125 0.03125
5 0.63203125 0.259375 0.015625 0.0328125
5 0.6484375 0.22109375 0.015625 0.0296875
5 0.67109375 0.14296875 0.0203125 0.0328125
5 0.6953125 0.20703125 0.0171875 0.0328125
5 0.621875 0.17265625 0.015625 0.028125
5 0.64296875 0.15078125 0.015625 0.03125
5 0.62578125 0.14296875 0.015625 0.025
5 0.57578125 0.09921875 0.0109375 0.021875
5 0.6328125 0.10234375 0.021875 0.0203125
5 0.65078125 0.128125 0.0125 0.0203125
5 0.71328125 0.375 0.015625 0.021875
5 0.6875 0.3171875 0.0140625 0.025
5 0.6828125 0.5765625 0.0234375 0.0234375
5 0.76484375 0.421875 0.0140625 0.0203125
5 0.7484375 0.43046875 0.0140625 0.0328125
5 0.7234375 0.4453125 0.01875 0.0453125
5 0.71875 0.26640625 0.015625 0.028125
5 0.72421875 0.39140625 0.0171875 0.015625
5 0.7 0.265625 0.0125 0.0265625
5 0.7140625 0.31015625 0.015625 0.028125
5 0.7515625 0.35625 0.0125 0.021875
5 0.67265625 0.28515625 0.0109375 0.0234375
5 0.52890625 0.09765625 0.015625 0.03125
5 0.5953125 0.16953125 0.015625 0.025
5 0.6609375 0.0765625 0.0171875 0.0171875
5 0.67890625 0.1 0.015625 0.0203125
5 0.6453125 0.0609375 0.0140625 0.021875
5 0.584375 0.03671875 0.015625 0.021875
5 0.5578125 0.0484375 0.0125 0.0296875
5 0.6015625 0.0859375 0.015625 0.0234375
5 0.43515625 0.14296875 0.0171875 0.021875
5 0.4890625 0.2015625 0.0140625 0.021875
5 0.3875 0.26953125 0.021875 0.03125
5 0.37421875 0.3171875 0.015625 0.0234375
5 0.36015625 0.35078125 0.015625 0.0265625
5 0.434375 0.18125 0.0140625 0.0265625
5 0.41328125 0.1890625 0.01875 0.025
5 0.453125 0.18984375 0.0171875 0.021875
5 0.53203125 0.2671875 0.01875 0.0234375
5 0.58203125 0.21640625 0.01875 0.025
5 0.6203125 0.2109375 0.0171875 0.028125
5 0.68359375 0.434375 0.0171875 0.0234375
5 0.6796875 0.3953125 0.01875 0.0203125
5 0.62734375 0.36171875 0.0203125 0.025
5 0.54921875 0.2171875 0.0203125 0.03125
5 0.57734375 0.140625 0.01875 0.0296875
5 0.6046875 0.14375 0.015625 0.025
5 0.45234375 0.05546875 0.01875 0.025
5 0.4015625 0.08515625 0.0140625 0.028125
5 0.42890625 0.10546875 0.0171875 0.0265625
5 0.35859375 0.1171875 0.015625 0.0265625
5 0.37734375 0.15078125 0.0203125 0.0171875
5 0.4125 0.1453125 0.01875 0.0171875
5 0.38671875 0.17734375 0.0171875 0.0265625
5 0.4609375 0.02109375 0.015625 0.01875
5 0.521875 0.028125 0.01875 0.025
5 0.4953125 0.0828125 0.015625 0.0234375
5 0.67421875 0.025 0.0171875 0.025
5 0.55703125 0.01484375 0.015625 0.0234375
5 0.66171875 0.77109375 0.0203125 0.0265625
5 0.53046875 0.8125 0.0234375 0.028125
5 0.67890625 0.74609375 0.0203125 0.0328125
5 0.67890625 0.62109375 0.025 0.03125
5 0.62890625 0.57734375 0.028125 0.0390625
5 0.71171875 0.64140625 0.0203125 0.03125
5 0.65859375 0.7296875 0.01875 0.025
5 0.6734375 0.6984375 0.0203125 0.028125
5 0.44765625 0.8 0.01875 0.025
5 0.56640625 0.73984375 0.01875 0.025
5 0.36796875 0.6828125 0.0171875 0.0265625
5 0.33359375 0.6390625 0.021875 0.0375
5 0.328125 0.56015625 0.0265625 0.0359375
5 0.21953125 0.8828125 0.0296875 0.0390625
5 0.18359375 0.5265625 0.0234375 0.040625
5 0.12109375 0.58203125 0.021875 0.0328125
5 0.23984375 0.34375 0.021875 0.0296875
5 0.40078125 0.34140625 0.0203125 0.028125
5 0.59375 0.30546875 0.0203125 0.0296875
5 0.4953125 0.1640625 0.0125 0.0234375
5 0.48046875 0.14140625 0.01875 0.0265625
5 0.53671875 0.05390625 0.0171875 0.03125
5 0.7 0.07265625 0.0203125 0.0328125
5 0.7625 0.1796875 0.01875 0.025
5 0.72578125 0.1140625 0.0125 0.021875
5 0.8921875 0.71640625 0.0234375 0.028125
5 0.90234375 0.634375 0.0203125 0.034375