5 0.384375 0.07890625 0.134375 0.1578125
5 0.55390625 0.42734375 0.1171875 0.1546875
5 0.0796875 0.28828125 0.1515625 0.209375
5 0.81796875 0.7890625 0.1140625 0.178125
5 0.0453125 0.82890625 0.0828125 0.15625
5 0.34453125 0.89765625 0.078125 0.1078125
5 0.56875 0.62109375 0.1109375 0.175
5 0.68984375 0.95078125 0.0828125 0.0984375
5 0.94921875 0.05859375 0.09375 0.1171875
5 0.1953125 0.4921875 0.0671875 0.1203125
5 0.0453125 0.515625 0.0890625 0.1546875
5 0.7109375 0.06640625 0.1 0.1328125
5 0.5609375 0.0765625 0.125 0.153125
5 0.81015625 0.61875 0.0515625 0.0984375
5 0.35078125 0.31875 0.0921875 0.1234375