5 0.78125 0.671875 0.0703125 0.1140625
5 0.215625 0.853125 0.0765625 0.09375
5 0.40546875 0.6984375 0.0703125 0.0875
5 0.04921875 0.96015625 0.0703125 0.0796875
5 0.41484375 0.16953125 0.0703125 0.096875
5 0.596875 0.17109375 0.071875 0.0921875
5 0.5046875 0.2421875 0.0578125 0.0890625
5 0.4171875 0.36953125 0.0578125 0.09375
5 0.41640625 0.546875 0.0640625 0.0984375
5 0.5046875 0.48125 0.0546875 0.08125
5 0.1109375 0.34296875 0.0734375 0.0890625
5 0.29296875 0.21796875 0.053125 0.1171875
5 0.65625 0.928125 0.071875 0.0875
5 0.359375 0.8453125 0.0875 0.1046875
5 0.80390625 0.96015625 0.0546875 0.0796875
5 0.59453125 0.46484375 0.071875 0.0921875
5 0.8609375 0.08828125 0.0609375 0.1046875
5 0.83359375 0.53828125 0.0828125 0.0859375
5 0.490625 0.640625 0.0578125 0.0859375
5 0.196875 0.953125 0.084375 0.09375
5 0.32421875 0.42578125 0.075 0.1203125
5 0.0734375 0.18125 0.1234375 0.1890625
5 0.671875 0.53359375 0.0609375 0.10625
5 0.5734375 0.8046875 0.0578125 0.084375
5 0.16640625 0.69453125 0.090625 0.10625
5 0.9375 0.690625 0.075 0.125