5 0.615625 0.07890625 0.134375 0.1578125
5 0.44609375 0.42734375 0.1171875 0.1546875
5 0.9203125 0.28828125 0.1515625 0.209375
5 0.18203125 0.7890625 0.1140625 0.178125
5 0.9546875 0.82890625 0.084375 0.15625
5 0.65546875 0.89765625 0.078125 0.1078125
5 0.43125 0.62109375 0.109375 0.175
5 0.31015625 0.95078125 0.084375 0.0984375
5 0.05078125 0.05859375 0.09375 0.1171875
5 0.8046875 0.4921875 0.0671875 0.1203125
5 0.9546875 0.515625 0.0890625 0.1546875
5 0.2890625 0.06640625 0.1 0.1328125
5 0.4390625 0.0765625 0.125 0.153125
5 0.18984375 0.61875 0.053125 0.0984375
5 0.64921875 0.31875 0.0921875 0.1234375