5 0.74921875 0.28828125 0.13125 0.1296875
5 0.48828125 0.54609375 0.09609375 0.0984375
5 0.4875 0.17734375 0.0875 0.0921875
5 0.32890625 0.353125 0.13125 0.13515625
5 0.16640625 0.50234375 0.10703125 0.11328125
5 0.12265625 0.30703125 0.1109375 0.12109375
5 0.06015625 0.66015625 0.07265625 0.084375
5 0.05390625 0.89609375 0.08203125 0.1046875
5 0.2203125 0.88984375 0.11640625 0.10859375
5 0.32421875 0.72109375 0.10390625 0.10234375
5 0.971875 0.4390625 0.05625 0.11484375
5 0.95546875 0.64453125 0.0890625 0.11875
5 0.36875 0.84375 0.0875 0.090625
5 0.27890625 0.059375 0.0890625 0.1109375
5 0.3828125 0.50703125 0.09609375 0.1109375
5 0.21484375 0.6546875 0.090625 0.10234375
5 0.0578125 0.1890625 0.06171875 0.078125
5 0.02265625 0.3984375 0.03828125 0.0859375
5 0.12890625 0.71171875 0.04375 0.0921875
5 0.38359375 0.11484375 0.06875 0.07421875
5 0.5484375 0.0421875 0.05625 0.08046875
5 0.478125 0.8734375 0.04375 0.06328125