5 0.21875 0.671875 0.0703125 0.1140625
5 0.784375 0.853125 0.0765625 0.09375
5 0.59453125 0.6984375 0.0703125 0.0875
5 0.95078125 0.96015625 0.0703125 0.0796875
5 0.58515625 0.16953125 0.0703125 0.096875
5 0.403125 0.17109375 0.071875 0.0921875
5 0.4953125 0.2421875 0.0578125 0.0890625
5 0.5828125 0.36953125 0.0578125 0.09375
5 0.58359375 0.546875 0.0640625 0.0984375
5 0.4953125 0.48125 0.05625 0.08125
5 0.8890625 0.34296875 0.0734375 0.0890625
5 0.70703125 0.21796875 0.053125 0.1171875
5 0.34375 0.928125 0.071875 0.0875
5 0.640625 0.8453125 0.0875 0.1046875
5 0.19609375 0.96015625 0.05625 0.0796875
5 0.40546875 0.46484375 0.071875 0.0921875
5 0.1390625 0.08828125 0.0609375 0.1046875
5 0.16640625 0.53828125 0.0828125 0.0859375
5 0.509375 0.640625 0.0578125 0.0859375
5 0.803125 0.953125 0.084375 0.09375
5 0.67578125 0.42578125 0.075 0.1203125
5 0.9265625 0.18125 0.1234375 0.1890625
5 0.328125 0.53359375 0.0609375 0.10625
5 0.4265625 0.8046875 0.0578125 0.084375
5 0.83359375 0.69453125 0.090625 0.10625
5 0.0625 0.690625 0.075 0.125