5 0.31484375 0.34921875 0.03515625 0.05625
5 0.43671875 0.32578125 0.0328125 0.04921875
5 0.42890625 0.41328125 0.0453125 0.0625
5 0.3390625 0.42734375 0.04296875 0.0546875
5 0.28671875 0.52265625 0.03984375 0.05078125
5 0.40078125 0.0984375 0.04453125 0.0640625
5 0.4703125 0.1140625 0.03125 0.05859375
5 0.3484375 0.753125 0.03515625 0.0609375
5 0.17890625 0.7078125 0.03515625 0.05859375
5 0.3359375 0.41796875 0.01640625 0.028125
5 0.70625 0.46015625 0.01953125 0.0359375
5 0.35625 0.1890625 0.01796875 0.02578125
5 0.3734375 0.62109375 0.01875 0.0359375
5 0.60078125 0.46875 0.01875 0.0328125
5 0.09453125 0.48046875 0.0171875 0.02578125
5 0.790625 0.52421875 0.02578125 0.0359375
5 0.259375 0.69609375 0.01640625 0.028125
5 0.18515625 0.35546875 0.02265625 0.02890625
5 0.16328125 0.29375 0.0140625 0.025
5 0.63125 0.7125 0.01875 0.025
5 0.11796875 0.4375 0.01953125 0.04296875
5 0.8828125 0.2890625 0.01796875 0.02890625
5 0.871875 0.14140625 0.0203125 0.02734375
5 0.1015625 0.3359375 0.0171875 0.02265625
5 0.33671875 0.5125 0.01640625 0.02578125
5 0.56484375 0.39296875 0.03046875 0.0375
5 0.29765625 0.5734375 0.01484375 0.0234375
5 0.5703125 0.59921875 0.02109375 0.0296875
5 0.840625 0.2421875 0.015625 0.02578125
5 0.03046875 0.30546875 0.01875 0.028125
5 0.434375 0.60703125 0.0203125 0.02890625
5 0.15703125 0.54375 0.0140625 0.025
5 0.1546875 0.4625 0.01328125 0.025
5 0.50859375 0.65859375 0.01953125 0.02734375
5 0.528125 0.61328125 0.01953125 0.028125
5 0.24609375 0.7453125 0.01875 0.0296875
5 0.7875 0.45234375 0.01875 0.0328125
5 0.61015625 0.33828125 0.0171875 0.02421875
5 0.93828125 0.728125 0.01875 0.0296875
5 0.878125 0.76796875 0.02578125 0.03359375
5 0.940625 0.09765625 0.01953125 0.0265625
5 0.78203125 0.83046875 0.01875 0.028125
5 0.75625 0.31015625 0.0203125 0.03125
5 0.5984375 0.7796875 0.01953125 0.028125
5 0.52109375 0.77109375 0.01875 0.02578125
5 0.41328125 0.63359375 0.01953125 0.02890625
5 0.69609375 0.58828125 0.01953125 0.02578125
5 0.471875 0.5390625 0.0171875 0.02421875
5 0.8375 0.846875 0.0171875 0.03046875
5 0.471875 0.62890625 0.021875 0.0296875
5 0.571875 0.090625 0.02578125 0.02421875
5 0.09296875 0.75 0.01796875 0.03828125
5 0.459375 0.6125 0.02578125 0.034375
5 0.94609375 0.21953125 0.0171875 0.028125
5 0.38125 0.6671875 0.01484375 0.02265625
5 0.6984375 0.50234375 0.0171875 0.02421875
5 0.196875 0.08203125 0.0140625 0.0234375
5 0.60546875 0.7328125 0.01640625 0.0234375
5 0.746875 0.85 0.01875 0.0265625
5 0.215625 0.1375 0.02578125 0.03671875
5 0.26484375 0.73515625 0.02109375 0.03046875
5 0.6109375 0.2328125 0.03515625 0.03046875
5 0.55 0.62265625 0.025 0.034375
5 0.02734375 0.9015625 0.01484375 0.025
5 0.096875 0.37109375 0.034375 0.0546875
5 0.80390625 0.8390625 0.01796875 0.02578125
5 0.7828125 0.659375 0.01875 0.03203125
5 0.95546875 0.23125 0.02734375 0.0421875
5 0.653125 0.52265625 0.0265625 0.03828125
5 0.85625 0.8671875 0.0140625 0.02421875
5 0.28203125 0.246875 0.01875 0.0234375
5 0.22265625 0.64453125 0.01484375 0.02578125
5 0.3734375 0.80546875 0.01875 0.0265625
5 0.89140625 0.55859375 0.01484375 0.02421875
5 0.20234375 0.9859375 0.0125 0.0203125
5 0.7828125 0.709375 0.0140625 0.02109375
5 0.21015625 0.9734375 0.0109375 0.01953125
5 0.953125 0.853125 0.0171875 0.028125
5 0.89765625 0.8234375 0.01171875 0.01875
5 0.83828125 0.7515625 0.01953125 0.025
5 0.58203125 0.796875 0.01953125 0.021875
5 0.39375 0.9890625 0.01640625 0.01796875
5 0.40859375 0.9859375 0.01484375 0.02265625
5 0.99609375 0.39296875 0.0078125 0.025
5 0.47890625 0.47265625 0.02578125 0.03984375
5 0.12109375 0.62734375 0.021875 0.04296875
5 0.07734375 0.67265625 0.0234375 0.03046875
5 0.11640625 0.68828125 0.02109375 0.04296875
5 0.065625 0.24921875 0.03203125 0.05234375
5 0.1296875 0.1625 0.03125 0.0390625
5 0.47265625 0.978125 0.01875 0.02890625
5 0.0625 0.98984375 0.01328125 0.015625
5 0.66640625 0.89375 0.01875 0.02421875
5 0.40703125 0.915625 0.02734375 0.0375
5 0.671875 0.22578125 0.08515625 0.06640625
5 0.67421875 0.8140625 0.0109375 0.0171875
5 0.3328125 0.93046875 0.009375 0.01328125
5 0.60625 0.3625 0.02421875 0.02265625
5 0.40625 0.60625 0.01875 0.02734375
5 0.6171875 0.4359375 0.01875 0.02734375
5 0.7828125 0.21171875 0.02109375 0.0390625
5 0.740625 0.23203125 0.0234375 0.03203125
5 0.6921875 0.315625 0.0296875 0.04765625
5 0.83359375 0.396875 0.0265625 0.04453125
5 0.825 0.3234375 0.02578125 0.04375
5 0.5921875 0.1609375 0.02421875 0.0484375
5 0.62890625 0.12265625 0.02578125 0.04453125
5 0.42890625 0.22734375 0.0328125 0.04609375
5 0.659375 0.0734375 0.02890625 0.05234375
5 0.70625 0.09140625 0.034375 0.05546875
5 0.825 0.134375 0.02421875 0.046875
5 0.909375 0.17734375 0.02578125 0.0375
5 0.84375 0.90859375 0.01953125 0.04140625
5 0.87109375 0.903125 0.021875 0.03515625
5 0.046875 0.503125 0.015625 0.03046875
5 0.06171875 0.57421875 0.01875 0.0390625
5 0.02421875 0.78984375 0.01953125 0.0375