5 0.1171875 0.7484375 0.109375 0.171875
5 0.8875 0.73828125 0.0890625 0.1375
5 0.46796875 0.33984375 0.0890625 0.1296875
5 0.684375 0.1484375 0.10625 0.146875
5 0.4875 0.6625 0.096875 0.1421875
5 0.29140625 0.48515625 0.109375 0.1203125
5 0.2671875 0.69609375 0.1 0.1375
5 0.42265625 0.7859375 0.0859375 0.1046875
5 0.5296875 0.88984375 0.0828125 0.128125
5 0.76953125 0.7546875 0.0828125 0.146875
5 0.5984375 0.79921875 0.0921875 0.128125
5 0.72734375 0.890625 0.09375 0.10625
5 0.32421875 0.321875 0.1078125 0.13125
5 0.4 0.45 0.075 0.0796875
5 0.35859375 0.18984375 0.1359375 0.1296875