5 0.4421875 0.353125 0.06640625 0.08359375
5 0.721875 0.2375 0.0609375 0.0765625
5 0.89765625 0.4625 0.05078125 0.0546875
5 0.0921875 0.43125 0.08203125 0.08359375
5 0.078125 0.6125 0.08125 0.10078125
5 0.30546875 0.46484375 0.0515625 0.0625
5 0.5078125 0.5734375 0.0515625 0.06875
5 0.728125 0.6421875 0.05625 0.08046875
5 0.89140625 0.6453125 0.0640625 0.075
5 0.44453125 0.121875 0.05546875 0.075
5 0.13125 0.30078125 0.06328125 0.075
5 0.38515625 0.63203125 0.05078125 0.06171875
5 0.209375 0.59453125 0.0484375 0.0578125
5 0.76953125 0.7796875 0.0609375 0.07265625
5 0.23671875 0.83984375 0.04140625 0.05703125
5 0.2890625 0.6984375 0.04453125 0.0546875
5 0.15859375 0.7359375 0.0484375 0.05625
5 0.3421875 0.14921875 0.0609375 0.06953125
5 0.234375 0.16875 0.0515625 0.06171875
5 0.01875 0.2765625 0.03046875 0.04765625
5 0.74765625 0.43671875 0.04375 0.05859375
5 0.57578125 0.7359375 0.0453125 0.0515625
5 0.48125 0.759375 0.05546875 0.06875
5 0.35546875 0.78203125 0.05390625 0.06328125
5 0.66640625 0.89765625 0.0609375 0.06484375
5 0.2953125 0.9328125 0.046875 0.04765625
5 0.10859375 0.971875 0.05078125 0.04375
5 0.1984375 0.9796875 0.05 0.040625
5 0.1875 0.92734375 0.03515625 0.03671875
5 0.87109375 0.8390625 0.04296875 0.05703125
5 0.7546875 0.9390625 0.04921875 0.06015625
5 0.5359375 0.97265625 0.05390625 0.0546875
5 0.428125 0.9 0.0421875 0.05390625
5 0.5265625 0.8765625 0.0453125 0.04609375
5 0.84140625 0.97265625 0.0484375 0.05078125
5 0.9140625 0.98125 0.04375 0.0375
5 0.6203125 0.40703125 0.059375 0.0578125
5 0.259375 0.36796875 0.034375 0.04921875
5 0.621875 0.978125 0.05625 0.04296875
5 0.72265625 0.35859375 0.03828125 0.0484375
5 0.44140625 0.51953125 0.02734375 0.034375
5 0.45234375 0.27734375 0.0328125 0.034375
5 0.58046875 0.52421875 0.04765625 0.0640625