5 0.4609375 0.68671875 0.0734375 0.153125
5 0.68828125 0.2234375 0.0859375 0.215625
5 0.4125 0.16953125 0.065625 0.14375
5 0.24453125 0.4328125 0.0734375 0.1296875
5 0.096875 0.34140625 0.0703125 0.14375
5 0.759375 0.7515625 0.078125 0.1203125
5 0.64765625 0.759375 0.0828125 0.14375
5 0.5609375 0.6953125 0.0609375 0.125
5 0.94453125 0.2328125 0.1015625 0.2140625
5 0.81328125 0.18828125 0.0984375 0.1453125
5 0.81328125 0.48984375 0.0734375 0.1078125
5 0.2125 0.04921875 0.08125 0.0984375
5 0.38671875 0.58046875 0.0734375 0.1140625
5 0.115625 0.61484375 0.0703125 0.1375
5 0.71875 0.5359375 0.0859375 0.140625
5 0.73203125 0.03515625 0.0859375 0.0703125
5 0.2 0.2234375 0.0703125 0.109375
5 0.803125 0.3203125 0.0796875 0.0953125
5 0.6453125 0.9125 0.065625 0.103125
5 0.271875 0.63671875 0.0625 0.109375