5 0.1546875 0.67421875 0.11171875 0.1375
5 0.325 0.6171875 0.0875 0.14140625
5 0.34609375 0.43359375 0.10703125 0.12578125
5 0.48515625 0.70625 0.08515625 0.103125
5 0.38828125 0.2921875 0.08203125 0.10703125
5 0.43203125 0.16484375 0.1609375 0.09375
5 0.5609375 0.6171875 0.08515625 0.11484375
5 0.84609375 0.68671875 0.09375 0.128125
5 0.66640625 0.7140625 0.08359375 0.103125
5 0.6109375 0.81875 0.090625 0.1203125
5 0.78203125 0.79921875 0.08046875 0.1015625
5 0.94765625 0.68984375 0.0671875 0.10703125
5 0.740625 0.13359375 0.14921875 0.153125
5 0.5 0.840625 0.0921875 0.103125
5 0.2078125 0.8890625 0.11640625 0.08984375