5 0.8015625 0.090625 0.0734375 0.0859375
5 0.6734375 0.50625 0.0484375 0.0828125
5 0.52265625 0.47421875 0.046875 0.096875
5 0.4921875 0.03984375 0.0484375 0.078125
5 0.5609375 0.0703125 0.040625 0.075
5 0.50703125 0.12734375 0.0421875 0.0734375
5 0.74453125 0.30546875 0.059375 0.0828125
5 0.2203125 0.16484375 0.05 0.090625
5 0.97265625 0.24765625 0.04375 0.0796875
5 0.91875 0.16796875 0.0671875 0.08125
5 0.9171875 0.409375 0.046875 0.075
5 0.85234375 0.20078125 0.0328125 0.078125
5 0.9171875 0.28984375 0.0421875 0.0625
5 0.86875 0.328125 0.0359375 0.0546875
5 0.81015625 0.3921875 0.05 0.0671875
5 0.60859375 0.73359375 0.0484375 0.078125
5 0.58984375 0.54453125 0.0484375 0.090625
5 0.42890625 0.16796875 0.040625 0.0859375
5 0.4171875 0.540625 0.04375 0.0484375
5 0.45390625 0.6109375 0.0328125 0.0546875
5 0.36796875 0.14296875 0.0375 0.0890625
5 0.32578125 0.4671875 0.0359375 0.05625
5 0.575 0.2734375 0.053125 0.0625
5 0.565625 0.40078125 0.046875 0.0703125
5 0.46875 0.36796875 0.0421875 0.065625
5 0.7546875 0.74765625 0.046875 0.065625
5 0.52421875 0.321875 0.03125 0.046875
5 0.271875 0.15234375 0.0421875 0.0734375
5 0.24921875 0.346875 0.0359375 0.065625
5 0.14296875 0.28125 0.03125 0.0625
5 0.1953125 0.3015625 0.0390625 0.05625
5 0.65 0.3125 0.0546875 0.065625
5 0.775 0.21484375 0.034375 0.040625
5 0.70546875 0.1375 0.046875 0.05625
5 0.3984375 0.6109375 0.0328125 0.0421875
5 0.4328125 0.684375 0.025 0.0421875
5 0.43046875 0.46953125 0.03125 0.040625
5 0.6640625 0.09375 0.0375 0.0609375
5 0.9546875 0.5 0.0484375 0.05625
5 0.9328125 0.915625 0.046875 0.0578125
5 0.696875 0.94921875 0.0359375 0.053125
5 0.34453125 0.6546875 0.021875 0.0328125