5 0.1984375 0.090625 0.07265625 0.08515625
5 0.3265625 0.50625 0.0484375 0.0828125
5 0.47734375 0.47421875 0.04609375 0.09609375
5 0.5078125 0.03984375 0.0484375 0.07890625
5 0.4390625 0.0703125 0.040625 0.075
5 0.49296875 0.12734375 0.0421875 0.0734375
5 0.25546875 0.30546875 0.059375 0.0828125
5 0.7796875 0.16484375 0.04921875 0.090625
5 0.02734375 0.24765625 0.04296875 0.07890625
5 0.08125 0.16796875 0.06640625 0.08125
5 0.0828125 0.409375 0.04609375 0.075
5 0.14765625 0.20078125 0.0328125 0.07734375
5 0.0828125 0.28984375 0.0421875 0.06328125
5 0.13125 0.328125 0.03515625 0.05390625
5 0.18984375 0.3921875 0.04921875 0.0671875
5 0.39140625 0.73359375 0.0484375 0.07890625
5 0.41015625 0.54453125 0.0484375 0.090625
5 0.57109375 0.16796875 0.03984375 0.08515625
5 0.5828125 0.540625 0.04375 0.0484375
5 0.54609375 0.6109375 0.03203125 0.05390625
5 0.63203125 0.14296875 0.03671875 0.08828125
5 0.67421875 0.4671875 0.03515625 0.05625
5 0.425 0.2734375 0.053125 0.06171875
5 0.434375 0.40078125 0.04765625 0.06953125
5 0.53125 0.36796875 0.0421875 0.065625
5 0.2453125 0.74765625 0.04765625 0.065625
5 0.47578125 0.321875 0.03203125 0.04609375
5 0.728125 0.15234375 0.0421875 0.0734375
5 0.75078125 0.346875 0.03515625 0.065625
5 0.85703125 0.28125 0.03125 0.06171875
5 0.8046875 0.3015625 0.03828125 0.05625
5 0.35 0.3125 0.05390625 0.065625
5 0.225 0.21484375 0.034375 0.040625
5 0.29453125 0.1375 0.04609375 0.05625
5 0.6015625 0.6109375 0.03203125 0.0421875
5 0.5671875 0.684375 0.02421875 0.0421875
5 0.56953125 0.46953125 0.03125 0.040625
5 0.3359375 0.09375 0.03671875 0.06015625
5 0.0453125 0.5 0.0484375 0.05625
5 0.0671875 0.915625 0.04609375 0.0578125
5 0.303125 0.94921875 0.03515625 0.05234375
5 0.65546875 0.6546875 0.02109375 0.0328125