5 0.41328125 0.11171875 0.1046875 0.1546875
5 0.7546875 0.4484375 0.0953125 0.1609375
5 0.47734375 0.6671875 0.09375 0.1609375
5 0.578125 0.1390625 0.1125 0.1921875
5 0.796875 0.05078125 0.109375 0.1015625
5 0.9453125 0.6359375 0.08125 0.171875
5 0.58046875 0.8859375 0.10625 0.128125
5 0.0484375 0.484375 0.0734375 0.1171875
5 0.0859375 0.36171875 0.078125 0.103125
5 0.240625 0.12734375 0.0828125 0.1296875
5 0.0609375 0.1578125 0.0890625 0.109375
5 0.15703125 0.175 0.0625 0.128125
5 0.34609375 0.42265625 0.0921875 0.1703125
5 0.17890625 0.503125 0.1046875 0.1640625