5 0.8828125 0.7484375 0.109375 0.171875
5 0.1125 0.73828125 0.0890625 0.1375
5 0.53203125 0.33984375 0.0890625 0.1296875
5 0.315625 0.1484375 0.1078125 0.146875
5 0.5125 0.6625 0.096875 0.1421875
5 0.70859375 0.48515625 0.109375 0.1203125
5 0.7328125 0.69609375 0.0984375 0.1375
5 0.57734375 0.7859375 0.0859375 0.1046875
5 0.4703125 0.88984375 0.0828125 0.128125
5 0.23046875 0.7546875 0.0828125 0.146875
5 0.4015625 0.79921875 0.0921875 0.128125
5 0.27265625 0.890625 0.09375 0.10625
5 0.67578125 0.321875 0.1078125 0.13125
5 0.6 0.45 0.075 0.0796875
5 0.64140625 0.18984375 0.1359375 0.1296875