5 0.5390625 0.68671875 0.0734375 0.153125
5 0.31171875 0.2234375 0.0859375 0.215625
5 0.5875 0.16953125 0.065625 0.14375
5 0.75546875 0.4328125 0.0734375 0.1296875
5 0.903125 0.34140625 0.0703125 0.14375
5 0.240625 0.7515625 0.078125 0.1203125
5 0.35234375 0.759375 0.084375 0.14375
5 0.4390625 0.6953125 0.0609375 0.125
5 0.05546875 0.2328125 0.1015625 0.2140625
5 0.18671875 0.18828125 0.0984375 0.1453125
5 0.18671875 0.48984375 0.0734375 0.1078125
5 0.7875 0.04921875 0.08125 0.0984375
5 0.61328125 0.58046875 0.0734375 0.1140625
5 0.884375 0.61484375 0.0703125 0.1375
5 0.28125 0.5359375 0.0859375 0.140625
5 0.26796875 0.03515625 0.0859375 0.0703125
5 0.8 0.2234375 0.0703125 0.109375
5 0.196875 0.3203125 0.0796875 0.0953125
5 0.3546875 0.9125 0.065625 0.103125
5 0.728125 0.63671875 0.0625 0.109375