5 0.0890625 0.74453125 0.0484375 0.06953125
5 0.440625 0.73984375 0.04765625 0.07109375
5 0.51875 0.60546875 0.04609375 0.06015625
5 0.50703125 0.70703125 0.040625 0.06953125
5 0.6140625 0.7 0.04375 0.05859375
5 0.57421875 0.74375 0.03359375 0.05234375
5 0.625 0.80546875 0.03515625 0.05625
5 0.5609375 0.459375 0.0453125 0.04609375
5 0.3703125 0.60546875 0.05078125 0.071875
5 0.54375 0.53203125 0.04765625 0.06796875
5 0.725 0.7453125 0.04140625 0.05703125
5 0.64921875 0.7578125 0.0390625 0.053125
5 0.69921875 0.79609375 0.04921875 0.05703125
5 0.62578125 0.2296875 0.0796875 0.05546875
5 0.578125 0.165625 0.04140625 0.06484375
5 0.18203125 0.5515625 0.040625 0.0609375
5 0.834375 0.61640625 0.05 0.065625
5 0.984375 0.60859375 0.03125 0.0546875
5 0.9765625 0.82578125 0.046875 0.0640625
5 0.709375 0.659375 0.0375 0.05
5 0.8640625 0.434375 0.04453125 0.0640625
5 0.81796875 0.35234375 0.03515625 0.05625
5 0.496875 0.49765625 0.0375 0.05703125
5 0.76640625 0.72734375 0.02578125 0.04296875
5 0.50078125 0.2515625 0.028125 0.040625
5 0.53203125 0.11171875 0.03671875 0.04453125
5 0.7703125 0.153125 0.0375 0.0640625
5 0.5625 0.31015625 0.03359375 0.0484375
5 0.459375 0.13046875 0.03125 0.040625
5 0.38203125 0.10859375 0.0390625 0.05
5 0.48125 0.325 0.03203125 0.04296875
5 0.39375 0.1453125 0.02890625 0.04296875
5 0.50859375 0.36796875 0.028125 0.04296875
5 0.41875 0.46328125 0.03984375 0.059375
5 0.2296875 0.55234375 0.03046875 0.046875
5 0.30078125 0.67421875 0.028125 0.04921875
5 0.5796875 0.81171875 0.03046875 0.04765625
5 0.3453125 0.8515625 0.02578125 0.03984375
5 0.37109375 0.678125 0.028125 0.04609375
5 0.39140625 0.3546875 0.0375 0.06171875
5 0.4375 0.2 0.03203125 0.046875
5 0.71953125 0.15390625 0.03828125 0.05234375
5 0.04375 0.63359375 0.025 0.03828125
5 0.178125 0.50078125 0.0265625 0.04375
5 0.09609375 0.51171875 0.0328125 0.05
5 0.59140625 0.534375 0.0203125 0.0328125
5 0.709375 0.01328125 0.02890625 0.02578125
5 0.45078125 0.375 0.028125 0.04609375
5 0.49296875 0.04375 0.0328125 0.0390625
5 0.1015625 0.93046875 0.0296875 0.04765625
5 0.22421875 0.396875 0.03125 0.046875
5 0.33125 0.9515625 0.0234375 0.0359375
5 0.16796875 0.3828125 0.03046875 0.05078125
5 0.80859375 0.5328125 0.0328125 0.0375
5 0.0828125 0.4109375 0.028125 0.0390625
5 0.33359375 0.3796875 0.04296875 0.06875
5 0.9734375 0.34609375 0.0375 0.075
5 0.03359375 0.87421875 0.02265625 0.03828125
5 0.4578125 0.953125 0.02734375 0.04140625
5 0.8578125 0.23125 0.046875 0.07734375
5 0.9234375 0.490625 0.025 0.0390625
5 0.940625 0.8859375 0.02109375 0.03671875
5 0.45234375 0.8328125 0.025 0.04609375
5 0.51875 0.859375 0.02265625 0.04296875
5 0.02578125 0.3703125 0.0359375 0.05546875
5 0.3125 0.121875 0.04453125 0.0578125
5 0.246875 0.984375 0.0203125 0.02734375
5 0.4921875 0.9390625 0.02265625 0.03984375
5 0.76875 0.9359375 0.0203125 0.03515625
5 0.86875 0.84765625 0.03203125 0.05234375
5 0.05 0.98359375 0.021875 0.03203125
5 0.896875 0.89375 0.0203125 0.03984375
5 0.82265625 0.940625 0.02265625 0.03828125
5 0.834375 0.97265625 0.01796875 0.03359375
5 0.696875 0.98984375 0.0234375 0.0203125
5 0.246875 0.30546875 0.04375 0.05625
5 0.47734375 0.8921875 0.0265625 0.040625
5 0.65 0.9484375 0.025 0.04140625
5 0.934375 0.94609375 0.028125 0.04453125
5 0.68359375 0.43671875 0.03984375 0.0515625