5 0.5984375 0.38828125 0.0515625 0.0609375
5 0.51953125 0.56484375 0.04140625 0.0578125
5 0.39921875 0.60546875 0.04296875 0.04609375
5 0.1078125 0.49375 0.04453125 0.0546875
5 0.25625 0.3015625 0.05 0.05
5 0.2046875 0.4265625 0.05625 0.06015625
5 0.1515625 0.471875 0.0421875 0.05234375
5 0.22265625 0.5390625 0.0390625 0.0375
5 0.303125 0.57890625 0.04921875 0.0515625
5 0.40859375 0.34609375 0.05546875 0.0515625
5 0.275 0.43828125 0.04140625 0.05078125
5 0.32734375 0.46875 0.03828125 0.046875
5 0.278125 0.3859375 0.034375 0.05390625
5 0.3375 0.375 0.06171875 0.0515625
5 0.4140625 0.51640625 0.034375 0.03203125
5 0.58125 0.3359375 0.03203125 0.03515625