5 0.16484375 0.10859375 0.06796875 0.059375
5 0.4703125 0.24375 0.0515625 0.0453125
5 0.78046875 0.2609375 0.04921875 0.05546875
5 0.12109375 0.59609375 0.07265625 0.05546875
5 0.42890625 0.49296875 0.0515625 0.05546875
5 0.3890625 0.24921875 0.0734375 0.05
5 0.20703125 0.02578125 0.065625 0.0515625
5 0.38515625 0.8796875 0.05625 0.05390625
5 0.66171875 0.72265625 0.03828125 0.0671875
5 0.5203125 0.94609375 0.05390625 0.0453125
5 0.503125 0.54609375 0.040625 0.0390625
5 0.265625 0.59140625 0.03203125 0.053125