5 0.1640625 0.92265625 0.05 0.0609375
5 0.065625 0.98828125 0.0296875 0.0234375
5 0.69296875 0.87890625 0.03125 0.046875
5 0.84140625 0.6234375 0.0359375 0.0671875
5 0.7703125 0.74140625 0.0359375 0.0546875
5 0.6515625 0.725 0.0515625 0.075
5 0.48515625 0.49765625 0.0359375 0.0578125
5 0.56875 0.45390625 0.0359375 0.0546875
5 0.24453125 0.1234375 0.0375 0.05625
5 0.19375 0.09375 0.0328125 0.0703125
5 0.30546875 0.14140625 0.0390625 0.0546875
5 0.2828125 0.2640625 0.040625 0.0609375
5 0.2859375 0.34453125 0.034375 0.0515625
5 0.34453125 0.18828125 0.03125 0.0515625
5 0.46796875 0.2453125 0.0265625 0.053125
5 0.528125 0.390625 0.0453125 0.0515625
5 0.57734375 0.10390625 0.03125 0.053125
5 0.51640625 0.21484375 0.03125 0.0546875
5 0.53203125 0.28359375 0.0421875 0.053125
5 0.58359375 0.31015625 0.0265625 0.0515625
5 0.56953125 0.25859375 0.0265625 0.05625
5 0.66328125 0.38984375 0.03125 0.071875
5 0.72109375 0.6796875 0.0359375 0.0640625
5 0.60234375 0.23671875 0.028125 0.0390625
5 0.61875 0.14453125 0.03125 0.0609375