5 0.33125 0.5609375 0.03359375 0.034375
5 0.4 0.5234375 0.03203125 0.0390625
5 0.2828125 0.57109375 0.02890625 0.034375
5 0.42578125 0.87734375 0.02578125 0.02890625
5 0.54765625 0.540625 0.02734375 0.03203125
5 0.171875 0.31875 0.03046875 0.03671875
5 0.17265625 0.47890625 0.0390625 0.025
5 0.18359375 0.44921875 0.028125 0.02890625
5 0.1765625 0.5390625 0.01796875 0.025
5 0.29140625 0.77734375 0.0171875 0.02109375
5 0.334375 0.625 0.03359375 0.040625
5 0.325 0.49921875 0.02578125 0.03046875
5 0.6625 0.16953125 0.03671875 0.03671875
5 0.69296875 0.28984375 0.0234375 0.028125
5 0.71796875 0.13515625 0.0203125 0.028125
5 0.76640625 0.20234375 0.0375 0.0453125
5 0.9515625 0.6796875 0.021875 0.025
5 0.71953125 0.69765625 0.0234375 0.02421875
5 0.64765625 0.925 0.02421875 0.028125
5 0.725 0.5828125 0.02109375 0.0265625
5 0.6421875 0.6078125 0.02109375 0.02734375
5 0.55390625 0.60625 0.02890625 0.02890625
5 0.84296875 0.0953125 0.02890625 0.03671875
5 0.44375 0.925 0.02109375 0.02421875
5 0.596875 0.74140625 0.02265625 0.025
5 0.73515625 0.92109375 0.02734375 0.028125
5 0.61875 0.98984375 0.02109375 0.01796875
5 0.6953125 0.95 0.02109375 0.01875
5 0.01328125 0.4671875 0.01796875 0.02421875
5 0.078125 0.38125 0.0171875 0.01953125
5 0.0546875 0.47109375 0.015625 0.01875
5 0.4515625 0.96484375 0.02734375 0.02578125
5 0.83515625 0.2 0.02578125 0.0296875
5 0.91953125 0.60234375 0.01953125 0.0234375
5 0.84296875 0.7609375 0.0234375 0.02734375
5 0.38828125 0.85703125 0.01953125 0.02734375
5 0.22734375 0.8859375 0.01875 0.0265625
5 0.2953125 0.9171875 0.01640625 0.01953125
5 0.7265625 0.98984375 0.01875 0.01953125
5 0.89140625 0.7390625 0.0171875 0.0203125
5 0.91953125 0.79921875 0.0171875 0.01875
5 0.1171875 0.9328125 0.0171875 0.01796875
5 0.1671875 0.890625 0.0171875 0.0203125
5 0.14453125 0.640625 0.01484375 0.01328125
5 0.16796875 0.77578125 0.01953125 0.02265625
5 0.109375 0.7234375 0.02109375 0.021875
5 0.31640625 0.9359375 0.01796875 0.02265625
5 0.06953125 0.4515625 0.015625 0.01796875
5 0.58828125 0.9921875 0.01953125 0.015625
5 0.83125 0.8453125 0.01328125 0.0125
5 0.7859375 0.71640625 0.01875 0.02421875
5 0.2375 0.56328125 0.0203125 0.02109375
5 0.2703125 0.89375 0.01796875 0.021875
5 0.26953125 0.93828125 0.01484375 0.01484375
5 0.309375 0.36171875 0.01875 0.02265625
5 0.41640625 0.384375 0.01484375 0.01640625
5 0.4390625 0.496875 0.028125 0.0296875
5 0.359375 0.59765625 0.0203125 0.02265625