5 0.33515625 0.16796875 0.07265625 0.08515625
5 0.440625 0.46484375 0.08046875 0.06015625
5 0.76640625 0.271875 0.0515625 0.07265625
5 0.60859375 0.28125 0.0578125 0.06875
5 0.6671875 0.46875 0.0484375 0.071875
5 0.8671875 0.325 0.04296875 0.06953125
5 0.7484375 0.44140625 0.04453125 0.0578125
5 0.28984375 0.603125 0.04921875 0.05859375
5 0.3734375 0.63359375 0.05625 0.06015625
5 0.0953125 0.09296875 0.0546875 0.071875
5 0.22265625 0.2625 0.05078125 0.05
5 0.04453125 0.290625 0.053125 0.0546875
5 0.1125 0.346875 0.05625 0.0484375
5 0.05078125 0.234375 0.06328125 0.05234375
5 0.07421875 0.15703125 0.04140625 0.05
5 0.5734375 0.56796875 0.040625 0.05390625