5 0.42890625 0.68203125 0.0234375 0.03125
5 0.9765625 0.77578125 0.0234375 0.0296875
5 0.30078125 0.83515625 0.0171875 0.0265625
5 0.65703125 0.62734375 0.02578125 0.03828125
5 0.3578125 0.69140625 0.02578125 0.03125
5 0.4328125 0.88515625 0.01796875 0.0265625
5 0.959375 0.17265625 0.0234375 0.03984375
5 0.5890625 0.4703125 0.0234375 0.03125
5 0.8078125 0.6984375 0.0265625 0.0484375
5 0.484375 0.7125 0.0234375 0.03203125
5 0.48359375 0.64375 0.025 0.03125
5 0.4640625 0.90234375 0.01640625 0.02578125
5 0.8625 0.3484375 0.02578125 0.03515625
5 0.8109375 0.87109375 0.02109375 0.03359375
5 0.646875 0.3578125 0.0421875 0.0421875
5 0.4078125 0.109375 0.0296875 0.03984375
5 0.68046875 0.31796875 0.028125 0.03828125
5 0.71171875 0.57890625 0.02890625 0.0359375
5 0.26015625 0.7375 0.0171875 0.02578125
5 0.653125 0.91484375 0.02890625 0.03203125
5 0.62578125 0.90546875 0.0203125 0.0328125
5 0.73203125 0.91484375 0.028125 0.0375
5 0.93828125 0.34453125 0.02109375 0.0359375
5 0.484375 0.30625 0.03125 0.034375
5 0.24296875 0.1234375 0.01796875 0.02578125
5 0.5078125 0.496875 0.034375 0.040625