5 0.1375 0.309375 0.06796875 0.07578125
5 0.68125 0.328125 0.07265625 0.0671875
5 0.33125 0.50078125 0.07265625 0.05234375
5 0.3484375 0.25625 0.07578125 0.0734375
5 0.23515625 0.38046875 0.0796875 0.08515625
5 0.196875 0.50546875 0.06015625 0.04296875
5 0.5765625 0.4640625 0.078125 0.0578125
5 0.896875 0.6046875 0.0640625 0.06171875
5 0.6703125 0.71875 0.04296875 0.03515625
5 0.46796875 0.40078125 0.04765625 0.04609375
5 0.5953125 0.375 0.05703125 0.04921875
5 0.3421875 0.128125 0.084375 0.06953125
5 0.81953125 0.04375 0.059375 0.06640625
5 0.55625 0.16875 0.08828125 0.0625
5 0.07265625 0.19375 0.06171875 0.06015625
5 0.30390625 0.03828125 0.0890625 0.07109375