5 0.0859375 0.49140625 0.025 0.0296875
5 0.1515625 0.4828125 0.021875 0.021875
5 0.14140625 0.52578125 0.021875 0.02109375
5 0.27265625 0.4046875 0.0234375 0.021875
5 0.0984375 0.5890625 0.0265625 0.01953125
5 0.2046875 0.43828125 0.02109375 0.0203125
5 0.43984375 0.37578125 0.025 0.02265625
5 0.0796875 0.44609375 0.01875 0.0203125
5 0.44609375 0.2515625 0.0203125 0.02109375
5 0.2953125 0.3421875 0.028125 0.0265625
5 0.34453125 0.4046875 0.0265625 0.02421875
5 0.2203125 0.475 0.0234375 0.02109375
5 0.275 0.49375 0.0234375 0.0234375
5 0.5 0.31484375 0.02734375 0.02421875
5 0.31015625 0.49921875 0.0234375 0.02109375
5 0.37265625 0.5015625 0.02421875 0.0203125
5 0.63984375 0.346875 0.02109375 0.0234375
5 0.2078125 0.5109375 0.0265625 0.0234375
5 0.175 0.57109375 0.021875 0.021875
5 0.665625 0.4375 0.02890625 0.02578125
5 0.303125 0.43203125 0.02265625 0.021875
5 0.2953125 0.9203125 0.021875 0.021875
5 0.1203125 0.44140625 0.0203125 0.01875
5 0.178125 0.5125 0.0203125 0.01875
5 0.34453125 0.33984375 0.03671875 0.028125
5 0.04609375 0.35859375 0.0203125 0.01640625
5 0.16796875 0.6375 0.02109375 0.02109375
5 0.575 0.65390625 0.0234375 0.025
5 0.72578125 0.20234375 0.0265625 0.02734375
5 0.5671875 0.8875 0.01953125 0.0203125
5 0.203125 0.375 0.0234375 0.0203125
5 0.6734375 0.35625 0.0140625 0.01640625
5 0.371875 0.44375 0.02109375 0.0203125
5 0.52421875 0.76328125 0.025 0.02421875
5 0.55625 0.475 0.021875 0.02265625
5 0.35859375 0.7046875 0.01953125 0.02109375
5 0.403125 0.2546875 0.02109375 0.02109375
5 0.4390625 0.50078125 0.0265625 0.0265625
5 0.490625 0.54765625 0.02109375 0.028125
5 0.546875 0.36015625 0.0203125 0.01953125
5 0.70546875 0.43125 0.021875 0.0234375
5 0.56953125 0.60390625 0.01875 0.01953125
5 0.175 0.453125 0.01875 0.01875
5 0.0921875 0.946875 0.01640625 0.01640625
5 0.94375 0.43671875 0.028125 0.03046875
5 0.8453125 0.6078125 0.015625 0.0171875
5 0.51640625 0.05234375 0.0203125 0.01796875
5 0.5078125 0.971875 0.01484375 0.01796875
5 0.4015625 0.475 0.0203125 0.01796875
5 0.16015625 0.13671875 0.0109375 0.01015625
5 0.6109375 0.4890625 0.04296875 0.0359375
5 0.15625 0.74140625 0.01484375 0.0140625
5 0.38984375 0.75390625 0.02109375 0.02109375
5 0.4296875 0.0953125 0.009375 0.009375
5 0.153125 0.06875 0.00859375 0.0078125
5 0.16015625 0.0484375 0.009375 0.00859375
5 0.41015625 0.040625 0.009375 0.01015625
5 0.1125 0.99609375 0.0125 0.0078125
5 0.35 0.0953125 0.0109375 0.009375
5 0.63203125 0.053125 0.009375 0.00859375
5 0.2015625 0.0640625 0.01015625 0.009375
5 0.496875 0.021875 0.01015625 0.0125
5 0.28515625 0.0703125 0.0109375 0.009375
5 0.1046875 0.06484375 0.0140625 0.01328125
5 0.6515625 0.028125 0.0125 0.01328125
5 0.1015625 0.0578125 0.01015625 0.0109375
5 0.28515625 0.0328125 0.01015625 0.0109375
5 0.2015625 0.0140625 0.009375 0.009375
5 0.146875 0.02265625 0.01015625 0.009375
5 0.76796875 0.03984375 0.01171875 0.01171875
5 0.33125 0.07890625 0.0109375 0.01015625
5 0.18515625 0.04140625 0.00859375 0.009375
5 0.41328125 0.01953125 0.01953125 0.01484375
5 0.6984375 0.028125 0.01328125 0.0140625
5 0.81015625 0.03671875 0.0109375 0.01171875
5 0.95625 0.03359375 0.015625 0.0140625
5 0.284375 0.975 0.009375 0.01171875
5 0.3140625 0.00859375 0.0125 0.01015625
5 0.9140625 0.046875 0.00859375 0.0078125
5 0.8265625 0.08984375 0.00859375 0.00703125
5 0.37421875 0.14453125 0.0078125 0.00703125
5 0.85390625 0.1578125 0.0078125 0.00703125
5 0.9171875 0.23515625 0.0078125 0.00703125
5 0.39609375 0.2 0.00703125 0.00703125
5 0.26484375 0.1671875 0.0078125 0.00625
5 0.76015625 0.34453125 0.03203125 0.0125
5 0.7640625 0.5125 0.00703125 0.0078125
5 0.54140625 0.24921875 0.0078125 0.00703125
5 0.4796875 0.22265625 0.0078125 0.00703125
5 0.16484375 0.13515625 0.02421875 0.01953125
5 0.221875 0.1703125 0.0375 0.0234375