5 0.3359375 0.4359375 0.0265625 0.02890625
5 0.72421875 0.40625 0.02109375 0.0234375
5 0.5015625 0.31328125 0.025 0.02890625
5 0.36171875 0.35 0.02890625 0.03359375
5 0.69296875 0.50078125 0.03203125 0.03125
5 0.796875 0.4390625 0.025 0.02421875
5 0.56171875 0.3765625 0.028125 0.02734375
5 0.65546875 0.4046875 0.02578125 0.02578125
5 0.653125 0.33984375 0.03828125 0.03203125
5 0.62890625 0.5015625 0.028125 0.0234375
5 0.72734375 0.49375 0.025 0.025
5 0.69765625 0.43203125 0.025 0.02421875
5 0.45390625 0.3609375 0.02421875 0.0234375
5 0.6296875 0.44375 0.02421875 0.02421875
5 0.40234375 0.35234375 0.0265625 0.0265625
5 0.70546875 0.3453125 0.0265625 0.02890625
5 0.6859375 0.4640625 0.02578125 0.0234375
5 0.5546875 0.25234375 0.02421875 0.0265625
5 0.8234375 0.5125 0.0234375 0.021875
5 0.88203125 0.440625 0.0234375 0.02265625
5 0.8484375 0.4828125 0.02421875 0.0234375
5 0.29609375 0.43046875 0.02265625 0.025
5 0.91484375 0.49140625 0.02421875 0.025
5 0.85859375 0.52578125 0.02421875 0.0234375
5 0.8265625 0.56953125 0.0265625 0.02578125
5 0.5625 0.5 0.02890625 0.028125
5 0.41484375 0.42578125 0.02578125 0.03203125
5 0.65390625 0.47734375 0.0234375 0.02109375
5 0.44296875 0.47578125 0.0265625 0.02734375
5 0.7921875 0.51171875 0.02890625 0.025
5 0.4265625 0.6546875 0.02734375 0.02890625
5 0.82734375 0.453125 0.02421875 0.0234375
5 0.92109375 0.446875 0.0203125 0.021875
5 0.78046875 0.47578125 0.02578125 0.02265625
5 0.509375 0.55 0.02265625 0.02734375
5 0.60234375 0.4734375 0.03359375 0.02734375
5 0.9015625 0.5890625 0.03359375 0.02421875
5 0.9546875 0.36015625 0.021875 0.02109375
5 0.47734375 0.7640625 0.03125 0.0296875
5 0.43203125 0.6046875 0.02578125 0.02890625
5 0.14453125 0.45 0.025 0.03515625
5 0.8625 0.58203125 0.028125 0.02890625
5 0.7046875 0.9203125 0.02265625 0.025
5 0.334375 0.890625 0.02734375 0.028125
5 0.834375 0.6375 0.02578125 0.02890625
5 0.434375 0.8875 0.021875 0.02421875
5 0.2734375 0.79609375 0.02578125 0.03515625
5 0.2890625 0.8921875 0.021875 0.02734375