5 0.6125 0.7546875 0.03046875 0.02890625
5 0.29765625 0.43203125 0.02265625 0.021875
5 0.6875 0.49921875 0.0203125 0.02265625
5 0.6296875 0.50390625 0.01875 0.02109375
5 0.265625 0.39765625 0.01875 0.01796875
5 0.40234375 0.35234375 0.0234375 0.02265625
5 0.3609375 0.34921875 0.02265625 0.02578125
5 0.79296875 0.5109375 0.028125 0.0234375
5 0.7796875 0.475 0.02578125 0.02109375
5 0.7265625 0.49296875 0.02265625 0.02265625
5 0.82265625 0.5125 0.021875 0.01953125
5 0.5609375 0.37578125 0.02578125 0.0234375
5 0.684375 0.4640625 0.0234375 0.01953125
5 0.696875 0.43203125 0.021875 0.0203125
5 0.79609375 0.43828125 0.021875 0.0203125
5 0.72734375 0.403125 0.0203125 0.02109375
5 0.4421875 0.47578125 0.02265625 0.02265625
5 0.85859375 0.5265625 0.021875 0.021875
5 0.33359375 0.43671875 0.03203125 0.02421875
5 0.5625 0.50078125 0.0296875 0.0265625
5 0.65390625 0.40390625 0.02421875 0.0234375
5 0.8484375 0.48203125 0.021875 0.0203125
5 0.82578125 0.56953125 0.021875 0.02109375
5 0.9140625 0.49140625 0.021875 0.02109375
5 0.6296875 0.44375 0.0234375 0.02109375
5 0.7046875 0.34375 0.02578125 0.025
5 0.90078125 0.5875 0.02890625 0.01953125
5 0.5015625 0.31328125 0.028125 0.02578125
5 0.8015625 0.5953125 0.02109375 0.01875
5 0.653125 0.33984375 0.0359375 0.0265625
5 0.50859375 0.55 0.0203125 0.025
5 0.8328125 0.63671875 0.02265625 0.02109375
5 0.5546875 0.25234375 0.021875 0.02109375
5 0.88125 0.43984375 0.02109375 0.01875
5 0.9203125 0.4453125 0.01796875 0.01953125
5 0.3828125 0.48828125 0.05 0.04296875
5 0.42578125 0.65390625 0.025 0.02578125
5 0.6421875 0.703125 0.01875 0.0171875
5 0.47578125 0.7640625 0.02578125 0.025
5 0.7046875 0.9203125 0.021875 0.02265625
5 0.43515625 0.88671875 0.01640625 0.01953125
5 0.9078125 0.94609375 0.0171875 0.01640625