5 0.53828125 0.7734375 0.05390625 0.12421875
5 0.61484375 0.37421875 0.0515625 0.09921875
5 0.328125 0.25078125 0.0578125 0.07734375
5 0.06796875 0.8375 0.06015625 0.13203125
5 0.0515625 0.390625 0.06015625 0.096875
5 0.08203125 0.5875 0.06484375 0.11484375
5 0.2 0.52421875 0.08828125 0.1359375
5 0.6984375 0.2703125 0.11171875 0.190625
5 0.2 0.15078125 0.06796875 0.11484375
5 0.35859375 0.73984375 0.0703125 0.10859375
5 0.4859375 0.78515625 0.046875 0.08515625
5 0.41875 0.86640625 0.0484375 0.08125