5 0.2484375 0.2890625 0.04453125 0.053125
5 0.54921875 0.30390625 0.0453125 0.05
5 0.42734375 0.3640625 0.04375 0.053125
5 0.29296875 0.3515625 0.05078125 0.06796875
5 0.2875 0.45625 0.0328125 0.06015625
5 0.35703125 0.45 0.0328125 0.0578125
5 0.371875 0.2578125 0.0375 0.0421875
5 0.36875 0.13984375 0.05078125 0.059375
5 0.290625 0.26171875 0.034375 0.04375
5 0.5046875 0.340625 0.02421875 0.03984375
5 0.47578125 0.44765625 0.0234375 0.040625
5 0.49921875 0.41484375 0.02109375 0.0296875
5 0.44921875 0.42578125 0.025 0.04140625
5 0.3484375 0.05078125 0.0203125 0.0328125
5 0.334375 0.065625 0.01875 0.03125
5 0.103125 0.4140625 0.025 0.0375
5 0.3984375 0.5203125 0.0140625 0.02578125
5 0.20703125 0.0859375 0.02421875 0.03515625
5 0.1546875 0.2203125 0.025 0.03671875
5 0.66953125 0.540625 0.01484375 0.02734375
5 0.48125 0.1734375 0.01796875 0.0296875
5 0.665625 0.40859375 0.0203125 0.03203125
5 0.62734375 0.078125 0.0140625 0.0234375
5 0.434375 0.58671875 0.01484375 0.03046875
5 0.66484375 0.12578125 0.02890625 0.04453125
5 0.21640625 0.20078125 0.021875 0.034375
5 0.6359375 0.125 0.0171875 0.0265625
5 0.5484375 0.6296875 0.0125 0.021875
5 0.309375 0.15625 0.04296875 0.07421875
5 0.065625 0.10078125 0.0203125 0.03046875
5 0.10703125 0.0921875 0.0234375 0.03984375
5 0.0484375 0.8359375 0.01484375 0.021875
5 0.7078125 0.653125 0.01328125 0.0203125
5 0.12265625 0.9390625 0.01484375 0.02265625
5 0.02734375 0.85 0.01640625 0.02109375
5 0.17734375 0.01484375 0.02421875 0.025
5 0.50703125 0.82578125 0.01796875 0.025
5 0.8046875 0.12734375 0.04453125 0.053125