5 0.36015625 0.71875 0.03125 0.0484375
5 0.253125 0.3109375 0.0390625 0.046875
5 0.45859375 0.61015625 0.0328125 0.04375
5 0.3515625 0.6171875 0.0328125 0.0484375
5 0.71484375 0.646875 0.0328125 0.0484375
5 0.5265625 0.7109375 0.028125 0.0484375
5 0.51328125 0.88984375 0.0375 0.06875
5 0.40234375 0.53671875 0.0421875 0.05625
5 0.48046875 0.4078125 0.04375 0.046875
5 0.57265625 0.61015625 0.028125 0.04375
5 0.4546875 0.29609375 0.034375 0.0421875
5 0.3078125 0.25859375 0.0375 0.0546875
5 0.6015625 0.640625 0.025 0.046875
5 0.67890625 0.3640625 0.034375 0.0703125
5 0.534375 0.47734375 0.03125 0.046875