5 0.63984375 0.71875 0.03125 0.0484375
5 0.746875 0.3109375 0.0390625 0.046875
5 0.54140625 0.61015625 0.0328125 0.04375
5 0.6484375 0.6171875 0.0328125 0.0484375
5 0.28515625 0.646875 0.0328125 0.0484375
5 0.4734375 0.7109375 0.028125 0.0484375
5 0.48671875 0.88984375 0.0375 0.06875
5 0.59765625 0.53671875 0.0421875 0.05625
5 0.51953125 0.4078125 0.04375 0.046875
5 0.42734375 0.61015625 0.028125 0.04375
5 0.5453125 0.29609375 0.034375 0.0421875
5 0.6921875 0.25859375 0.0359375 0.0546875
5 0.3984375 0.640625 0.025 0.046875
5 0.32109375 0.3640625 0.034375 0.0703125
5 0.465625 0.47734375 0.03125 0.046875