5 0.55546875 0.6171875 0.06875 0.103125
5 0.825 0.30078125 0.0671875 0.090625
5 0.75546875 0.34296875 0.0484375 0.0703125
5 0.86015625 0.56171875 0.0375 0.046875
5 0.7984375 0.421875 0.028125 0.0359375
5 0.51171875 0.47265625 0.0421875 0.0484375
5 0.5046875 0.3125 0.0390625 0.04375
5 0.80234375 0.3796875 0.0265625 0.0328125
5 0.4375 0.84765625 0.0421875 0.0546875
5 0.11796875 0.93359375 0.0375 0.053125
5 0.05859375 0.934375 0.0375 0.0515625
5 0.3640625 0.98359375 0.0421875 0.0328125
5 0.3515625 0.83125 0.034375 0.0609375
5 0.83203125 0.69609375 0.0421875 0.0546875
5 0.56484375 0.8796875 0.0484375 0.04375
5 0.30234375 0.18125 0.0390625 0.0609375
5 0.3109375 0.253125 0.0375 0.0546875
5 0.6234375 0.26640625 0.05 0.0859375
5 0.6875 0.6015625 0.034375 0.0359375
5 0.6875 0.725 0.0453125 0.04375
5 0.7046875 0.91484375 0.05625 0.0421875