5 0.34453125 0.31796875 0.08359375 0.08984375
5 0.0546875 0.29375 0.05625 0.0609375
5 0.0328125 0.45390625 0.05546875 0.07109375
5 0.2203125 0.4296875 0.05546875 0.0578125
5 0.10078125 0.51328125 0.0515625 0.06640625
5 0.03203125 0.39375 0.0609375 0.0484375
5 0.45078125 0.6375 0.07109375 0.0875
5 0.290625 0.7953125 0.0640625 0.08125
5 0.64765625 0.44453125 0.04375 0.06875
5 0.7046875 0.6484375 0.05859375 0.0515625
5 0.8109375 0.43203125 0.0625 0.06953125
5 0.92890625 0.48828125 0.0421875 0.05625
5 0.79453125 0.621875 0.059375 0.05234375
5 0.0890625 0.22578125 0.05625 0.0578125
5 0.390625 0.8328125 0.0484375 0.05078125
5 0.60390625 0.75625 0.04453125 0.06015625