5 0.8703125 0.43671875 0.071875 0.103125
5 0.5375 0.3421875 0.071875 0.0859375
5 0.2859375 0.25234375 0.0640625 0.0984375
5 0.64453125 0.159375 0.0828125 0.1078125
5 0.66640625 0.4609375 0.109375 0.1015625
5 0.896875 0.5921875 0.078125 0.078125
5 0.2890625 0.6234375 0.05 0.075
5 0.4890625 0.56015625 0.0640625 0.0796875
5 0.61015625 0.6140625 0.06875 0.0625
5 0.8375 0.3078125 0.0640625 0.084375
5 0.13359375 0.453125 0.0546875 0.0625
5 0.13359375 0.6234375 0.0609375 0.071875
5 0.01953125 0.68828125 0.0390625 0.0828125
5 0.02578125 0.86328125 0.0515625 0.0921875
5 0.24453125 0.75390625 0.065625 0.06875
5 0.35078125 0.86171875 0.0625 0.06875
5 0.265625 0.9109375 0.0484375 0.0578125
5 0.190625 0.9203125 0.05625 0.0546875
5 0.04375 0.9734375 0.08125 0.053125
5 0.7796875 0.58046875 0.0515625 0.05625
5 0.73671875 0.80546875 0.0671875 0.071875
5 0.859375 0.9375 0.059375 0.071875
5 0.6875 0.89765625 0.05625 0.059375
5 0.78671875 0.95078125 0.0546875 0.0671875
5 0.56015625 0.9796875 0.0515625 0.040625
5 0.5625 0.87421875 0.0515625 0.0609375
5 0.63515625 0.75859375 0.0375 0.0546875
5 0.42421875 0.509375 0.0453125 0.059375
5 0.5453125 0.128125 0.05 0.053125
5 0.975 0.7140625 0.05 0.065625
5 0.97890625 0.83671875 0.0421875 0.059375
5 0.975 0.940625 0.040625 0.0546875
5 0.4234375 0.7125 0.0453125 0.065625
5 0.94296875 0.278125 0.0484375 0.0734375
5 0.96796875 0.1671875 0.05625 0.0671875
5 0.69296875 0.6703125 0.05 0.0609375
5 0.81171875 0.70390625 0.0515625 0.0578125
5 0.46484375 0.9390625 0.040625 0.0546875
5 0.11484375 0.9546875 0.0328125 0.05625