5 0.1296875 0.43671875 0.071875 0.10234375
5 0.4625 0.3421875 0.071875 0.08515625
5 0.7140625 0.25234375 0.0640625 0.0984375
5 0.35546875 0.159375 0.0828125 0.1078125
5 0.33359375 0.4609375 0.10859375 0.1015625
5 0.103125 0.5921875 0.078125 0.078125
5 0.7109375 0.6234375 0.05 0.075
5 0.5109375 0.56015625 0.0640625 0.07890625
5 0.38984375 0.6140625 0.06875 0.06328125
5 0.1625 0.3078125 0.0640625 0.08359375
5 0.86640625 0.453125 0.0546875 0.06171875
5 0.86640625 0.6234375 0.06171875 0.07109375
5 0.98046875 0.68828125 0.0390625 0.0828125
5 0.97421875 0.86328125 0.05078125 0.09140625
5 0.75546875 0.75390625 0.06484375 0.06796875
5 0.64921875 0.86171875 0.06328125 0.06875
5 0.734375 0.9109375 0.04765625 0.0578125
5 0.809375 0.9203125 0.05625 0.05390625
5 0.95625 0.9734375 0.08125 0.053125
5 0.2203125 0.58046875 0.0515625 0.05625
5 0.26328125 0.80546875 0.06796875 0.07109375
5 0.140625 0.9375 0.059375 0.07109375
5 0.3125 0.89765625 0.05625 0.05859375
5 0.21328125 0.95078125 0.05390625 0.0671875
5 0.43984375 0.9796875 0.05234375 0.03984375
5 0.4375 0.87421875 0.05078125 0.0609375
5 0.36484375 0.75859375 0.0375 0.05390625
5 0.57578125 0.509375 0.0453125 0.059375
5 0.4546875 0.128125 0.05 0.05390625
5 0.025 0.7140625 0.04921875 0.06484375
5 0.02109375 0.83671875 0.0421875 0.05859375
5 0.025 0.940625 0.03984375 0.05390625
5 0.5765625 0.7125 0.04453125 0.06484375
5 0.05703125 0.278125 0.04765625 0.0734375
5 0.03203125 0.1671875 0.05625 0.06640625
5 0.30703125 0.6703125 0.04921875 0.0609375
5 0.18828125 0.70390625 0.0515625 0.05703125
5 0.53515625 0.9390625 0.03984375 0.05390625
5 0.88515625 0.9546875 0.0328125 0.05546875