5 0.9671875 0.39609375 0.0390625 0.05859375
5 0.79296875 0.2296875 0.0515625 0.05625
5 0.10859375 0.05859375 0.0625 0.06015625
5 0.10625 0.371875 0.05234375 0.071875
5 0.6046875 0.4875 0.0515625 0.06015625
5 0.47265625 0.5078125 0.06875 0.08671875
5 0.33203125 0.3234375 0.06484375 0.06484375
5 0.41484375 0.9609375 0.05 0.05625
5 0.4484375 0.871875 0.05703125 0.0671875
5 0.275 0.89140625 0.04765625 0.05390625
5 0.40703125 0.75625 0.0515625 0.071875
5 0.36328125 0.56953125 0.07265625 0.0671875
5 0.171875 0.48515625 0.08203125 0.0546875
5 0.25078125 0.49453125 0.05703125 0.0640625
5 0.3046875 0.67421875 0.040625 0.03203125
5 0.228125 0.66796875 0.040625 0.04375
5 0.22109375 0.571875 0.0328125 0.0359375
5 0.18671875 0.59453125 0.02578125 0.028125
5 0.2453125 0.61796875 0.0265625 0.025
5 0.2828125 0.628125 0.04609375 0.05234375
5 0.27109375 0.76796875 0.0265625 0.03046875
5 0.28984375 0.70234375 0.0265625 0.02734375
5 0.24375 0.8234375 0.02734375 0.0359375
5 0.33203125 0.8921875 0.0359375 0.03828125
5 0.30859375 0.78984375 0.028125 0.03515625
5 0.28125 0.8453125 0.0390625 0.03671875
5 0.3375 0.81796875 0.0390625 0.0390625
5 0.36640625 0.8796875 0.0296875 0.034375
5 0.3015625 0.8234375 0.02734375 0.0234375
5 0.31328125 0.73359375 0.02421875 0.01953125
5 0.4140625 0.475 0.025 0.03984375
5 0.3703125 0.5 0.034375 0.0484375
5 0.1875 0.55703125 0.0265625 0.03203125