5 0.5046875 0.78828125 0.0453125 0.0515625
5 0.5859375 0.484375 0.0328125 0.0375
5 0.4828125 0.53203125 0.0484375 0.0359375
5 0.696875 0.54765625 0.03125 0.0390625
5 0.56796875 0.6921875 0.040625 0.0328125
5 0.54609375 0.72890625 0.03125 0.0359375
5 0.45 0.7078125 0.0359375 0.04375
5 0.62265625 0.79765625 0.028125 0.0359375
5 0.68359375 0.79453125 0.028125 0.03125
5 0.66640625 0.69296875 0.0359375 0.04375
5 0.7828125 0.7078125 0.0265625 0.03125
5 0.6828125 0.4015625 0.04375 0.0328125
5 0.68984375 0.271875 0.028125 0.0390625
5 0.44296875 0.47265625 0.034375 0.034375
5 0.45234375 0.38046875 0.0390625 0.0390625
5 0.4921875 0.44140625 0.0453125 0.0484375
5 0.35 0.4421875 0.034375 0.0328125
5 0.29375 0.42890625 0.0296875 0.034375
5 0.35 0.303125 0.0296875 0.0359375
5 0.30234375 0.1453125 0.0328125 0.0359375
5 0.37890625 0.23984375 0.034375 0.0390625
5 0.18203125 0.23046875 0.0515625 0.0296875
5 0.1953125 0.16640625 0.040625 0.05
5 0.2453125 0.528125 0.03125 0.040625
5 0.0875 0.61796875 0.0328125 0.0390625
5 0.103125 0.57421875 0.0328125 0.034375
5 0.1546875 0.30390625 0.0328125 0.0359375
5 0.29296875 0.86015625 0.0359375 0.0421875
5 0.3671875 0.94765625 0.0390625 0.0421875
5 0.4140625 0.9015625 0.0296875 0.04375
5 0.4328125 0.81875 0.034375 0.040625
5 0.7203125 0.48359375 0.028125 0.04375
5 0.6359375 0.3578125 0.04375 0.0359375
5 0.578125 0.42890625 0.0328125 0.0421875
5 0.93359375 0.14140625 0.034375 0.0421875
5 0.95703125 0.28203125 0.034375 0.0375
5 0.8453125 0.440625 0.0328125 0.034375
5 0.8625 0.159375 0.0328125 0.0390625
5 0.8734375 0.2921875 0.03125 0.034375
5 0.71171875 0.36015625 0.028125 0.0359375
5 0.74140625 0.70234375 0.028125 0.034375
5 0.5390625 0.61875 0.0265625 0.028125
5 0.10703125 0.35546875 0.0265625 0.03125
5 0.18203125 0.44140625 0.03125 0.0375
5 0.06328125 0.3609375 0.0359375 0.0296875
5 0.353125 0.09140625 0.0265625 0.034375
5 0.4625 0.21484375 0.0265625 0.0375
5 0.58359375 0.34765625 0.0328125 0.03125
5 0.5203125 0.82734375 0.0265625 0.025