5 0.378125 0.29765625 0.046875 0.0578125
5 0.33984375 0.490625 0.053125 0.0546875
5 0.315625 0.4203125 0.053125 0.0625
5 0.47265625 0.4296875 0.06875 0.0734375
5 0.86796875 0.59140625 0.0578125 0.0625
5 0.92890625 0.73671875 0.0640625 0.0765625
5 0.70859375 0.7890625 0.0734375 0.075
5 0.4453125 0.82734375 0.05625 0.0625
5 0.3484375 0.79609375 0.0390625 0.0703125
5 0.71640625 0.94296875 0.059375 0.05
5 0.31953125 0.675 0.053125 0.05625
5 0.56796875 0.61796875 0.0953125 0.1125
5 0.2 0.415625 0.0484375 0.0578125
5 0.45390625 0.653125 0.0359375 0.0484375
5 0.475 0.56875 0.03125 0.05625
5 0.41796875 0.578125 0.05625 0.05625
5 0.36484375 0.58359375 0.0359375 0.0484375
5 0.19453125 0.6640625 0.053125 0.05