5 0.85859375 0.5171875 0.03515625 0.0625
5 0.89921875 0.5921875 0.0421875 0.06015625
5 0.8953125 0.30703125 0.0453125 0.07421875
5 0.91015625 0.39375 0.03515625 0.06015625
5 0.36328125 0.3453125 0.0671875 0.06015625
5 0.80078125 0.4875 0.05859375 0.06796875
5 0.5140625 0.2234375 0.0453125 0.07578125
5 0.3125 0.19140625 0.05234375 0.06171875
5 0.21484375 0.35546875 0.05078125 0.0640625
5 0.26875 0.26796875 0.0453125 0.06953125
5 0.69921875 0.20546875 0.03828125 0.0578125
5 0.621875 0.3421875 0.046875 0.0515625
5 0.68046875 0.35703125 0.0328125 0.0640625
5 0.6203125 0.1640625 0.03515625 0.0625
5 0.66640625 0.25234375 0.040625 0.08125
5 0.8296875 0.23828125 0.034375 0.06640625
5 0.77265625 0.29453125 0.03671875 0.0484375
5 0.7609375 0.35546875 0.03984375 0.04453125
5 0.7890625 0.4015625 0.0359375 0.04296875
5 0.81875 0.3046875 0.03359375 0.0671875
5 0.46875 0.2640625 0.03671875 0.06171875
5 0.1375 0.30703125 0.0609375 0.078125