5 0.51328125 0.259375 0.09609375 0.0984375
5 0.515625 0.40703125 0.065625 0.04453125
5 0.215625 0.64609375 0.04375 0.05625
5 0.13828125 0.865625 0.0515625 0.04140625
5 0.6890625 0.01640625 0.05546875 0.03203125
5 0.5859375 0.8015625 0.06015625 0.0484375
5 0.534375 0.6609375 0.0625 0.0546875
5 0.43359375 0.83046875 0.0484375 0.05
5 0.49921875 0.9265625 0.05703125 0.04375
5 0.2015625 0.95234375 0.0375 0.04140625
5 0.2546875 0.9640625 0.0265625 0.03828125
5 0.3015625 0.8578125 0.046875 0.0390625
5 0.23671875 0.89921875 0.04375 0.04453125