5 0.6625 0.246875 0.04375 0.0703125
5 0.32734375 0.36328125 0.0390625 0.071875
5 0.171875 0.70390625 0.0453125 0.0625
5 0.44609375 0.55859375 0.0359375 0.04375
5 0.321875 0.609375 0.0390625 0.0671875
5 0.2203125 0.51796875 0.0546875 0.071875
5 0.31796875 0.7515625 0.0359375 0.0859375
5 0.4453125 0.71875 0.078125 0.1015625
5 0.3796875 0.8171875 0.0515625 0.08125
5 0.871875 0.68359375 0.046875 0.1109375
5 0.38828125 0.6703125 0.0359375 0.05
5 0.4 0.27890625 0.040625 0.0765625
5 0.2640625 0.3984375 0.05 0.0875
5 0.9296875 0.67109375 0.065625 0.1140625