5 0.39609375 0.7234375 0.05546875 0.053125
5 0.16328125 0.88359375 0.075 0.053125
5 0.30078125 0.946875 0.07734375 0.05
5 0.5453125 0.8890625 0.0328125 0.03515625
5 0.59921875 0.91953125 0.02890625 0.03203125
5 0.54375 0.41640625 0.03515625 0.053125
5 0.49609375 0.33828125 0.03359375 0.04609375
5 0.25078125 0.68984375 0.05234375 0.0390625
5 0.1859375 0.971875 0.05625 0.04375
5 0.515625 0.65078125 0.07265625 0.04609375
5 0.88828125 0.315625 0.0640625 0.0671875
5 0.63828125 0.81484375 0.06015625 0.03828125
5 0.15625 0.65625 0.04375 0.04609375
5 0.246875 0.59375 0.0515625 0.0421875