5 0.8234375 0.83984375 0.0625 0.1078125
5 0.4171875 0.15390625 0.0703125 0.109375
5 0.5265625 0.2546875 0.0625 0.1015625
5 0.31328125 0.1375 0.0640625 0.1078125
5 0.91015625 0.596875 0.065625 0.1109375
5 0.7765625 0.54140625 0.071875 0.10625
5 0.84296875 0.65625 0.059375 0.0703125
5 0.7109375 0.69296875 0.046875 0.075
5 0.87265625 0.4265625 0.059375 0.09375
5 0.70859375 0.1109375 0.059375 0.09375
5 0.96328125 0.45625 0.059375 0.0796875
5 0.79453125 0.3671875 0.0515625 0.0953125
5 0.86875 0.51484375 0.04375 0.0640625
5 0.21328125 0.76640625 0.0484375 0.084375
5 0.46796875 0.8578125 0.05 0.0796875
5 0.4921875 0.71953125 0.0546875 0.0953125
5 0.29765625 0.65703125 0.0421875 0.0828125
5 0.3515625 0.8453125 0.053125 0.09375
5 0.08515625 0.78359375 0.0484375 0.084375
5 0.13203125 0.58046875 0.0515625 0.10625
5 0.05703125 0.55078125 0.0625 0.0859375
5 0.228125 0.353125 0.0453125 0.0875
5 0.36015625 0.29921875 0.0609375 0.0796875
5 0.44296875 0.38359375 0.05625 0.075
5 0.3125 0.52109375 0.046875 0.1
5 0.15 0.3359375 0.0421875 0.071875
5 0.19609375 0.22578125 0.0453125 0.0984375
5 0.1046875 0.3984375 0.0390625 0.0875
5 0.26171875 0.4234375 0.0453125 0.0796875
5 0.40859375 0.57890625 0.065625 0.090625
5 0.5375 0.46171875 0.05625 0.090625
5 0.6953125 0.3953125 0.05625 0.0984375
5 0.6453125 0.228125 0.0671875 0.090625
5 0.68125 0.30546875 0.0625 0.0703125
5 0.65625 0.7359375 0.05 0.0859375
5 0.57421875 0.703125 0.0546875 0.078125
5 0.49765625 0.590625 0.0578125 0.0984375
5 0.62265625 0.53046875 0.065625 0.084375
5 0.7015625 0.5375 0.053125 0.1359375
5 0.653125 0.6328125 0.0453125 0.075
5 0.5765625 0.60859375 0.053125 0.075
5 0.425 0.4828125 0.059375 0.078125
5 0.5890625 0.07265625 0.046875 0.1109375
5 0.49609375 0.12109375 0.05625 0.1015625