5 0.23203125 0.42421875 0.11875 0.084375
5 0.47890625 0.3828125 0.0953125 0.0859375
5 0.29296875 0.51953125 0.115625 0.065625
5 0.34375 0.73125 0.0953125 0.08125
5 0.35625 0.25 0.1078125 0.0734375
5 0.61484375 0.1328125 0.15625 0.14375
5 0.45859375 0.50234375 0.1078125 0.08125
5 0.3953125 0.3578125 0.084375 0.059375
5 0.45625 0.18046875 0.103125 0.0859375
5 0.65546875 0.265625 0.096875 0.065625
5 0.66640625 0.515625 0.096875 0.0921875
5 0.23984375 0.63828125 0.1453125 0.065625
5 0.84140625 0.67578125 0.11875 0.084375