5 0.39296875 0.62109375 0.059375 0.0796875
5 0.5828125 0.62109375 0.059375 0.053125
5 0.684375 0.7203125 0.05625 0.059375
5 0.81484375 0.76953125 0.0515625 0.065625
5 0.73125 0.79375 0.0453125 0.06875
5 0.61640625 0.48046875 0.0703125 0.0671875
5 0.22421875 0.5765625 0.0453125 0.0515625
5 0.64296875 0.78125 0.034375 0.04375
5 0.875 0.7609375 0.028125 0.04375
5 0.64453125 0.14609375 0.0359375 0.040625
5 0.0546875 0.7734375 0.03125 0.046875
5 0.7140625 0.21171875 0.03125 0.0390625
5 0.1671875 0.5671875 0.040625 0.05
5 0.69765625 0.85078125 0.0375 0.0546875
5 0.7546875 0.4640625 0.034375 0.040625
5 0.79453125 0.8296875 0.028125 0.0421875
5 0.88125 0.146875 0.0328125 0.0484375
5 0.5265625 0.32265625 0.034375 0.0453125
5 0.41953125 0.36015625 0.040625 0.053125
5 0.67890625 0.20703125 0.03125 0.040625
5 0.48984375 0.38046875 0.034375 0.0421875
5 0.1609375 0.5140625 0.034375 0.053125
5 0.4765625 0.1828125 0.0453125 0.05
5 0.50234375 0.10859375 0.034375 0.0390625
5 0.55 0.2421875 0.0328125 0.0421875
5 0.7046875 0.16484375 0.0359375 0.040625
5 0.55234375 0.5125 0.046875 0.0578125
5 0.10078125 0.4703125 0.0328125 0.04375
5 0.6015625 0.5484375 0.0421875 0.05
5 0.4796875 0.7625 0.03125 0.0484375
5 0.35390625 0.37265625 0.04375 0.059375
5 0.840625 0.0671875 0.0328125 0.0421875
5 0.8078125 0.184375 0.0296875 0.0375
5 0.5359375 0.01484375 0.0328125 0.0296875
5 0.396875 0.70703125 0.034375 0.0453125
5 0.3078125 0.70703125 0.028125 0.0421875
5 0.1421875 0.39296875 0.040625 0.0546875
5 0.059375 0.52578125 0.034375 0.0484375
5 0.42109375 0.12578125 0.0375 0.046875
5 0.45234375 0.47265625 0.053125 0.065625
5 0.559375 0.36640625 0.0359375 0.0453125
5 0.38046875 0.4734375 0.053125 0.06875
5 0.62890625 0.31015625 0.0359375 0.040625
5 0.06640625 0.9796875 0.034375 0.040625
5 0.48046875 0.6640625 0.0453125 0.059375
5 0.36171875 0.8984375 0.028125 0.0375
5 0.59140625 0.77421875 0.0296875 0.0421875
5 0.5875 0.02265625 0.034375 0.0359375
5 0.6046875 0.840625 0.03125 0.0453125
5 0.24609375 0.4828125 0.028125 0.0421875
5 0.4296875 0.17109375 0.034375 0.04375
5 0.7015625 0.07578125 0.0296875 0.040625
5 0.94375 0.18828125 0.0265625 0.0359375
5 0.41953125 0.0171875 0.03125 0.0328125
5 0.5234375 0.93984375 0.028125 0.0390625
5 0.57578125 0.909375 0.028125 0.0421875
5 0.49765625 0.88515625 0.025 0.040625
5 0.878125 0.98359375 0.0234375 0.0296875
5 0.01953125 0.965625 0.025 0.0421875
5 0.9375 0.3578125 0.0390625 0.05625
5 0.66171875 0.559375 0.0328125 0.04375
5 0.215625 0.3953125 0.0484375 0.0578125
5 0.56171875 0.7390625 0.0328125 0.046875