5 0.3859375 0.55625 0.05703125 0.08203125
5 0.565625 0.31328125 0.04453125 0.07890625
5 0.80546875 0.5484375 0.0515625 0.0828125
5 0.5984375 0.6390625 0.04609375 0.078125
5 0.52109375 0.61015625 0.046875 0.06953125
5 0.77421875 0.8859375 0.0484375 0.0703125
5 0.91640625 0.72578125 0.04296875 0.078125
5 0.7046875 0.3828125 0.04765625 0.07421875
5 0.18984375 0.496875 0.0390625 0.053125
5 0.5265625 0.5015625 0.0328125 0.06640625
5 0.4609375 0.5078125 0.03046875 0.06328125
5 0.275 0.61484375 0.03125 0.05859375
5 0.71015625 0.66796875 0.034375 0.06796875
5 0.31953125 0.6671875 0.034375 0.0640625
5 0.57109375 0.7171875 0.028125 0.05390625
5 0.38203125 0.71796875 0.03046875 0.05703125
5 0.7703125 0.6421875 0.0296875 0.0515625
5 0.8703125 0.465625 0.034375 0.0640625
5 0.51953125 0.73203125 0.03125 0.05703125
5 0.490625 0.42421875 0.0296875 0.05546875
5 0.396875 0.80234375 0.03203125 0.05234375
5 0.8546875 0.71328125 0.02890625 0.04921875
5 0.72890625 0.5203125 0.03203125 0.053125
5 0.32109375 0.78515625 0.028125 0.0515625
5 0.8375 0.640625 0.02734375 0.04609375
5 0.43828125 0.39453125 0.028125 0.05859375
5 0.70078125 0.8671875 0.0265625 0.05546875
5 0.37890625 0.33984375 0.03203125 0.07578125
5 0.66484375 0.4921875 0.02890625 0.0484375
5 0.7828125 0.43125 0.03046875 0.053125
5 0.95546875 0.50625 0.028125 0.0515625
5 0.8625 0.81484375 0.0296875 0.05546875
5 0.22109375 0.66171875 0.025 0.05078125
5 0.30078125 0.48671875 0.03125 0.06953125
5 0.90859375 0.59921875 0.02890625 0.04765625
5 0.76640625 0.7390625 0.02578125 0.046875
5 0.98515625 0.58828125 0.02890625 0.0515625
5 0.2296875 0.80234375 0.0265625 0.05859375
5 0.67109375 0.596875 0.02734375 0.04765625
5 0.7875 0.3234375 0.03984375 0.065625
5 0.92109375 0.22109375 0.028125 0.046875
5 0.32734375 0.390625 0.0328125 0.06796875
5 0.67890625 0.2859375 0.02890625 0.05390625
5 0.8625 0.56015625 0.02890625 0.0453125
5 0.809375 0.7546875 0.028125 0.04375
5 0.746875 0.12421875 0.0296875 0.046875
5 0.83984375 0.934375 0.0328125 0.0578125
5 0.59921875 0.95390625 0.0328125 0.06171875
5 0.90703125 0.34296875 0.0359375 0.05859375
5 0.86015625 0.14609375 0.02734375 0.06015625
5 0.61484375 0.78515625 0.03203125 0.05625
5 0.26875 0.38828125 0.02734375 0.0515625
5 0.715625 0.775 0.03203125 0.0484375
5 0.43828125 0.61640625 0.0375 0.0671875
5 0.27578125 0.7296875 0.02734375 0.059375
5 0.58984375 0.41796875 0.05390625 0.06171875
5 0.6109375 0.51484375 0.04140625 0.06328125
5 0.9609375 0.82109375 0.0515625 0.08671875
5 0.50703125 0.18671875 0.04296875 0.08125
5 0.4453125 0.22109375 0.0484375 0.084375
5 0.48984375 0.93359375 0.0390625 0.0734375
5 0.32109375 0.9 0.0421875 0.0671875
5 0.53125 0.85546875 0.0390625 0.0671875
5 0.13984375 0.9359375 0.05 0.0671875
5 0.05 0.7546875 0.0484375 0.09609375
5 0.2375 0.4859375 0.03515625 0.071875
5 0.728125 0.44140625 0.03046875 0.05546875