5 0.584375 0.61640625 0.06875 0.1078125
5 0.90234375 0.6984375 0.06015625 0.11640625
5 0.81015625 0.52890625 0.06875 0.10390625
5 0.58828125 0.321875 0.08515625 0.13828125
5 0.26953125 0.84375 0.04765625 0.06484375
5 0.15703125 0.2109375 0.06171875 0.09140625
5 0.1015625 0.39453125 0.06875 0.1
5 0.0515625 0.465625 0.0640625 0.09140625
5 0.04765625 0.84765625 0.05859375 0.06484375
5 0.93828125 0.1953125 0.06171875 0.10625
5 0.3390625 0.2734375 0.08125 0.08984375
5 0.42890625 0.284375 0.07421875 0.08359375
5 0.484375 0.465625 0.07265625 0.08359375
5 0.32265625 0.5125 0.053125 0.07109375
5 0.45625 0.61484375 0.06015625 0.0796875
5 0.42734375 0.71640625 0.0703125 0.07578125
5 0.04140625 0.334375 0.0578125 0.07734375
5 0.69296875 0.05078125 0.078125 0.1015625
5 0.82578125 0.11015625 0.06328125 0.08125
5 0.33125 0.621875 0.0640625 0.053125
5 0.07890625 0.58828125 0.053125 0.0796875
5 0.26953125 0.75625 0.0453125 0.06484375