5 0.79375 0.7078125 0.0890625 0.121875
5 0.9515625 0.43203125 0.090625 0.1453125
5 0.61484375 0.4578125 0.09375 0.1171875
5 0.52421875 0.14375 0.0703125 0.0765625
5 0.48984375 0.74296875 0.075 0.109375
5 0.0578125 0.70703125 0.08125 0.1046875
5 0.42421875 0.646875 0.0546875 0.08125
5 0.3328125 0.74453125 0.0625 0.0953125
5 0.2453125 0.090625 0.059375 0.071875
5 0.20625 0.83046875 0.0515625 0.075
5 0.64609375 0.6453125 0.0671875 0.0984375
5 0.16328125 0.721875 0.0671875 0.0921875
5 0.28203125 0.1453125 0.0546875 0.0671875
5 0.58828125 0.1859375 0.0625 0.0671875
5 0.38515625 0.84296875 0.0578125 0.090625
5 0.5765625 0.29921875 0.059375 0.0703125
5 0.67109375 0.22734375 0.06875 0.0890625
5 0.48125 0.865625 0.0609375 0.08125
5 0.95078125 0.6015625 0.0609375 0.09375
5 0.184375 0.55703125 0.0640625 0.0890625
5 0.2734375 0.85703125 0.05 0.06875
5 0.453125 0.30234375 0.0421875 0.0609375
5 0.9671875 0.15 0.0578125 0.0765625
5 0.5609375 0.840625 0.065625 0.0890625
5 0.14765625 0.35078125 0.05625 0.084375
5 0.46484375 0.49453125 0.0640625 0.09375
5 0.746875 0.059375 0.046875 0.0703125
5 0.62109375 0.97109375 0.0375 0.0578125
5 0.94609375 0.04609375 0.0625 0.0765625
5 0.06015625 0.3375 0.0390625 0.06875
5 0.28203125 0.21640625 0.0484375 0.071875
5 0.85078125 0.03359375 0.0609375 0.065625
5 0.2484375 0.3328125 0.06875 0.08125
5 0.76328125 0.91015625 0.0515625 0.0984375
5 0.92734375 0.85625 0.034375 0.05625
5 0.96640625 0.9234375 0.034375 0.0625
5 0.85234375 0.93671875 0.0359375 0.071875
5 0.3765625 0.60390625 0.046875 0.0828125
5 0.14921875 0.97578125 0.0453125 0.0484375
5 0.846875 0.16171875 0.0796875 0.0890625