5 0.09921875 0.05859375 0.1 0.11328125
5 0.78984375 0.13671875 0.065625 0.09765625
5 0.92421875 0.15078125 0.07890625 0.08203125
5 0.73359375 0.2921875 0.07890625 0.1
5 0.24296875 0.15625 0.08046875 0.10546875
5 0.353125 0.0359375 0.084375 0.071875
5 0.40390625 0.24921875 0.0609375 0.09609375
5 0.58671875 0.14296875 0.065625 0.078125
5 0.48984375 0.15625 0.05859375 0.07421875
5 0.6140625 0.2828125 0.05234375 0.07265625
5 0.88046875 0.44375 0.09375 0.1171875
5 0.6640625 0.44765625 0.1 0.12109375
5 0.7984375 0.5640625 0.0640625 0.07265625
5 0.89296875 0.96875 0.0859375 0.0625
5 0.4578125 0.54765625 0.09375 0.09765625
5 0.36015625 0.3828125 0.0953125 0.1015625
5 0.16796875 0.346875 0.10625 0.11171875
5 0.10546875 0.51484375 0.08359375 0.115625
5 0.4921875 0.44296875 0.0703125 0.08046875
5 0.5015625 0.79453125 0.1046875 0.0921875
5 0.28046875 0.72421875 0.08828125 0.07265625
5 0.2078125 0.8234375 0.0984375 0.07421875
5 0.16640625 0.703125 0.08046875 0.08828125
5 0.32265625 0.55234375 0.09140625 0.0921875
5 0.5109375 0.3078125 0.08515625 0.08828125
5 0.34140625 0.91796875 0.0734375 0.084375
5 0.44609375 0.88359375 0.05703125 0.07421875
5 0.0953125 0.8015625 0.06875 0.09375
5 0.40546875 0.79453125 0.034375 0.05703125
5 0.3625 0.70390625 0.0703125 0.0859375