5 0.44453125 0.665625 0.0609375 0.0875
5 0.29375 0.78828125 0.053125 0.0625
5 0.50703125 0.753125 0.04375 0.0625
5 0.07890625 0.5671875 0.059375 0.0625
5 0.2203125 0.634375 0.05 0.059375
5 0.16796875 0.86796875 0.0296875 0.0515625
5 0.2515625 0.3 0.0546875 0.065625
5 0.14921875 0.55234375 0.075 0.0640625
5 0.21640625 0.375 0.04375 0.0625
5 0.15234375 0.21953125 0.0453125 0.0578125
5 0.4875 0.23515625 0.053125 0.0765625
5 0.45625 0.44765625 0.0828125 0.084375
5 0.8375 0.4984375 0.046875 0.071875
5 0.71953125 0.67890625 0.0421875 0.0703125
5 0.72734375 0.76328125 0.0546875 0.046875
5 0.70078125 0.4328125 0.046875 0.065625
5 0.31328125 0.50390625 0.0703125 0.0515625
5 0.03359375 0.703125 0.053125 0.0515625
5 0.2640625 0.421875 0.0453125 0.053125
5 0.36875 0.803125 0.0390625 0.053125