5 0.28359375 0.3640625 0.0109375 0.015625
5 0.315625 0.38203125 0.009375 0.015625
5 0.3578125 0.26953125 0.0078125 0.0109375
5 0.36015625 0.2109375 0.0109375 0.0171875
5 0.371875 0.31171875 0.0078125 0.0109375
5 0.39609375 0.3390625 0.0078125 0.0109375
5 0.44140625 0.34140625 0.009375 0.0140625
5 0.44140625 0.290625 0.0078125 0.0140625
5 0.5078125 0.3265625 0.00625 0.0078125
5 0.62421875 0.371875 0.0078125 0.0125
5 0.68515625 0.43671875 0.009375 0.0171875
5 0.4203125 0.45 0.0078125 0.009375
5 0.478125 0.459375 0.0078125 0.00625
5 0.4015625 0.171875 0.009375 0.0125
5 0.38984375 0.15390625 0.00625 0.0109375
5 0.3421875 0.1859375 0.009375 0.0078125
5 0.38359375 0.3 0.00625 0.0078125
5 0.35 0.36015625 0.0078125 0.0078125
5 0.3609375 0.41796875 0.0078125 0.00625
5 0.359375 0.44921875 0.0046875 0.009375
5 0.38515625 0.4828125 0.0078125 0.0109375
5 0.41015625 0.48984375 0.0046875 0.009375
5 0.39765625 0.515625 0.0078125 0.009375