5 0.4703125 0.57578125 0.025 0.0203125
5 0.6015625 0.69765625 0.025 0.0171875
5 0.5359375 0.890625 0.021875 0.0109375
5 0.25078125 0.9265625 0.01875 0.0171875
5 0.20234375 0.96796875 0.0125 0.015625
5 0.1375 0.878125 0.01875 0.015625
5 0.12421875 0.91953125 0.0125 0.0140625
5 0.1 0.94609375 0.01875 0.01875
5 0.109375 0.54375 0.0171875 0.0203125
5 0.18515625 0.353125 0.01875 0.025
5 0.2171875 0.50234375 0.0203125 0.0140625
5 0.271875 0.509375 0.0171875 0.0140625
5 0.734375 0.603125 0.015625 0.0078125
5 0.7859375 0.6921875 0.0203125 0.0171875
5 0.975 0.7875 0.0265625 0.01875
5 0.5640625 0.53046875 0.0171875 0.01875
5 0.6453125 0.390625 0.0265625 0.0265625
5 0.73046875 0.428125 0.0265625 0.021875
5 0.73984375 0.56640625 0.025 0.015625
5 0.66640625 0.59609375 0.028125 0.0125
5 0.84765625 0.79296875 0.025 0.0140625
5 0.65390625 0.85390625 0.0125 0.0125
5 0.18203125 0.81015625 0.015625 0.0171875
5 0.43671875 0.29453125 0.021875 0.0328125