5 0.53046875 0.10859375 0.0125 0.021875
5 0.3953125 0.58984375 0.0171875 0.0359375
5 0.39453125 0.45234375 0.0125 0.0328125
5 0.24921875 0.671875 0.009375 0.0390625
5 0.259375 0.80234375 0.0109375 0.028125
5 0.19609375 0.6828125 0.0109375 0.028125
5 0.659375 0.2921875 0.0140625 0.0234375
5 0.6640625 0.0921875 0.0171875 0.0359375
5 0.859375 0.53125 0.0140625 0.0171875
5 0.34375 0.490625 0.0140625 0.0390625
5 0.33046875 0.64453125 0.0125 0.0359375
5 0.37109375 0.6640625 0.015625 0.0359375
5 0.25859375 0.49765625 0.0125 0.0265625
5 0.22265625 0.5375 0.009375 0.028125