5 0.49375 0.58203125 0.0171875 0.0171875
5 0.29609375 0.41328125 0.0109375 0.0140625
5 0.29921875 0.35625 0.0078125 0.0109375
5 0.20625 0.37265625 0.0109375 0.0125
5 0.17578125 0.4421875 0.0109375 0.0140625
5 0.13046875 0.4796875 0.0109375 0.009375
5 0.09140625 0.4484375 0.0125 0.015625
5 0.19140625 0.09296875 0.0109375 0.0171875
5 0.23125 0.17578125 0.009375 0.0109375
5 0.25078125 0.203125 0.0109375 0.0078125
5 0.18984375 0.2453125 0.009375 0.0125
5 0.1640625 0.225 0.00625 0.0125
5 0.63515625 0.80234375 0.021875 0.0140625
5 0.53125 0.46171875 0.0140625 0.025
5 0.61640625 0.53515625 0.0140625 0.0171875
5 0.18125 0.7484375 0.009375 0.015625
5 0.22578125 0.5984375 0.009375 0.0265625
5 0.25546875 0.6140625 0.0109375 0.01875
5 0.26875 0.559375 0.0109375 0.0171875