5 0.42265625 0.34765625 0.0296875 0.021875
5 0.4484375 0.20859375 0.01875 0.0109375
5 0.24296875 0.2171875 0.021875 0.0171875
5 0.20859375 0.13046875 0.0296875 0.009375
5 0.2078125 0.184375 0.0140625 0.021875
5 0.128125 0.31015625 0.021875 0.0125
5 0.128125 0.33515625 0.021875 0.0125
5 0.0859375 0.36796875 0.01875 0.015625
5 0.0453125 0.3609375 0.0203125 0.0125
5 0.1203125 0.4484375 0.0328125 0.0171875
5 0.0796875 0.44140625 0.01875 0.0140625
5 0.07734375 0.54453125 0.01875 0.01875
5 0.1296875 0.57890625 0.0203125 0.0171875
5 0.125 0.67421875 0.0296875 0.0171875
5 0.1328125 0.6140625 0.0140625 0.0078125
5 0.21015625 0.67734375 0.01875 0.0125
5 0.15703125 0.70078125 0.021875 0.0125
5 0.24296875 0.78828125 0.0140625 0.0203125
5 0.1765625 0.81640625 0.0171875 0.015625
5 0.58203125 0.8765625 0.0203125 0.0171875
5 0.540625 0.6640625 0.01875 0.0109375
5 0.40078125 0.71640625 0.0375 0.028125
5 0.3875 0.5953125 0.0296875 0.0265625
5 0.32890625 0.48125 0.021875 0.0265625
5 0.61015625 0.19375 0.0375 0.0171875
5 0.43828125 0.05078125 0.025 0.0203125
5 0.31328125 0.1625 0.021875 0.015625
5 0.3359375 0.19765625 0.01875 0.01875
5 0.6984375 0.2484375 0.059375 0.0265625
5 0.80703125 0.14453125 0.046875 0.03125
5 0.70546875 0.0921875 0.028125 0.021875
5 0.890625 0.615625 0.0296875 0.0265625
5 0.7625 0.76796875 0.028125 0.0203125
5 0.89765625 0.81640625 0.025 0.021875
5 0.52578125 0.93359375 0.0265625 0.015625
5 0.56484375 0.5234375 0.01875 0.0171875
5 0.4296875 0.3125 0.025 0.0203125
5 0.22890625 0.29609375 0.025 0.01875
5 0.1921875 0.375 0.0140625 0.0203125
5 0.21328125 0.40625 0.025 0.0171875
5 0.16484375 0.41875 0.0296875 0.021875
5 0.2796875 0.37265625 0.0328125 0.01875
5 0.203125 0.33359375 0.03125 0.01875
5 0.36953125 0.015625 0.0328125 0.0140625