5 0.66328125 0.23984375 0.0109375 0.00625
5 0.63515625 0.2671875 0.0109375 0.009375
5 0.76484375 0.19296875 0.015625 0.0109375
5 0.76796875 0.28515625 0.0171875 0.0109375
5 0.76640625 0.22109375 0.015625 0.009375
5 0.83046875 0.24375 0.0171875 0.0140625
5 0.8703125 0.275 0.0171875 0.0109375
5 0.90078125 0.27734375 0.015625 0.0109375
5 0.8859375 0.34375 0.0109375 0.0109375
5 0.853125 0.35859375 0.009375 0.0125
5 0.8296875 0.3984375 0.01875 0.009375
5 0.4203125 0.271875 0.0171875 0.0125
5 0.4859375 0.22578125 0.0140625 0.009375
5 0.5609375 0.184375 0.0125 0.009375
5 0.55390625 0.21953125 0.0125 0.009375
5 0.52734375 0.2671875 0.021875 0.00625
5 0.57265625 0.26484375 0.0125 0.009375
5 0.52421875 0.2828125 0.015625 0.00625
5 0.6390625 0.22109375 0.015625 0.0125
5 0.67734375 0.21875 0.0171875 0.009375
5 0.73125 0.20859375 0.0125 0.0109375
5 0.71875 0.1765625 0.015625 0.009375
5 0.7515625 0.17109375 0.0171875 0.0109375
5 0.8171875 0.18671875 0.0078125 0.009375
5 0.6828125 0.1625 0.015625 0.009375
5 0.48828125 0.26171875 0.0140625 0.0109375
5 0.72421875 0.25703125 0.0046875 0.0078125
5 0.82890625 0.2890625 0.0140625 0.0125
5 0.85 0.3109375 0.0125 0.0140625
5 0.6703125 0.3171875 0.0171875 0.0078125
5 0.78515625 0.33828125 0.01875 0.009375