5 0.71640625 0.3640625 0.0109375 0.015625
5 0.684375 0.38203125 0.009375 0.015625
5 0.6421875 0.26953125 0.009375 0.0109375
5 0.63984375 0.2109375 0.0109375 0.0171875
5 0.628125 0.31171875 0.0078125 0.0109375
5 0.60390625 0.3390625 0.0078125 0.0109375
5 0.55859375 0.34140625 0.009375 0.0140625
5 0.55859375 0.290625 0.0078125 0.0140625
5 0.4921875 0.3265625 0.00625 0.0078125
5 0.37578125 0.371875 0.0078125 0.0125
5 0.31484375 0.43671875 0.0078125 0.0171875
5 0.5796875 0.45 0.0078125 0.009375
5 0.521875 0.459375 0.0078125 0.00625
5 0.5984375 0.171875 0.0078125 0.0125
5 0.61015625 0.15390625 0.00625 0.0109375
5 0.6578125 0.1859375 0.009375 0.0078125
5 0.61640625 0.3 0.00625 0.0078125
5 0.65 0.36015625 0.009375 0.0078125
5 0.6390625 0.41796875 0.0078125 0.00625
5 0.640625 0.44921875 0.0046875 0.009375
5 0.61484375 0.4828125 0.0078125 0.0109375
5 0.58984375 0.48984375 0.0046875 0.009375
5 0.60234375 0.515625 0.0078125 0.009375