5 0.50625 0.58203125 0.0171875 0.0171875
5 0.70390625 0.41328125 0.0109375 0.0140625
5 0.70078125 0.35625 0.009375 0.0109375
5 0.79375 0.37265625 0.0109375 0.0125
5 0.82421875 0.4421875 0.0109375 0.0140625
5 0.86953125 0.4796875 0.0109375 0.009375
5 0.90859375 0.4484375 0.0125 0.015625
5 0.80859375 0.09296875 0.0109375 0.0171875
5 0.76875 0.17578125 0.0078125 0.0109375
5 0.74921875 0.203125 0.0109375 0.0078125
5 0.81015625 0.2453125 0.0109375 0.0125
5 0.8359375 0.225 0.00625 0.0125
5 0.36484375 0.80234375 0.021875 0.0140625
5 0.46875 0.46171875 0.0140625 0.025
5 0.38359375 0.53515625 0.0140625 0.0171875
5 0.81875 0.7484375 0.0109375 0.015625
5 0.77421875 0.5984375 0.0078125 0.0265625
5 0.74453125 0.6140625 0.0109375 0.01875
5 0.73125 0.559375 0.0109375 0.0171875