5 0.46953125 0.10859375 0.0125 0.021875
5 0.6046875 0.58984375 0.0171875 0.0359375
5 0.60546875 0.45234375 0.0125 0.0328125
5 0.75078125 0.671875 0.009375 0.0390625
5 0.740625 0.80234375 0.0109375 0.028125
5 0.80390625 0.6828125 0.0109375 0.028125
5 0.340625 0.2921875 0.0140625 0.0234375
5 0.3359375 0.0921875 0.0171875 0.0359375
5 0.140625 0.53125 0.0140625 0.0171875
5 0.65625 0.490625 0.0140625 0.0390625
5 0.66953125 0.64453125 0.0125 0.0359375
5 0.62890625 0.6640625 0.015625 0.0359375
5 0.74140625 0.49765625 0.0125 0.0265625
5 0.77734375 0.5375 0.009375 0.028125