5 0.5375 0.6578125 0.0140625 0.0109375
5 0.50703125 0.73828125 0.01875 0.0078125
5 0.4453125 0.709375 0.0171875 0.0140625
5 0.37578125 0.71015625 0.0203125 0.0140625
5 0.32734375 0.6984375 0.0234375 0.0171875
5 0.1296875 0.74609375 0.021875 0.015625
5 0.12734375 0.76796875 0.0265625 0.0171875
5 0.05546875 0.75546875 0.0296875 0.015625
5 0.0296875 0.7953125 0.0265625 0.0171875
5 0.3875 0.35234375 0.0125 0.0140625
5 0.33125 0.22109375 0.0140625 0.0125
5 0.34140625 0.24140625 0.009375 0.0046875
5 0.39375 0.2609375 0.01875 0.0078125
5 0.30859375 0.2 0.0125 0.0078125
5 0.271875 0.23203125 0.0125 0.0046875
5 0.26171875 0.2546875 0.009375 0.00625
5 0.27265625 0.30390625 0.0125 0.00625
5 0.215625 0.309375 0.009375 0.0078125
5 0.1890625 0.29921875 0.0140625 0.00625
5 0.16796875 0.35390625 0.0109375 0.0046875
5 0.11640625 0.3375 0.0109375 0.00625
5 0.1203125 0.278125 0.015625 0.0125
5 0.24609375 0.37734375 0.0078125 0.00625
5 0.35546875 0.29375 0.0140625 0.0078125
5 0.3328125 0.2921875 0.0140625 0.0046875
5 0.153125 0.24140625 0.0140625 0.0109375
5 0.5484375 0.246875 0.0203125 0.009375
5 0.475 0.3140625 0.0109375 0.0078125
5 0.51875 0.359375 0.0109375 0.00625
5 0.6046875 0.4140625 0.0125 0.009375
5 0.52265625 0.42734375 0.0109375 0.0109375
5 0.5015625 0.46875 0.009375 0.0109375
5 0.3921875 0.31796875 0.009375 0.009375
5 0.3140625 0.31015625 0.009375 0.0046875
5 0.31484375 0.36484375 0.0078125 0.0046875
5 0.2765625 0.34921875 0.009375 0.00625
5 0.26015625 0.35078125 0.0078125 0.00625
5 0.45234375 0.296875 0.0109375 0.00625
5 0.23828125 0.19140625 0.0140625 0.009375
5 0.1703125 0.23125 0.0078125 0.009375
5 0.615625 0.3578125 0.0078125 0.00625
5 0.3015625 0.4125 0.0125 0.0109375