5 0.57734375 0.34765625 0.028125 0.021875
5 0.5515625 0.20859375 0.01875 0.0109375
5 0.75703125 0.2171875 0.021875 0.0171875
5 0.79140625 0.13046875 0.0296875 0.009375
5 0.7921875 0.184375 0.0125 0.021875
5 0.871875 0.31015625 0.021875 0.0125
5 0.871875 0.33515625 0.021875 0.0125
5 0.9140625 0.36796875 0.01875 0.015625
5 0.9546875 0.3609375 0.0203125 0.0125
5 0.8796875 0.4484375 0.0328125 0.0171875
5 0.9203125 0.44140625 0.01875 0.0140625
5 0.92265625 0.54453125 0.01875 0.01875
5 0.8703125 0.57890625 0.0203125 0.0171875
5 0.875 0.67421875 0.0296875 0.0171875
5 0.8671875 0.6140625 0.0140625 0.0078125
5 0.78984375 0.67734375 0.01875 0.0125
5 0.84296875 0.70078125 0.021875 0.0125
5 0.75703125 0.78828125 0.0125 0.0203125
5 0.8234375 0.81640625 0.01875 0.015625
5 0.41796875 0.8765625 0.0203125 0.0171875
5 0.459375 0.6640625 0.01875 0.0109375
5 0.59921875 0.71640625 0.0375 0.028125
5 0.6125 0.5953125 0.028125 0.0265625
5 0.67109375 0.48125 0.021875 0.0265625
5 0.38984375 0.19375 0.0375 0.0171875
5 0.56171875 0.05078125 0.0234375 0.0203125
5 0.68671875 0.1625 0.021875 0.015625
5 0.6640625 0.19765625 0.01875 0.01875
5 0.3015625 0.2484375 0.059375 0.0265625
5 0.19296875 0.14453125 0.046875 0.03125
5 0.29453125 0.0921875 0.0296875 0.021875
5 0.109375 0.615625 0.0296875 0.0265625
5 0.2375 0.76796875 0.0296875 0.0203125
5 0.10234375 0.81640625 0.025 0.021875
5 0.47421875 0.93359375 0.0265625 0.015625
5 0.43515625 0.5234375 0.01875 0.0171875
5 0.5703125 0.3125 0.025 0.0203125
5 0.77109375 0.29609375 0.025 0.01875
5 0.8078125 0.375 0.0140625 0.0203125
5 0.78671875 0.40625 0.025 0.0171875
5 0.83515625 0.41875 0.0296875 0.021875
5 0.7203125 0.37265625 0.0328125 0.01875
5 0.796875 0.33359375 0.03125 0.01875
5 0.63046875 0.015625 0.0328125 0.0140625