5 0.33671875 0.23984375 0.0109375 0.00625
5 0.36484375 0.2671875 0.0109375 0.009375
5 0.23515625 0.19296875 0.015625 0.0109375
5 0.23203125 0.28515625 0.0171875 0.0109375
5 0.23359375 0.22109375 0.015625 0.009375
5 0.16953125 0.24375 0.0171875 0.0140625
5 0.1296875 0.275 0.0171875 0.0109375
5 0.09921875 0.27734375 0.015625 0.0109375
5 0.1140625 0.34375 0.0109375 0.0109375
5 0.146875 0.35859375 0.009375 0.0125
5 0.1703125 0.3984375 0.01875 0.009375
5 0.5796875 0.271875 0.0171875 0.0125
5 0.5140625 0.22578125 0.0125 0.009375
5 0.4390625 0.184375 0.0125 0.009375
5 0.44609375 0.21953125 0.0125 0.009375
5 0.47265625 0.2671875 0.021875 0.00625
5 0.42734375 0.26484375 0.0125 0.009375
5 0.47578125 0.2828125 0.015625 0.00625
5 0.3609375 0.22109375 0.015625 0.0125
5 0.32265625 0.21875 0.0171875 0.009375
5 0.26875 0.20859375 0.0125 0.0109375
5 0.28125 0.1765625 0.015625 0.009375
5 0.2484375 0.17109375 0.0171875 0.0109375
5 0.1828125 0.18671875 0.0078125 0.009375
5 0.3171875 0.1625 0.015625 0.009375
5 0.51171875 0.26171875 0.0140625 0.0109375
5 0.27578125 0.25703125 0.0046875 0.0078125
5 0.17109375 0.2890625 0.0140625 0.0125
5 0.15 0.3109375 0.0125 0.0140625
5 0.3296875 0.3171875 0.015625 0.0078125
5 0.21484375 0.33828125 0.01875 0.009375